time_sec,Amusement,Anger,Disgust,Fear,Inspiration,Joy,Sadness,Tenderness,prob_Amusement,prob_Anger,prob_Disgust,prob_Fear,prob_Inspiration,prob_Joy,prob_Sadness,prob_Tenderness
0.0390625,False,False,True,False,False,False,False,False,0.11917151135335095,0.04386524254689755,0.3241289545429577,0.022525869668587422,0.11924750029659056,0.32415646842735696,0.04385609906503623,0.0030483540992227174
0.078125,True,False,False,False,False,False,False,False,0.36079590650399407,0.0012482631397839335,0.00922855747329107,0.0012482122562222685,0.13273119844722586,0.1327047760764273,0.0012482484193771855,0.36079483768367837
0.1171875,True,False,False,False,False,False,False,False,0.6404025086393246,0.0022154989723817053,0.044500101168187436,0.016370231400449787,0.12096378414905785,0.0022154503355006215,0.08666403671358601,0.086668388621512
0.15625,True,False,False,False,False,False,False,False,0.24050089061110924,0.016723417881807298,0.0022618286094605307,0.016723217434648236,0.24050746775265527,0.24050964993375745,0.002261940325926007,0.24051158745063597
0.1953125,False,False,True,False,False,False,False,False,0.19171691176638672,0.013324995555963432,0.5211536576826313,0.004901109043160652,0.19172148332305577,0.004901098851604373,0.07047778143764974,0.0018029623395480034
0.234375,False,False,True,False,False,False,False,False,0.144521273705037,0.0013593326341666552,0.39292209617426227,0.0036950207609356676,0.0531740675108225,0.3929247828811547,0.010044119100037071,0.0013593072335840327
0.2734375,False,False,False,False,False,False,False,True,0.10815838663946703,0.014630365353109418,0.014627121443097068,0.0003741869729718142,0.020437526743265988,0.03978976309855042,0.0027656199834641677,0.799217029766074
0.3125,False,False,False,False,True,False,False,False,0.0022070321255260243,0.08630741159157605,0.03175869438448747,0.0002986814864607143,0.6379305853636204,0.2346815190328013,0.0008119072618284292,0.006004168753699497
0.3515625,False,False,True,False,False,False,False,False,0.005999464298144337,0.00029866919909256155,0.6379183878773534,0.0008118612658914155,0.08632950052577354,0.03175800593900781,0.0022068930046204504,0.23467721789011642
0.390625,False,False,False,False,False,True,False,False,0.2335564292026501,0.0008079858562559675,0.03160815551499409,0.0008079786092450689,0.08591505638413759,0.6348688104973834,0.011627599309489095,0.0008079846258447425
0.4296875,False,False,False,False,True,False,False,False,0.04036248783491011,0.0028047228859985566,0.109721188243195,0.00037957468878964146,0.8107379292093309,0.007625614958923228,0.007624025815827021,0.020744456363025673
0.46875,False,False,False,False,False,True,False,False,0.12144974663523077,0.003104653334973077,0.008439137998349189,0.062359326495842436,0.12144202976179659,0.3301317513279852,0.33013280153152,0.022940552914302654
0.5078125,True,False,False,False,False,False,False,False,0.2539703778084603,0.0023882983121922877,0.093419731326239,0.04797589741384681,0.2539689834827032,0.09342933699535813,0.25396877974463716,0.0008785949165631397
0.546875,True,False,False,False,False,False,False,False,0.650060210688784,0.0022488286573116366,0.2391432568385921,0.0003043443472843135,0.08797548608621443,0.006112990268493954,0.011906059994569826,0.0022488231187498195
0.5859375,False,False,False,False,False,True,False,False,0.04436598853782249,0.005985687386439958,0.23416184165539763,0.01627120001208469,0.002201997513635935,0.6365113958709648,0.04422889529896502,0.0162729937246894
0.625,False,False,True,False,False,False,False,False,0.10849275373816876,0.0003753254873233148,0.8016691828411757,0.0010202411132276719,0.020499228417284146,0.007538685593622025,0.020492906424054422,0.039911676385144014
0.6640625,False,False,False,False,True,False,False,False,0.04195549165452115,0.0029152889398645003,0.041955238190446095,0.007924590037249775,0.842704639140646,0.05855700987520684,0.002915276605991785,0.0010724655560737728
0.703125,False,False,False,False,False,False,True,False,0.03421964637929027,0.0023778410502653473,0.0023778170250217264,0.25285826836062947,0.0008747548167528373,0.002377821180639656,0.6873435277326484,0.017570323454752394
0.7421875,False,False,False,False,True,False,False,False,0.06915729034027206,0.0017678005783128019,0.03550819071256616,0.0017677997161385784,0.5110132017257585,0.1879897970537569,0.004805401445482872,0.18799051842771208
0.78125,True,False,False,False,False,False,False,False,0.4579360577591341,0.0015841887006601064,0.16846494926091718,0.0005827886349993671,0.16846484812000298,0.02279828101324351,0.01170582911716394,0.16846305739387868
0.8203125,False,False,True,False,False,False,False,False,0.2472304078019733,0.0008552722394416717,0.6720427193854939,0.0003146353042018852,0.03345891631576434,0.03345823543183003,0.0063201599787355445,0.006319653542559297
0.859375,True,False,False,False,False,False,False,False,0.6831627215233884,0.000869421700178276,0.2513215027563775,0.0003198415557430609,0.0340124814228881,0.017465365205232303,0.006424432142885448,0.006424233693307054
0.8984375,True,False,False,False,False,False,False,False,0.3149579234257708,0.0010895679348748482,0.31495779191324813,0.00040082801585106026,0.31495708930843813,0.04262417546088584,0.00805087448511018,0.002961749455821029
0.9375,True,False,False,False,False,False,False,False,0.31495777039959055,0.001089568604505364,0.3149568208953051,0.0004008281292374669,0.31495763064525123,0.04262473347850813,0.008050903129423179,0.0029617447181789
0.9765625,True,False,False,False,False,False,False,False,0.3260036019449756,0.003065642141204343,0.3260040006419302,0.001127779452951907,0.3260038602227987,0.008333321926753375,0.008334015060168022,0.0011277786092177826
1.015625,True,False,False,False,False,False,False,False,0.6703441061297302,0.0023190103760927176,0.033374029429419944,0.000853110529296107,0.24660560100756762,0.012276976207288837,0.0333740570603754,0.0008531092602292928
1.0546875,True,False,False,False,False,False,False,False,0.6384791977801458,0.0008125581614875096,0.23488304210441355,0.0008125557538099664,0.08640809432756621,0.031787319479996544,0.006004676979154456,0.00081255541342603
1.09375,True,False,False,False,False,False,False,False,0.3149577095386104,0.0010895663889929933,0.3149574110737052,0.00040082796568517216,0.3149572765046493,0.042624594460010226,0.008050871127072597,0.002961742941274079
1.1328125,True,False,False,False,False,False,False,False,0.6379180995810958,0.0008118429062802555,0.08633270833043541,0.00029865912029763264,0.23467684019128202,0.03175623341886147,0.005998799241096989,0.002206817210650524
1.171875,True,False,False,False,False,False,False,False,0.6384790277407139,0.0008125612213717901,0.23488320365515636,0.0008125544165512754,0.08640827363518173,0.03178765237938363,0.006004172370343519,0.0008125545812978546
1.2109375,True,False,False,False,False,False,False,False,0.3929124129160879,0.0013592480958865925,0.14454412638464,0.0036948269591210847,0.3929118497437295,0.05317472546690934,0.010043566116547484,0.0013592443170780987
1.25,False,False,False,False,True,False,False,False,0.08640849185447234,0.0008125568131846947,0.2348829288210193,0.0008125550852914893,0.6384791229228887,0.03178777077567218,0.006004019927198421,0.0008125538002730066
1.2890625,True,False,False,False,False,False,False,False,0.6720429251580109,0.00031463562443118434,0.2472307913225774,0.0008552667764283656,0.03345828641586755,0.033458729458203385,0.0063197406902967025,0.00631962455418455
1.328125,True,False,False,False,False,False,False,False,0.6379158352136773,0.00029865794193660605,0.08633247471216969,0.002206797728699974,0.2346757975870737,0.0317598872021848,0.005998713180788289,0.000811836433469639
1.3671875,True,False,False,False,False,False,False,False,0.6479289825941726,0.0008245819559037122,0.08768755089298828,0.0003033454798586781,0.23835888367002123,0.01656229150677039,0.006092921883433517,0.002241442016851555
1.40625,True,False,False,False,False,False,False,False,0.3616323746910015,0.0034006545191042816,0.13303680704380338,0.000460227534230367,0.36163232940660994,0.0034006547054818183,0.133036300212867,0.0034006518869015992
1.4453125,True,False,False,False,False,False,False,False,0.7039237992886689,0.0008958411177497932,0.09526544265838982,0.00032956091490113435,0.09526545934488732,0.006619427499114007,0.09526531506324695,0.002435154113042045
1.484375,False,False,True,False,False,False,False,False,0.23835921212191716,0.0008245799181954846,0.6479272040380004,0.00030334501419294907,0.08768700929382675,0.016564237544400846,0.00609294776403507,0.002241464305431282
1.5234375,True,False,False,False,False,False,False,False,0.6442529056640068,0.0008199031561969716,0.2370073377378379,0.0003016244918131476,0.08718999572273758,0.01646818453004054,0.011731312309010746,0.0022287363883561895
1.5625,True,False,False,False,False,False,False,False,0.6831628678166454,0.0008694205453123982,0.2513215256322716,0.0003198411582415948,0.03401253567239934,0.017462901573838514,0.006426695098220794,0.006424212503070392
1.6015625,True,False,False,False,False,False,False,False,0.6379165160762005,0.0008118386643454776,0.2346763192817118,0.00029865815108466424,0.0863317704643558,0.031759329587997966,0.005998757132907142,0.002206810641396677
1.640625,False,False,True,False,False,False,False,False,0.1483705065713915,0.010309422701942175,0.4033125579998728,0.0005132733375398139,0.40331255262965016,0.020079682091356257,0.010309395295719934,0.003792609372527447
1.6796875,False,False,True,False,False,False,False,False,0.058022295862816785,0.010959174828245773,0.4287298954128974,0.00054562072960005,0.4287300435414183,0.05802225063000742,0.010959095745789627,0.004031623249224719
1.71875,False,False,True,False,False,False,False,False,0.058115919408115585,0.01097684947983309,0.4294221277004793,0.001485543682442975,0.42942130431704656,0.05811592246834383,0.010976789317253483,0.00148554362648523
1.7578125,False,False,True,False,False,False,False,False,0.1451264768881369,0.0037097143580155497,0.39449546772395977,0.0037096945803640363,0.3944953724282493,0.05338885275338052,0.003709703708168765,0.0013647175597253467
1.796875,True,False,False,False,False,False,False,False,0.3260043588238031,0.0030656590267239612,0.3260021753203764,0.0011277842973492437,0.32600508534311873,0.008333798307424577,0.008333357001730303,0.0011277818794737703
1.8359375,True,False,False,False,False,False,False,False,0.31533070664448215,0.0010908622531522348,0.31533051357218717,0.0010908554387334402,0.31533047615221427,0.04267509620316487,0.008060635654310552,0.0010908540817554618
1.875,True,False,False,False,False,False,False,False,0.6485092997693713,0.0008253238149153755,0.08776602197585286,0.0008253197503617834,0.23857263232688586,0.0165777008959544,0.006098380023685308,0.000825321442973236
1.9140625,False,False,True,False,False,False,False,False,0.13254752475335072,0.00045854009082986133,0.3603007448928366,0.0033881724000304554,0.36030159795540273,0.13254692071176874,0.009210065953093457,0.0012464332426874783
1.953125,True,False,False,False,False,False,False,False,0.687342436138894,0.0023778509569916026,0.01757017796537095,0.0023778862869253633,0.2528595443800247,0.0023778179455669433,0.03421954096469321,0.000874745361533207
1.9921875,True,False,False,False,False,False,False,False,0.4096179165840692,0.0038519985986676386,0.010476961267709275,0.0014170807592504392,0.1506909425910275,0.010471226077986047,0.4096218781579321,0.0038519959633577464
2.03125,False,False,True,False,False,False,False,False,0.0012464474742002894,0.00045854078908839967,0.3603035250446342,0.003388191567665906,0.13254717808394575,0.13254777701744833,0.3602982518575741,0.009210088165442934
2.0703125,False,False,True,False,False,False,False,False,0.006924787365629916,0.0009371258976634655,0.7363583008850589,0.0003447470498887104,0.0511657323174517,0.004961234418248518,0.0996538578022959,0.0996542142637629
2.109375,False,False,False,False,False,False,False,True,0.09561081734528269,0.0024440590655627255,0.0008991117744901171,0.0008991083480489403,0.09560947416854013,0.0024440352553553773,0.09561063513620831,0.7064827589065118
2.1484375,False,False,False,False,False,False,True,False,0.14318217976524464,0.05266925595576841,0.0013464666751734442,0.0013464918075937239,0.0036600976182558365,0.019372213212133227,0.3892108971742349,0.3892123977915959
2.1875,True,False,False,False,False,False,False,False,0.5224971993005721,0.07070744231133137,0.07070418464768317,0.0006649693866279914,0.07069793843087192,0.07070786510151722,0.0018075731215053102,0.19221282769989084
2.2265625,False,False,True,False,False,False,False,False,0.08063558042044876,0.21913097393754616,0.5958317580545763,0.0007582816326555356,0.04140393568139804,0.015230824301956603,0.005603129427651786,0.041405516543766965
2.265625,False,False,True,False,False,False,False,False,0.020520806119044263,0.03990949535096242,0.8016564213299562,0.000375318913239346,0.108486437815423,0.0010202323889330772,0.0075391872931314385,0.02049210078931019
2.3046875,False,False,True,False,False,False,False,False,0.013430299898573849,0.0009332563198653786,0.7333171049650096,0.0003433236256693311,0.09924273072063357,0.002536855789780595,0.09923936694449635,0.05095706173597153
2.34375,False,False,False,False,True,False,False,False,0.0656686475644618,0.0006175282967634023,0.17850602926152406,0.0016786122321570238,0.48522934082682506,0.024138351492557077,0.17850581902239301,0.06565567130331838
2.3828125,True,False,False,False,False,False,False,False,0.49881709512741057,0.000634818920022765,0.18350534285959358,0.0017256138381062229,0.18350405743002746,0.02483460127592959,0.012750790489386949,0.09422768005952295
2.421875,False,False,True,False,False,False,False,False,0.19068997524859385,0.001793185199741298,0.5183507218597759,0.0006596731848258017,0.19069043990797455,0.02578033047767495,0.036018061523643466,0.03601761259777002
2.4609375,True,False,False,False,False,False,False,False,0.6720425693990976,0.00031463553842368,0.24723071778144048,0.0008552667390555465,0.03345894953975461,0.0063196316837157585,0.03345856971729309,0.006319659601219252
2.5,False,False,True,False,False,False,False,False,0.23488323082147622,0.0008125531587230749,0.6384787976944245,0.0008125518220411419,0.08640845679601195,0.03178781437781786,0.006004042872717377,0.0008125524567881141
2.5390625,True,False,False,False,False,False,False,False,0.6379183258572162,0.0008118398365068049,0.23467703447601676,0.00029865878927917407,0.08633237629554359,0.03175619651229899,0.00599875662377687,0.0022068116093615217
2.578125,True,False,False,False,False,False,False,False,0.6379162365739702,0.000811840827045834,0.08633252054992498,0.000298658395943395,0.234675728706486,0.03175947064518619,0.00599873466837519,0.002206809633068311
2.6171875,False,False,True,False,False,False,False,False,0.044668499178537296,0.08699392296588247,0.6428267743651103,0.0008180926488659854,0.08699627183103338,0.08697917929513356,0.006045018156525877,0.044672241558911155
2.65625,False,False,False,False,False,False,True,False,0.25464680176178506,0.0023946479204575138,0.002394620150388838,0.0008809293836272191,0.006509264359780844,0.0065092735878284165,0.6922021013825501,0.034462361453582044
2.6953125,False,False,False,False,False,False,False,True,0.031786598674579544,0.0008125680156822752,0.0060041321593465756,0.0008125661117155346,0.23488408208399125,0.08640706609878036,0.0008125680676666884,0.6384804187882378
2.734375,False,False,True,False,False,False,False,False,0.08645642397227182,0.000813054778875392,0.6388642279454472,0.006007767676997923,0.04439675361247813,0.12067094942253813,0.016330988760508026,0.08645983383088336
2.7734375,False,False,False,False,True,False,False,False,0.0041738322682736565,0.16325212545456028,0.16327988264355084,0.0005648622444740447,0.44384595577658026,0.06006695723875518,0.001535452503659444,0.16328093187014625
2.8125,False,False,False,False,False,False,False,True,0.013430669590871106,0.05096680512298098,0.09924205357769904,0.00034331926670914763,0.0009333672933222539,0.0025409685147493757,0.0992388873022091,0.7333039293314589
2.8515625,False,False,True,False,False,False,False,False,0.005390763930455693,0.01465450309679815,0.5732372972071971,0.0399476132091371,0.0007295463859711795,0.07757911148972067,0.21088112999263695,0.07758003468808325
2.890625,True,False,False,False,False,False,False,False,0.6522443183748825,0.0003053688345707577,0.08827160741419135,0.000830077804796034,0.239947971359776,0.006133581556289938,0.006133558109426704,0.006133516546066694
2.9296875,True,False,False,False,False,False,False,False,0.6479278392520389,0.0008245812573263121,0.08768739651736612,0.0003033454948790644,0.238358819872635,0.016563634419923912,0.006092938210182667,0.002241444975647988
2.96875,False,False,True,False,False,False,False,False,0.23467625106163745,0.0008118399423641838,0.6379159502625359,0.00029865805586805133,0.08633213526915841,0.03175961796039895,0.005998739942372621,0.0022068075056644485
3.0078125,True,False,False,False,False,False,False,False,0.3149578670258456,0.0010895685704826923,0.31495764819853755,0.0004008277918518208,0.31495700344779726,0.04262446421054674,0.008050872909052712,0.0029617478458854964
3.046875,True,False,False,False,False,False,False,False,0.314957808152306,0.0010895657267423345,0.31495748966275966,0.0004008273311910454,0.3149568010270801,0.042624423024023805,0.008051340637817952,0.0029617444380789686
3.0859375,False,False,True,False,False,False,False,False,0.2346765390270925,0.000811840036692469,0.637916884543092,0.0002986584002377747,0.08633227905545987,0.03175823010880212,0.005998756891521512,0.00220681193710177
3.125,True,False,False,False,False,False,False,False,0.314957816797833,0.0010895654070183626,0.3149577393723418,0.0004008272620643931,0.3149568536940323,0.04262454595492676,0.008050909803376154,0.002961741708407228
3.1640625,False,False,True,False,False,False,False,False,0.23467618491317718,0.0008118379993300596,0.6379159333104726,0.00029865778225780874,0.08633197512279443,0.03175981936843449,0.005998788479060824,0.002206803024472604
3.203125,False,False,True,False,False,False,False,False,0.2346761308992938,0.0008118397542983537,0.6379158982646631,0.00029865843205386365,0.08633212542551764,0.03175980503213954,0.005998734004143092,0.002206808187890568
3.2421875,True,False,False,False,False,False,False,False,0.3149577178686953,0.0010895684871266612,0.31495741256694093,0.0004008281331903599,0.3149571049424528,0.0426247430699031,0.008050877875467505,0.0029617470562232104
3.28125,True,False,False,False,False,False,False,False,0.31495768411028524,0.001089567401347956,0.3149575834974921,0.0004008277653659773,0.3149569265821975,0.042624795253028515,0.008050871532728219,0.0029617438575543654
3.3203125,True,False,False,False,False,False,False,False,0.31495760957607555,0.0010895681982047215,0.31495759069352297,0.00040082763669560225,0.3149570639223721,0.04262472223364479,0.008050874851960571,0.0029617428875236876
3.359375,True,False,False,False,False,False,False,False,0.3153308202304162,0.0010908561965424553,0.3153307340984892,0.001090852969373701,0.31533027321814394,0.042675188036597055,0.008060421249117664,0.0010908540013197447
3.3984375,True,False,False,False,False,False,False,False,0.31495750760711255,0.0004008287946841907,0.3149573327273212,0.002961743293119649,0.3149574912887095,0.04262467654622816,0.008050854321760753,0.001089565421063964
3.4375,False,False,True,False,False,False,False,False,0.1469475345651977,0.02775543810670794,0.39944514470559905,0.0013818407195024566,0.39944492766595385,0.0198870375696805,0.003756236749988609,0.0013818399173699774
3.4765625,True,False,False,False,False,False,False,False,0.3230567329280995,0.0030379259852708717,0.32305746926230233,0.0004111362855715464,0.3230570039146524,0.016083877334390425,0.0030379244349443596,0.008257929854768557
3.515625,True,False,False,False,False,False,False,False,0.3149576219651826,0.0010895666441728764,0.3149574559337013,0.0004008271672950377,0.3149571282261942,0.042624681162378296,0.008050980763891191,0.002961738137184504
3.5546875,True,False,False,False,False,False,False,False,0.6384806646203391,0.0008125573915497161,0.2348839210081786,0.0008125550017267325,0.08640574986491502,0.03178794688841565,0.006004049280517437,0.0008125559443577729
3.59375,True,False,False,False,False,False,False,False,0.3907677916504735,0.0013518215331134527,0.39076773864881875,0.0004973063678546993,0.14375502597304576,0.05288292476275385,0.009988690152951138,0.009988700910988885
3.6328125,True,False,False,False,False,False,False,False,0.6379159135042682,0.0008118388275374485,0.08633240901422991,0.00029865774444735367,0.23467580768348592,0.0317597974025935,0.005998774717854239,0.002206801105583346
3.671875,False,False,True,False,False,False,False,False,0.03726952248470793,0.0025896464130863136,0.7485795030929604,0.000952673816310725,0.10130830360645214,0.10130829151904323,0.007039384625446554,0.0009526744419927361
3.7109375,False,False,False,True,False,False,False,False,0.0011139122942919139,0.00823086993621298,0.008230771336731836,0.32199397144917175,0.321994314263107,0.32199531302611833,0.0004097853103740836,0.01603106238399202
3.75,False,False,False,False,False,True,False,False,0.06690234927780592,0.001710265886726358,0.0017102632306280482,0.18187189041035093,0.18187057143873095,0.49437892786233617,0.004649070280051475,0.06690666161337012
3.7890625,False,False,False,False,False,True,False,False,0.10277372820334502,0.00035555123517436334,0.10277800422729014,0.0009664866095155605,0.007141733994256651,0.7594303636013217,0.007141586261170381,0.019412545867926154
3.828125,True,False,False,False,False,False,False,False,0.12957394575711625,0.002372372146501897,0.2522822019612333,0.0008727436544338318,0.01752976209289242,0.0928083608937323,0.25227959648058945,0.25228101701350053
3.8671875,False,False,False,False,False,False,False,True,0.25829374389442833,0.000893556677914701,0.017947853190697617,0.0008935495945004303,0.0066505173123711184,0.006602613884997565,0.006602636903700915,0.7021155285413895
3.90625,True,False,False,False,False,False,False,False,0.4909861089741486,0.012550497794379868,0.18062367185710188,0.0006248500639352083,0.06644646771254684,0.1806226881327401,0.0016985224224442658,0.06644719304270313
3.9453125,True,False,False,False,False,False,False,False,0.6831650486709863,0.0008694242152799495,0.2513223136511152,0.00031984201546631966,0.03401202323811477,0.017462888680328997,0.006424228765253296,0.006424230763455174
3.984375,False,False,True,False,False,False,False,False,0.23467588693333385,0.0008118359958240745,0.6379153147415311,0.00029865726193403243,0.08633211791143938,0.03175932712850345,0.006000058952303873,0.0022068010751303
4.0234375,True,False,False,False,False,False,False,False,0.6379160440093085,0.000811836678356749,0.23467617767390167,0.0002986575380831365,0.08633224532836091,0.03175949831164403,0.0059987383803997395,0.0022068020799451992
4.0625,True,False,False,False,False,False,False,False,0.6379178115611945,0.0008118398368339043,0.2346769069132198,0.00029865855208630683,0.08632936899307019,0.031759861867858695,0.005998744917683715,0.002206807358052791
4.1015625,True,False,False,False,False,False,False,False,0.315974143490129,0.0004021224490917706,0.31597408933730176,0.0029713058205975205,0.31597357550677696,0.04276215228864218,0.0029713044764855486,0.002971306630975327
4.140625,False,False,True,False,False,False,False,False,0.14433137918440228,0.0036893747129701717,0.39233249218052496,0.0004992995906510181,0.39233287170795283,0.05309649076213176,0.010028733310785262,0.0036893585505817865
4.1796875,False,False,True,False,False,False,False,False,0.13254746978497167,0.00045853540183641363,0.3603008800591182,0.003388136403890642,0.3603012997259772,0.13254733996813253,0.009209912735137904,0.0012464259209353902
4.21875,False,False,True,False,False,False,False,False,0.04226255779811767,0.0079824792038047,0.8488684994904547,0.0003974219249103055,0.04226149747383801,0.04226262805857318,0.00798246980624611,0.007982446244055327
4.2578125,False,False,True,False,False,False,False,False,0.10317999149923514,0.0009702701762876392,0.7624039065951664,0.0009702653324727904,0.007169416086876981,0.10317994786849172,0.019488741542911532,0.002637460898557767
4.296875,False,False,True,False,False,False,False,False,0.23467601048732487,0.00029865854445152584,0.6379158860857775,0.002206803310243551,0.08633225065877112,0.03175982497103743,0.005998728205152666,0.0008118377372411507
4.3359375,True,False,False,False,False,False,False,False,0.6348683991643086,0.0008079601081437637,0.2335550134491358,0.000807957072644553,0.08591978542502482,0.03160602364325754,0.011626904009663513,0.000807957127821365
4.375,True,False,False,False,False,False,False,False,0.6379158395920597,0.00029865783775621696,0.23467602278227495,0.002206797424456139,0.08633223485913272,0.03175989334487968,0.005998718345852057,0.0008118358135884952
4.4140625,False,False,True,False,False,False,False,False,0.2346762728460772,0.0008118387214843006,0.6379164062954605,0.0002986577407266674,0.08633216702521046,0.031759116083818234,0.005998740029119118,0.002206801258103518
4.453125,True,False,False,False,False,False,False,False,0.6720424049322915,0.0008552671393216237,0.24723058499411027,0.0003146348298146968,0.033458826853788246,0.03345884208177006,0.006319815178360576,0.006319623990543079
4.4921875,True,False,False,False,False,False,False,False,0.6479287534173285,0.0008245816474626874,0.23835961529037872,0.00030334532519334713,0.08768715287715523,0.01656218501336085,0.006092927209898389,0.002241439219222216
4.53125,True,False,False,False,False,False,False,False,0.6379159335161045,0.0002986580072328575,0.23467620108702658,0.0008118354091493248,0.08633228200453386,0.031759479054385385,0.00599880907577603,0.0022068018457913753
4.5703125,False,False,True,False,False,False,False,False,0.23835946571781788,0.0003033459228435367,0.6479282876743411,0.002241437604539142,0.0060928838662362254,0.08768746332947962,0.016562537090027647,0.0008245787947147206
4.609375,True,False,False,False,False,False,False,False,0.5287189710020274,0.000672878478435393,0.03679379230687441,0.004971929111374003,0.19450366537193955,0.013515393333589254,0.026322415644521528,0.19450095475123835
4.6484375,False,False,False,False,True,False,False,False,0.19171039969310893,0.004900542378250284,0.19171144676497626,0.0018027963150198357,0.5211265563955904,0.07052579818560198,0.004900526448038951,0.013321933819413432
4.6875,False,False,False,False,False,True,False,False,0.2519686469531589,0.002369434797672113,0.006440782897681354,0.017508392999545996,0.034100210739545465,0.6849224306212006,0.00032066661612602357,0.0023694343750695727
4.7265625,True,False,False,False,False,False,False,False,0.7064826767857291,0.000899099115551882,0.09561196278312205,0.0008990974877415478,0.09560736034070702,0.09561179489609235,0.0024440024685203265,0.0024440061225358524
4.765625,True,False,False,False,False,False,False,False,0.6379158445041118,0.0002986579529895336,0.23467614454916544,0.0022067966525433115,0.08633217394739018,0.031759821428342244,0.005998725216438253,0.000811835749019079
4.8046875,False,False,True,False,False,False,False,False,0.23835947554274972,0.00030334557059508643,0.647928491497304,0.0022414372573809575,0.016562450113527,0.08768733684017803,0.006092884965021602,0.0008245782132436715
4.84375,True,False,False,False,False,False,False,False,0.6384786903780073,0.0008125548301820717,0.08640866374630293,0.0008125527960952806,0.23488304455631545,0.03178793550025088,0.006004004189627069,0.0008125540032191067
4.8828125,False,False,True,False,False,False,False,False,0.1443312648172854,0.0036893582832500313,0.3923333205523503,0.0004992985541181363,0.3923322470053971,0.05309640095084771,0.010028763067635038,0.00368934676911631
4.921875,True,False,False,False,False,False,False,False,0.3149575649180128,0.0010895634733019985,0.3149575990756963,0.0004008270715914423,0.3149570957933552,0.042624775449904034,0.00805083582133358,0.002961738396804526
4.9609375,True,False,False,False,False,False,False,False,0.6720437380281187,0.0008552707345411255,0.24723114084782247,0.0003146355267099373,0.03345875167928892,0.033457131401153285,0.006319698312150712,0.006319633470214859
5.0,True,False,False,False,False,False,False,False,0.6831641726741875,0.0008694224386310881,0.25132219870749795,0.00031984193211423965,0.03401262157052466,0.017463200215974556,0.0064243163370545555,0.006424226124015505
5.0390625,True,False,False,False,False,False,False,False,0.6831642964002073,0.0008694228475402529,0.2513223118982243,0.0003198420725112282,0.03401263951764021,0.017462955064842536,0.00642429514933091,0.00642423704970335
5.078125,True,False,False,False,False,False,False,False,0.679030378850911,0.000864161537287436,0.24980148467293659,0.0003179065980512774,0.033806787235404846,0.017357218609912586,0.01243671095267834,0.006385351542817922
5.1171875,False,False,True,False,False,False,False,False,0.2519688516074549,0.0003206654413681582,0.684922729539376,0.002369412754734063,0.03409988597604093,0.017508188058219788,0.0064408506270109845,0.0023694159957951305
5.15625,False,False,True,False,False,False,False,False,0.24496585312604277,0.00031175372001949477,0.6658867589608485,0.002303561538790478,0.0462703784029251,0.03315246524239056,0.006261795430018806,0.0008474335789643177
5.1953125,False,False,True,False,False,False,False,False,0.031759915836558635,0.000298659566062559,0.637916666176527,0.0022068148391016147,0.005998786698623061,0.2346764802178617,0.08633083665695623,0.0008118400083093758
5.234375,False,False,False,True,False,False,False,False,0.05267342681968028,0.001346432065279686,0.019376870213319786,0.3892081105715987,0.14318073833636422,0.38920801173454567,0.003659976557743999,0.0013464337014676782
5.2734375,False,False,True,False,False,False,False,False,0.05317477713954212,0.001359243157926838,0.3929118673305669,0.01004354858267342,0.14454404258922685,0.39291248104035864,0.0036948003918434477,0.0013592397678617563
5.3125,False,False,True,False,False,False,False,False,0.13272706410098078,0.0012481194664224291,0.36078951769530676,0.0012481145622769408,0.3607895809729573,0.13272710063461543,0.009222388344844486,0.00124811422259577
5.3515625,True,False,False,False,False,False,False,False,0.31495761501419994,0.0010895646961564282,0.31495720589846427,0.00040082723480116595,0.31495733704699597,0.04262479992540908,0.008050905966970135,0.0029617442170029452
5.390625,True,False,False,False,False,False,False,False,0.652245188587334,0.006133482146903014,0.08827166344779243,0.00030536661264057277,0.2399471821708013,0.006133544643148901,0.0008300792814041718,0.00613349310997549
5.4296875,True,False,False,False,False,False,False,False,0.6495086054610008,0.00224692974761447,0.08790137931008177,0.0003040855176196099,0.23894089772321997,0.016604084664061373,0.0022471067286219722,0.0022469108477801204
5.46875,True,False,False,False,False,False,False,False,0.429401364212124,0.000546475564768457,0.42940217012257065,0.0014854697217469583,0.05811296975619238,0.02983681537666551,0.021378039710991795,0.02983669553494031
5.5078125,True,False,False,False,False,False,False,False,0.36030060177969675,0.0004585368004615415,0.13254733146766665,0.0033881815712831207,0.13254781446070535,0.009210066815082513,0.0012464322544907271,0.36030103485061343
5.546875,False,False,True,False,False,False,False,False,0.17116406270221396,0.0005921268414488119,0.4652731113151532,0.004375258616386138,0.171164237276246,0.17116272764945673,0.01189320737515154,0.004375268223943458
5.5859375,True,False,False,False,False,False,False,False,0.6479288082529967,0.0008245824420123641,0.08768740317840883,0.0003033459521407961,0.23835914724109356,0.006092915817980106,0.016562340584578762,0.002241456530788886
5.625,True,False,False,False,False,False,False,False,0.3149634151973556,0.0010895868373111913,0.3149632638602489,0.0004008344909665126,0.3149629853540513,0.042602764000205386,0.008055348207345247,0.0029618020525157694
5.6640625,False,False,True,False,False,False,False,False,0.24980216687406276,0.0008641651033822383,0.6790326558427818,0.0003179075357819019,0.03380686982354888,0.017357373322656532,0.012433496488579887,0.0063853650092059126
5.703125,False,False,True,False,False,False,False,False,0.23467663558991644,0.0008118383476677231,0.6379173494751375,0.00029865809040393075,0.08632995532375626,0.031759905621004954,0.00599885337618864,0.0022068041759247055
5.7421875,False,False,True,False,False,False,False,False,0.24785764979187225,0.00031543312540092185,0.6737472090454187,0.0023307508193781768,0.03353875350549488,0.03354379473811507,0.006335654885291206,0.002330754089028688
5.78125,False,False,True,False,False,False,False,False,0.23467617763441934,0.00029865804155501717,0.6379160753893062,0.0022067988274877275,0.08633189541586382,0.031759832886215006,0.0059987254227731966,0.000811836382379853
5.8203125,True,False,False,False,False,False,False,False,0.6479284934472769,0.0008245802162490018,0.23835946442463854,0.00030334531613676906,0.08768746962381177,0.016562317864233254,0.00609288763672875,0.0022414414709251147
5.859375,False,False,True,False,False,False,False,False,0.2383595080080276,0.0008245810530229428,0.6479284547857642,0.0003033452395026809,0.08768722963541516,0.01656248621694518,0.0060929562869106255,0.0022414387744116807
5.8984375,True,False,False,False,False,False,False,False,0.6379158424218352,0.0002986579333090003,0.23467610020514626,0.0022067970518271857,0.08633220082833246,0.03175984475943491,0.005998721039691923,0.0008118357604230271
5.9375,False,False,True,False,False,False,False,False,0.23467609778931126,0.0002986580455944793,0.6379159353398872,0.002206800277583191,0.08633217626014716,0.031759783678339565,0.0059987117229520995,0.0008118368861849828
5.9765625,True,False,False,False,False,False,False,False,0.6379162604845066,0.0008118397585661715,0.08633249525914179,0.0002986582021166496,0.23467553730395704,0.03175968084301075,0.005998724298013037,0.002206803850688044
6.015625,True,False,False,False,False,False,False,False,0.4276157154249558,0.080808884532659,0.4276156515865583,0.0005442028495723453,0.01093110607733077,0.021274419500145893,0.0014793404658385001,0.029730679562939233
6.0546875,False,False,True,False,False,False,False,False,0.0006584220734353778,0.01322491930978506,0.5173610543955044,0.013224940619842172,0.19032487321481656,0.004865657573075594,0.07001408159504412,0.19032605121849672
6.09375,False,False,False,True,False,False,False,False,0.010028830255608589,0.000499302626962577,0.0036894023531124295,0.3923331111069009,0.1443300579341984,0.0036894374290648876,0.3923339689045139,0.053095889389638294
6.1328125,True,False,False,False,False,False,False,False,0.2694793013349449,0.0025341149790167753,0.2694777988255323,0.050901627067422905,0.2694801017795593,0.03645863979388278,0.0025341109747926277,0.09913430524484829
6.171875,False,True,False,False,False,False,False,False,0.005112692486374021,0.5436773164951849,0.02706725112826212,0.01389776938160522,0.2000091270866514,0.20001008083896998,0.005112916183024763,0.005112846399927647
6.2109375,False,False,True,False,False,False,False,False,0.010257568320069086,0.000510459003379857,0.40108836634611905,0.14754945831866859,0.40108373099844297,0.027870053689538734,0.0013875557121547125,0.010252807611627026
6.25,True,False,False,False,False,False,False,False,0.4081329830721236,0.0014119377401325582,0.15014582350147718,0.007470734214925491,0.40813422525078225,0.01043313412309421,0.0038380369685210953,0.010433125128943718
6.2890625,True,False,False,False,False,False,False,False,0.4072916521128138,0.0005183401511279869,0.010411202778608417,0.003830088455111634,0.4072926620728732,0.14983102324504682,0.010411257530635015,0.010413773653783213
6.328125,True,False,False,False,False,False,False,False,0.3923362573912911,0.0036894059086915974,0.14433216720116748,0.0004993042486454361,0.3923361860291201,0.05308834047506767,0.010028939627377088,0.0036893991186394653
6.3671875,False,False,True,False,False,False,False,False,0.1483705102525494,0.010309485829350993,0.40331279730825864,0.0005132718496978151,0.4033124067263702,0.02007937592063989,0.010309549288292925,0.0037926028248402932
6.40625,False,False,True,False,False,False,False,False,0.23488317494597422,0.0008125536264366169,0.6384787901446373,0.0008125519983371831,0.08640851970239519,0.03178784832462197,0.006004008596602413,0.000812552660995092
6.4453125,False,False,True,False,False,False,False,False,0.23467598858185906,0.0008118374249723414,0.6379158780089942,0.00029865761765031953,0.08633234579732275,0.03175968901542178,0.005998802097643631,0.0022068014561359753
6.484375,False,False,True,False,False,False,False,False,0.23467610321454901,0.00029865804886177046,0.6379159028932362,0.002206799781266985,0.08633209292875374,0.03175989626105562,0.005998710607893393,0.0008118362643834422
6.5234375,True,False,False,False,False,False,False,False,0.3149575417231961,0.00040082831516685176,0.3149575128929731,0.002961736331662222,0.3149571735211556,0.0426248039098017,0.008050841313961738,0.0010895619920825606
6.5625,False,False,True,False,False,False,False,False,0.1485957367588423,0.010325060466256197,0.40392521807458687,0.001397336423878751,0.40392409864882395,0.020110188590266045,0.01032502446165682,0.0013973365756891265
6.6015625,True,False,False,False,False,False,False,False,0.3153309191631385,0.0010908561354530891,0.31533081899421467,0.0010908536039961865,0.315330039937311,0.04267525224855224,0.008060405070886054,0.001090854846448097
6.640625,True,False,False,False,False,False,False,False,0.31495753944822724,0.0010895669922944236,0.31495760543421963,0.00040082758058614814,0.31495707242809945,0.042624793425131764,0.008050853475237587,0.0029617412162036287
6.6796875,True,False,False,False,False,False,False,False,0.3149573611565778,0.000400829079500862,0.31495782506752396,0.002961739345296635,0.3149570656463802,0.04262475419791681,0.008050861512006435,0.001089563994797309
6.71875,False,False,True,False,False,False,False,False,0.03175965547949927,0.00029866101586993,0.637917351238133,0.002206810879188031,0.23467530962297203,0.08633162109305857,0.005998749637570745,0.0008118410337084532
6.7578125,False,False,True,False,False,False,False,False,0.14168487568905486,0.0004901457787257446,0.3851402356600198,0.0013323527052846557,0.38513940529919666,0.07274623806698301,0.009845027730661335,0.003621719070073873
6.796875,False,False,True,False,False,False,False,False,0.13254709996284833,0.0004585350273352413,0.3603013717300602,0.009209950225170625,0.36030121374208246,0.13254726690353355,0.003388136053244952,0.0012464263557246788
6.8359375,False,False,True,False,False,False,False,False,0.14454443785620283,0.0013592446721509017,0.39291216966587583,0.010043534234008453,0.39291195493363734,0.053174612494761214,0.0036948052431681677,0.0013592409001952086
6.875,True,False,False,False,False,False,False,False,0.31495771487357,0.001089571341858704,0.3149569197668198,0.00040082938338493345,0.31495757520570516,0.04262464780998058,0.0029617645443850856,0.008050977074295775
6.9140625,True,False,False,False,False,False,False,False,0.31533098676365845,0.0010908595251808892,0.3153311457572446,0.001090854896320257,0.3153301674213965,0.04267472002018117,0.008060409979125471,0.0010908556368926644
6.953125,True,False,False,False,False,False,False,False,0.31495754547834887,0.0010895661339798952,0.314957675233047,0.00040082767139821234,0.3149570327868631,0.04262473701719203,0.008050871724371038,0.00296174395479996
6.9921875,True,False,False,False,False,False,False,False,0.6538477956753288,0.006148572269530248,0.08848837713444094,0.00030611763108064354,0.2405366707915518,0.006148596153271982,0.002261945711152622,0.002261924633642887
7.03125,False,False,False,False,True,False,False,False,0.19890258126930915,0.013820881167988798,0.19890427953738785,0.013821439814013754,0.5406802376096477,0.005084444554511284,0.02691569722331649,0.001870438823825155
