time_sec,Amusement,Anger,Disgust,Fear,Inspiration,Joy,Sadness,Tenderness,prob_Amusement,prob_Anger,prob_Disgust,prob_Fear,prob_Inspiration,prob_Joy,prob_Sadness,prob_Tenderness
0.0390625,False,True,False,False,False,False,False,False,0.03683066345542259,0.5297850783173121,0.19489118387028512,0.0018331320380883568,0.02637667865404541,0.19489218301761968,0.013557952578306496,0.001833128068920211
0.078125,False,False,False,False,False,True,False,False,0.006489272175083776,0.00032300317936847644,0.253712008881859,0.006490957216963911,0.0343358519640493,0.6897740977743368,0.0023868611185355864,0.00648794768980321
0.1171875,True,False,False,False,False,False,False,False,0.4236955841370005,0.000539430318641821,0.0573012159409307,0.4236984771403532,0.05733982682886676,0.003985269642233715,0.029453943891285483,0.003986252100687722
0.15625,False,False,False,False,False,True,False,False,0.00035574016801701816,0.019524304407840885,0.0009671230402483475,0.007154286046178944,0.007148836286627146,0.7594414412006498,0.10271670862435221,0.10269156022608561
0.1953125,False,False,True,False,False,False,False,False,0.010456679040448459,0.1498870210526155,0.4081493358442685,0.010494527135729223,0.010445379317435294,0.0014133622254303962,0.407740775913091,0.0014129194709816613
0.234375,True,False,False,False,False,False,False,False,0.6560589474942201,0.0008353225295971435,0.24134807886465331,0.0022701201457306325,0.006171966642337547,0.002270017350326826,0.08877534973760039,0.002270197235533944
0.2734375,True,False,False,False,False,False,False,False,0.5286213071159177,0.0018308039685375837,0.19446749714707048,0.004974634888279476,0.036811045605685926,0.0018300470359525938,0.19444885736193332,0.03701580687662298
0.3125,False,True,False,False,False,False,False,False,0.031791161813476396,0.6384186771197189,0.23492953299684102,0.006007553103699742,0.0008130109166193992,0.0008129665847723067,0.08641406858207258,0.0008130288827996969
0.3515625,False,True,False,False,False,False,False,False,0.20477163130231632,0.5568930931862438,0.0019276441483125491,0.005240122183919792,0.07533499006975265,0.07524250932580293,0.07534809508687597,0.0052419146967760035
0.390625,True,False,False,False,False,False,False,False,0.7706675308553421,0.0009817705494085055,0.0072529307788962195,0.10423325011259733,0.0026676667242770446,0.007252309361049841,0.00267172222076324,0.1042728193976657
0.4296875,False,False,False,False,False,True,False,False,0.00037990153591008284,0.007635800312111363,0.007630522391818476,0.020763129812822165,0.10951710798468017,0.8109376117757823,0.04032704964791885,0.0028088765389566862
0.46875,True,False,False,False,False,False,False,False,0.6766448466700186,0.03307717628624556,0.24890315738925672,0.0008615213542182099,0.002343989105608249,0.0023421871024166055,0.0334847955874179,0.002342326504817968
0.5078125,False,False,True,False,False,False,False,False,0.016046743135213724,0.0030435977296273745,0.3234444503721996,0.0011194097361128432,0.008275141853106648,0.3234823649003645,0.001119747157343424,0.3234685451160318
0.546875,True,False,False,False,False,False,False,False,0.2607442505570875,0.095881485895813,0.09595077858349682,0.000902708513454526,0.018136159495769633,0.2608723369342142,0.006670618190574447,0.2608416618295899
0.5859375,True,False,False,False,False,False,False,False,0.650085403381471,0.0022508473080734806,0.0008280479287420911,0.0008281267000350591,0.00225039305927107,0.23917730919155478,0.016643707329109646,0.08793616510174282
0.625,False,False,True,False,False,False,False,False,0.003638865687442158,0.026926733810669595,0.3865716635351359,0.0013385881031768802,0.052193425195864826,0.3866167780416175,0.0004923470418412373,0.14222159858425198
0.6640625,False,False,False,False,False,False,False,True,0.24719015825045493,0.0008562023215625198,0.03337169947267065,0.03344093328500329,0.006325441836366434,0.0063261737522316884,0.00031480904036809807,0.6721745820413424
0.703125,False,False,False,True,False,False,False,False,0.07813507410903642,0.04065444495507934,0.005444487018056004,0.5776507827313773,0.005439692797109927,0.07805671013665433,0.002000893566063331,0.2126179146866233
0.7421875,True,False,False,False,False,False,False,False,0.36099228759912744,0.0004611412592215444,0.0034082640352801796,0.0034095403020318786,0.13318377709921625,0.1331871093946545,0.003411664657261602,0.36194621565320656
0.78125,True,False,False,False,False,False,False,False,0.6903933588625587,0.0008795535193050571,0.03433989575210482,0.006501658967854167,0.006509077144383109,0.006501983402641026,0.0008795215414557744,0.25399495080969736
0.8203125,True,False,False,False,False,False,False,False,0.7675750927400647,0.007248178461496538,0.00722149432508594,0.0072428587707961635,0.10388031800610001,0.0026565278281961667,0.00035950592899356424,0.10381602393926681
0.859375,True,False,False,False,False,False,False,False,0.8303503256107102,0.007820881651903706,0.0028737322385527183,0.0028772158740967306,0.021235439987888877,0.0010569650786819633,0.021525942959560895,0.11225949659860487
0.8984375,False,False,False,True,False,False,False,False,0.23836793986854177,0.0003035585628647476,0.08763691671584879,0.6479112451721157,0.006101027132129248,0.0022433242207008097,0.0008252567840749161,0.01661073154372393
0.9375,True,False,False,False,False,False,False,False,0.434646903613105,0.01113535223085909,0.011127755653101479,0.0040911070133308625,0.43472309797531894,0.08220786079591431,0.021514465284604302,0.0005534574337660022
0.9765625,True,False,False,False,False,False,False,False,0.8256739099931741,0.11130977101010743,0.015112376228677341,0.015110908636733589,0.0010512251938148375,0.007766482706718315,0.00285775978817618,0.0211175664425981
1.015625,True,False,False,False,False,False,False,False,0.8092862080007631,0.0010302731752815926,0.10951069837360597,0.007618894174514129,0.05629260567784243,0.007616334773593792,0.007614631147520016,0.0010303546768789316
1.0546875,False,False,True,False,False,False,False,False,0.17140999821127245,0.0043855387050948675,0.4661645549748756,0.001613066118156279,0.17147754717299915,0.0016131502888187402,0.17140932046981588,0.011926824058966997
1.09375,False,False,True,False,False,False,False,False,0.08639542753110828,0.016337178399399806,0.6385913407829539,0.04463534791797952,0.08641497609127816,0.0008128394205344616,0.12080434421090026,0.006008545645845522
1.1328125,True,False,False,False,False,False,False,False,0.6479250695358141,0.0003034088986484845,0.23835330014234912,0.0022419496183170586,0.08766481538420823,0.0061060752044299746,0.01658067008676765,0.0008247111294654298
1.171875,False,False,True,False,False,False,False,False,0.01096606995945546,0.0040343931926942345,0.42882531294682297,0.057821803241103586,0.058024033295242056,0.0005458472101334315,0.42881692948040395,0.010965610674144251
1.2109375,False,False,False,True,False,False,False,False,0.000352976140662489,0.0009597049001980227,0.10196701126582643,0.7535830775855935,0.002610473935720376,0.019270970470765522,0.10197198130841702,0.019283804392816576
1.25,False,False,False,False,False,True,False,False,0.03444164954548482,0.0008813813293631774,0.0023962319306139322,0.2546082201506447,0.006531630617930111,0.6922297620083168,0.0023974846603229505,0.00651363975732351
1.2890625,False,False,False,False,False,True,False,False,0.0008331561036952693,0.0022652733335338762,0.0008330697634925361,0.006158493954008624,0.08849235117691806,0.6544755297674302,0.006220442778236806,0.2407216831226847
1.328125,False,True,False,False,False,False,False,False,0.0008152044463518553,0.6400047796565179,0.0022159618814003483,0.0022163300822806292,0.03184440614604729,0.23547652123366444,0.000815214601491243,0.08661158195224625
1.3671875,True,False,False,False,False,False,False,False,0.65444366068565,0.0061607686418154095,0.24076676961941484,0.000833142650743253,0.006157720978296888,0.0008331173685002947,0.08853978045942446,0.0022650395961547765
1.40625,False,False,False,False,False,False,False,True,0.0008336070971263209,0.002268343270370378,0.2407752054263947,0.006158576741352276,0.00616244909459833,0.0008335294780501333,0.08850095889501923,0.6544673299970886
1.4453125,False,False,False,False,True,False,False,False,0.10206001967890801,0.007100035986378138,0.01928920628425332,0.0003532342748942147,0.7543498456793888,0.013811676212644822,0.0009604154918913401,0.10207556639164134
1.484375,False,False,False,False,False,True,False,False,0.18061677582009122,0.0016994406201798478,0.012556346049310689,0.0006250699449318139,0.1806582068082403,0.4910032949845939,0.06641872845409888,0.06642213731855337
1.5234375,True,False,False,False,False,False,False,False,0.4630701999948266,0.0005893670152544137,0.17035235406684968,0.001602041491554754,0.17035655596615254,0.17035213134111496,0.011839232185413686,0.011838117938833288
1.5625,False,False,False,False,True,False,False,False,0.09658356322952935,0.18802748262547556,0.18804033099796819,0.0017683700476617032,0.5111590686303524,0.004807000581815566,0.004807070597397375,0.004807113289799795
1.6015625,False,False,True,False,False,False,False,False,0.148137885620632,0.0005126499852166038,0.402735843552738,0.010296850669955681,0.4027341903761247,0.028006397544534618,0.0037881539811826805,0.0037880282696157613
1.640625,False,False,False,False,False,True,False,False,0.03320754895051871,0.0003125267146489584,0.245545509250665,0.0008495084728750796,0.03322629978972793,0.6674687476447118,0.0023094836214149427,0.017080375555437663
1.6796875,True,False,False,False,False,False,False,False,0.4418692430536744,0.011295799373820234,0.44186948075752575,0.0005623549253609091,0.05979939083395557,0.021998806427323627,0.011296033559910441,0.01130889106842908
1.71875,False,False,True,False,False,False,False,False,0.23856138621797204,0.0008253140291206093,0.6484756129653861,0.00082529065942129,0.016635235467431418,0.08775320360380082,0.006098662059223479,0.0008252949976441545
1.7578125,False,False,True,False,False,False,False,False,0.09535639842736697,0.000896738476922411,0.7046113885404437,0.0008967309483876384,0.09535749521315973,0.09535767037665262,0.006626845036266855,0.0008967329808000628
1.796875,False,False,True,False,False,False,False,False,0.23776564930091226,0.002235969547392277,0.6463164083720396,0.0003025990069718418,0.08746899030923683,0.01183744674620694,0.011837000719397325,0.0022359359978428826
1.8359375,True,False,False,False,False,False,False,False,0.39916890792299003,0.20498927171731174,0.14683622711800356,0.010204235228601588,0.054007885717412954,0.14683738362154478,0.027751837644901217,0.010204251029233965
1.875,False,False,True,False,False,False,False,False,0.23466854908964155,0.00029870756300637047,0.6379324762153148,0.006000163835373211,0.031758487829349466,0.08632247321338649,0.002207186264641302,0.0008119559892869254
1.9140625,False,False,True,False,False,False,False,False,0.0007201183145079201,0.0053219863227157585,0.5655667307395584,0.028103545156065363,0.07649667631683242,0.07643289402135514,0.039347220442409424,0.2080108286865556
1.953125,True,False,False,False,False,False,False,False,0.40420886204048484,0.0013989854392621424,0.40422541782206783,0.07645664399932535,0.05469097692781044,0.0005145689123795499,0.0038031099326317737,0.05470143492603801
1.9921875,True,False,False,False,False,False,False,False,0.6507349061082945,0.000828435631552268,0.2393926556309107,0.002251695079177045,0.011910230479681275,0.0008282743353782013,0.08793304574170185,0.006120756993304032
2.03125,False,False,True,False,False,False,False,False,0.23894423625134648,0.00030414167918591824,0.6495226199491324,0.002247406959477282,0.01660900433811796,0.0878772249046432,0.0022476029677170077,0.0022477629503797284
2.0703125,False,False,True,False,False,False,False,False,0.25219035367546905,0.006451578064382701,0.6855413199593832,0.0008724984806875336,0.0008725603306347716,0.03412896361131212,0.017570997318382083,0.0023717285597485045
2.109375,False,False,True,False,False,False,False,False,0.1475536947642515,0.02788429509071737,0.4010927867579194,0.010254148728018497,0.010254698235160833,0.0013876846889625536,0.40106219104470786,0.0005105006902619695
2.1484375,False,False,True,False,False,False,False,False,0.03353767594759048,0.00031548043246797607,0.6737554990551153,0.0023310936319724685,0.03353135854040061,0.2478597526985213,0.006337803230912372,0.0023313364630193163
2.1875,False,False,True,False,False,False,False,False,0.21089602436787816,0.03987130216545831,0.5732976752119681,0.0007296472952298503,0.005393037986355648,0.07758529773746344,0.07757115443820602,0.014655860797440448
2.2265625,True,False,False,False,False,False,False,False,0.44378488405212324,0.011348190056370453,0.4437732905656164,0.004173861876131651,0.004173659219495961,0.031171042135323342,0.06003964002781766,0.0015354320671213794
2.265625,False,False,True,False,False,False,False,False,0.07400374863560168,0.0004895226807257666,0.38461520490498874,0.0013306316403354842,0.14149027828426022,0.3846203748109342,0.009833130694597486,0.003617108348556356
2.3046875,False,False,False,False,False,True,False,False,0.08856709685175199,0.045485740815972696,0.08857362094557283,0.0008329842888524994,0.08856900800911087,0.6545020715919668,0.016735309864190882,0.016734167632581527
2.34375,True,False,False,False,False,False,False,False,0.80496722498968,0.007571361171300129,0.04007514770532674,0.0003768933035058013,0.0027849349839804386,0.10893043777223986,0.014714411869254401,0.020579588204712642
2.3828125,False,False,False,False,False,True,False,False,0.006134865568842006,0.0003054163212223318,0.2399450206421759,0.006134606046986637,0.0882679345067331,0.652246674887387,0.0061352959855724,0.0008301860410805758
2.421875,False,False,False,False,False,True,False,False,0.00030443040661416325,0.011895707646266148,0.006115863073954703,0.0022502032121240706,0.002249698883175199,0.6501308104762232,0.0879426350641492,0.23911065123749314
2.4609375,False,False,False,False,True,False,False,False,0.0014625474035135707,0.01081870935500742,0.0799650984658112,0.003976109834016544,0.42259869161786723,0.05718904383351317,0.0014626631491636102,0.4225271363411072
2.5,False,False,True,False,False,False,False,False,0.033704984572284054,0.006391049285865765,0.6791378372260743,0.0003180574649674586,0.012427374275397881,0.0008646562248564007,0.24976442152612652,0.01739161942442758
2.5390625,False,False,False,False,False,False,True,False,0.00031567523183281457,0.00634992713114479,0.033521431115632654,0.0023325067491761025,0.0023330110202817987,0.0335321555054226,0.6737925109397124,0.2478227823067968
2.578125,False,False,False,False,True,False,False,False,0.051006651682354506,0.1385171317787031,0.05102204741704138,0.0004800843253874345,0.3770541424492683,0.0013052034697583867,0.003564082809374309,0.3770506560681125
2.6171875,True,False,False,False,False,False,False,False,0.6784258070492074,0.01736660754667134,0.24955583480201327,0.0003177012518006224,0.017357621821513968,0.000863600814025548,0.03376327605283596,0.002349550661931864
2.65625,False,False,False,False,False,False,False,True,0.2405994060714258,0.0008328236153895703,0.08851209761317011,0.0008326913553985342,0.0022668718400955168,0.006653130424675806,0.006163075614461446,0.6541399034653833
2.6953125,True,False,False,False,False,False,False,False,0.4294583342276875,0.05804535606081211,0.4294644303028377,0.0014858271171803062,0.0014859369844036133,0.05810000772136376,0.010980321837241434,0.010979785748473577
2.734375,False,False,True,False,False,False,False,False,0.2589844575287867,0.006624744588636396,0.7039985296541289,0.0008960721483223643,0.002436338924856813,0.018000822376961254,0.0024370931536058004,0.006621941624701711
2.7734375,False,False,True,False,False,False,False,False,0.006005696456379905,0.00029873754227721,0.6379672468835796,0.000812024419661558,0.0317233497346704,0.23469883284337575,0.002207611376918087,0.08628650074313739
2.8125,True,False,False,False,False,False,False,False,0.3010674974971832,0.11068320440374577,0.3010954036693369,0.0010417716391605324,0.11072607041530877,0.11077179681854207,0.007698664983121069,0.05691559057360167
2.8515625,True,False,False,False,False,False,False,False,0.6922074066674154,0.006512998551382967,0.006516582046608081,0.0008812335022093711,0.002395626788636819,0.2546514016875234,0.002395648818257324,0.03443910193796665
2.890625,False,False,False,False,True,False,False,False,0.016627877417603406,0.0008247425874312448,0.08765908838008202,0.00030338649578371513,0.6478857566552457,0.23836269548669842,0.00609451144275726,0.002241941534398073
2.9296875,False,False,False,False,True,False,False,False,0.1002241876145861,0.051740822259399,0.01902752550832398,0.0009470571858774216,0.2736674147214923,0.27371016959467936,0.0069992203787154405,0.2736836027369263
2.96875,True,False,False,False,False,False,False,False,0.5110066978514902,0.0355922577136847,0.004807906356565807,0.001768725618297985,0.06907773214038743,0.18800663937017714,0.0017688381217532733,0.1879712028276434
3.0078125,False,False,False,False,False,True,False,False,0.034007396610617274,0.0023713711903002844,0.01752145489500172,0.006448265557741401,0.2519749107155548,0.684985027192486,0.0023707682567286692,0.00032080558156980156
3.046875,True,False,False,False,False,False,False,False,0.6553206795358028,0.0008349057188415472,0.006178933302167878,0.0008348246080097405,0.006169607707136171,0.0022694468760967907,0.08732299043041286,0.24106861182153214
3.0859375,False,False,False,False,True,False,False,False,0.03158273267844582,0.08564819862892913,0.0021952795345295192,0.0002971132705705693,0.6344768780211096,0.011618527997772198,0.0008076328761523881,0.23337363699249083
3.125,True,False,False,False,False,False,False,False,0.6380112342512994,0.0002987918025329609,0.03175506929648695,0.006002920280541284,0.2346544724638787,0.08625262324488572,0.0008121806632151951,0.0022127079971599613
3.1640625,False,False,True,False,False,False,False,False,0.03885021228222495,0.0003655721588123694,0.780666811902749,0.0027014172429780884,0.10561244265902398,0.014282866010260166,0.05481880269731803,0.002701875046633485
3.203125,False,False,False,False,True,False,False,False,0.01613938223447611,0.008300288735180253,0.022560883723335697,0.0011230036870969343,0.8823014579072986,0.04392297918357982,0.0030526872569134893,0.02259931727211902
3.2421875,True,False,False,False,False,False,False,False,0.6385167974232978,0.0008128403724333135,0.031783379552896826,0.08636289584819178,0.23489145693427205,0.0008127174662538596,0.006007173952750322,0.0008127384499039694
3.28125,True,False,False,False,False,False,False,False,0.6522461669941962,0.0003054386999900261,0.23994134994318728,0.000830308008464701,0.08826530232643894,0.006136705866414254,0.006138029066807774,0.006136699094500772
3.3203125,False,False,True,False,False,False,False,False,0.04264900700241901,0.0010914241135023834,0.31537956579571846,0.0010915117000585876,0.008094188830031268,0.0010914735000017058,0.3152402438584885,0.31536258519978017
3.359375,False,False,False,True,False,False,False,False,0.24052974366247534,0.0003063328551216132,0.08849318507557172,0.653836850427544,0.0022646204599668603,0.002262964420878728,0.006153074327958621,0.006153228770483174
3.3984375,True,False,False,False,False,False,False,False,0.7458107759474514,0.00034932484725423924,0.10092366776705716,0.10089607890192628,0.037035483649329494,0.007017965239304106,0.007017216157234156,0.0009494874904432616
3.4375,False,False,False,True,False,False,False,False,0.0022727760297133795,0.0022721763083844507,0.2413981856137034,0.6560781414246115,0.006180359058126951,0.000835613762197407,0.002273152195656665,0.08868959560760616
3.4765625,False,False,False,True,False,False,False,False,0.0025988773051763584,0.037338619549217904,0.10159007966034062,0.7507676938824146,0.0009560459193577087,0.0025987693416046173,0.10155124517901092,0.0025986691628772486
3.515625,True,False,False,False,False,False,False,False,0.6388677428347825,0.0008136731147007269,0.23502895878567884,0.08584728589618404,0.006014901447974425,0.000813424209654829,0.03180048633424105,0.0008135273767835492
3.5546875,False,False,False,False,False,True,False,False,0.0026218798329212573,0.0003546914618657576,0.0026212788205885796,0.10171985350833641,0.01936941602720287,0.7570550197281449,0.013854759360244872,0.10240310126069532
3.59375,False,False,False,False,False,False,True,False,0.0017605514042153961,0.18700279449765297,0.18676200924047956,0.01307334959631781,0.0963380663203145,0.004790701107325743,0.5085118170007895,0.0017607108329044856
3.6328125,False,False,False,False,False,True,False,False,0.011888809975051677,0.17028250366664072,0.0005898260566102637,0.011856384944874421,0.17036197667783828,0.4632255278091385,0.1701913085098529,0.0016036623599931974
3.671875,False,False,False,False,False,True,False,False,0.001714026220121621,0.06658753215146676,0.0017139948870859964,0.18155639947732827,0.004661893718108272,0.49487989820351663,0.06689280842206853,0.18199344692030375
3.7109375,False,False,False,False,True,False,False,False,0.03676335058982476,0.013545334205668657,0.00034697959048346564,0.006971022427558753,0.7409221485258741,0.10024899658977175,0.10025890858154766,0.0009432594892708379
3.75,True,False,False,False,False,False,False,False,0.790523530316066,0.03925868006644127,0.007441815868027254,0.0010064516030325963,0.10695654168248046,0.001006354146497419,0.039350280460756046,0.014456345856698902
3.7890625,False,False,False,False,False,False,False,True,0.09840691189845428,0.00034071191835845184,0.03592794536491283,0.0009259374335331734,0.09837390781726765,0.0025176420323239526,0.03617767211248619,0.7273292714226635
3.828125,True,False,False,False,False,False,False,False,0.6479089629381994,0.016591316545386245,0.23837726586897934,0.0003034617737015165,0.0022430491552566005,0.000824897082158243,0.006096969390458215,0.08765407724586045
3.8671875,True,False,False,False,False,False,False,False,0.7706195704554039,0.002670508875145573,0.007254605389620018,0.0009821669996392293,0.10429549918509089,0.002667885282795055,0.10424694351181096,0.007262820300494464
3.90625,True,False,False,False,False,False,False,False,0.6509314967979679,0.0022531964555052484,0.08591686648665005,0.0003048890126448958,0.23943602815905862,0.016650443578213246,0.0022534404956947823,0.002253639014265273
3.9453125,False,False,False,False,False,False,False,True,0.06989342547828482,0.0006588203852174863,0.19035864679076794,0.013241429226670726,0.19033666395406146,0.004868703640020756,0.01323744177587491,0.5174048687491021
3.984375,True,False,False,False,False,False,False,False,0.6441906271311505,0.00030171822710099884,0.23699715205037244,0.0022301467458946045,0.011797293712608351,0.0008200489331322841,0.08717965050052473,0.016483362699216027
4.0234375,False,False,True,False,False,False,False,False,0.2399442839247531,0.00030540862665975904,0.6522472374176593,0.00613425878730229,0.08826568863954735,0.006135296519528824,0.006137654138455968,0.0008301719460932407
4.0625,False,False,True,False,False,False,False,False,0.23832301816139742,0.00030343460161460134,0.647936072423602,0.006096408871691605,0.08763683095562512,0.000824761719901309,0.01663659002857137,0.002242883237596661
4.1015625,True,False,False,False,False,False,False,False,0.9088180575103066,0.003147924956987871,0.008557240376019338,0.04524167617011049,0.0085556826870932,0.008553480734156947,0.008564180787721426,0.00856175677760409
4.140625,True,False,False,False,False,False,False,False,0.7685567893737755,0.0009788125232266193,0.0009785690937597826,0.007256350945037568,0.00725854372790746,0.10375064066292385,0.00724074181565885,0.10397955185771052
4.1796875,True,False,False,False,False,False,False,False,0.7863907086507703,0.002722447944779828,0.00036836609432839033,0.0027232686776702208,0.1063677816635257,0.05490526242511623,0.0074019858534890015,0.03912017869032037
4.21875,True,False,False,False,False,False,False,False,0.24215790736551993,0.2420987452841355,0.0022777738909938276,0.006191902033993539,0.24215926744061067,0.01686878668947805,0.0061924948142118305,0.24205312248105668
4.2578125,True,False,False,False,False,False,False,False,0.6538248788757903,0.006151653052405118,0.002262825251271548,0.002262679586672376,0.2405575240964975,0.08848281519314434,0.006151421628683568,0.0003062023155352356
4.296875,True,False,False,False,False,False,False,False,0.7508561219010597,0.0009562412036755919,0.10148826185708403,0.037351688790266284,0.10154893380041162,0.002599041973042925,0.002600319449296276,0.002599391025163705
4.3359375,True,False,False,False,False,False,False,False,0.455024616890052,0.03178658428009527,0.01163960496725559,0.022609273097376877,0.45507887965169436,0.01163685065954862,0.011644871048414185,0.0005793194055631845
4.375,True,False,False,False,False,False,False,False,0.4477929830873104,0.011466253530577668,0.011454610596086908,0.05798619043480674,0.4478208983523679,0.01145170449887232,0.011457181641684801,0.0005701778582933045
4.4140625,True,False,False,False,False,False,False,False,0.7625210714056136,0.000970975131688363,0.10312493539510734,0.007176669791643875,0.10305385445676696,0.019541656575025705,0.0009710559421480276,0.0026397813020060854
4.453125,False,False,True,False,False,False,False,False,0.23831894018930444,0.0008252072375717279,0.6479424378768505,0.016699525884702412,0.0022422750174604824,0.0875714796701377,0.00030345995438101975,0.006096674169591778
4.4921875,False,False,False,True,False,False,False,False,0.10159566843987507,0.0009568958561116595,0.10159276093865328,0.7508674901392975,0.0026004393219721807,0.00259985462337076,0.03718771641238857,0.002599174268330993
4.53125,False,False,False,False,False,True,False,False,0.0026384786062796893,0.00035674522689762287,0.019483595162289622,0.007165624489086685,0.1030507153973465,0.7616433646650149,0.10302459611986449,0.0026368803332204923
4.5703125,False,False,False,False,False,True,False,False,0.00657660867601401,0.006558820598600091,0.01274410194194339,0.000326404148451071,0.0178475872149531,0.697093734212233,0.0024122581401611774,0.2564404850676444
4.609375,False,False,False,False,False,True,False,False,0.25190665404413143,0.0023711361594882224,0.01758798397362289,0.00032071108225970583,0.006443055938583041,0.6849145299889807,0.002370213951190829,0.03408571486174322
4.6484375,False,False,False,False,False,True,False,False,0.0023784609727477537,0.0023794580100268844,0.002378497498385917,0.25276236183225564,0.034211446846500716,0.6873383167002557,0.01767655685001496,0.000874901289812434
4.6875,False,False,False,False,False,True,False,False,0.0009829519170756276,0.002670256001606536,0.002670080604956926,0.007265415553924816,0.007257975998638879,0.770950624615288,0.10426575277438731,0.10393694253412186
4.7265625,False,False,False,False,False,False,True,False,0.012743207389630603,0.2566705724646205,0.012776222888596242,0.012766126074350223,0.0024167430976850955,0.0024159418483647743,0.6977946836018769,0.00241650263487568
4.765625,True,False,False,False,False,False,False,False,0.6479359580417301,0.006099279960505918,0.08768112587170958,0.0008248297719327548,0.016569274515932594,0.00030343226713177874,0.23834303548562505,0.002243064085432381
4.8046875,False,False,False,False,False,False,True,False,0.05312894607754861,0.1444044887447074,0.0013611448154406836,0.0013610200964566262,0.01007860159205822,0.003701088073109303,0.3930152357180244,0.3929494748826546
4.84375,False,True,False,False,False,False,False,False,0.2479371142203602,0.6736397620877501,0.03354780421155941,0.002333114483919684,0.006346275475064631,0.0003156528753878828,0.033547083127343454,0.00233319351861469
4.8828125,True,False,False,False,False,False,False,False,0.4287880389636683,0.4286864757694436,0.010974380509967536,0.0040348259435390435,0.057975833540119766,0.0005459790136832731,0.05801706743761062,0.01097739882196806
4.921875,True,False,False,False,False,False,False,False,0.7110012358548282,0.0024642753635509217,0.00669172077224531,0.0024638916103707593,0.00670357375132333,0.006690903172677955,0.00246494371092699,0.26151945576407654
4.9609375,True,False,False,False,False,False,False,False,0.40559262256643414,0.003820255982618075,0.003818172514692582,0.0014048780509839413,0.40562241936189297,0.010384317686649906,0.02015797616866229,0.14919935766806616
5.0,False,False,False,False,True,False,False,False,0.22470080469485473,0.0021169788642293906,0.08257853741278862,0.01564672313573608,0.6110044743468294,0.01564122961484438,0.04254223168793612,0.00576902024278123
5.0390625,True,False,False,False,False,False,False,False,0.6544927807384159,0.0061652267000527824,0.0008337275355700325,0.0008334005806727424,0.006160039348518723,0.2407051906970062,0.0022664491868244997,0.08854318521293926
5.078125,True,False,False,False,False,False,False,False,0.3150837665422812,0.00040140750245787105,0.3152144413888357,0.04195564603121293,0.002965881623130521,0.00806151655054502,0.0010910214239560263,0.3152263189375807
5.1171875,True,False,False,False,False,False,False,False,0.6675468182585831,0.00031270998536649775,0.01709224975653359,0.24551441572082808,0.033166257037298,0.0023105961099973505,0.033206284965776066,0.0008506681656174567
5.15625,True,False,False,False,False,False,False,False,0.3573268787192451,0.00045501017035597216,0.35728230624345586,0.1313359898740694,0.0033643273488824497,0.001236818033358261,0.01757140348892484,0.13142726612170808
5.1953125,False,False,False,False,False,False,False,True,0.10981288659225125,0.007644165382789261,0.002808877450300552,0.001033548368078235,0.007634362527435704,0.056687727263732134,0.0028082793833269504,0.8115701530320859
5.234375,False,False,False,False,False,False,False,True,0.0361953206759444,0.09839082483798745,0.002515504012636616,0.00034042660451145344,0.03618329276717136,0.09839494063185426,0.0009253984135931615,0.7270542920563011
5.2734375,False,False,False,False,False,True,False,False,0.007045124783054027,0.0025905055125745743,0.10130149394713875,0.000952895334330474,0.10129656162244949,0.7486484345957873,0.0009528653554044764,0.037212118849260865
5.3125,False,False,False,False,False,True,False,False,0.005112192625503235,0.0003557605172258905,0.019425976979929753,0.0071457405938363,0.10279367724147118,0.7597317330226814,0.0026286798725516,0.10280623914680069
5.3515625,True,False,False,False,False,False,False,False,0.4010881193366121,0.14753082480808746,0.010254593887437456,0.0013876625097931693,0.40108933139554703,0.027884682277706605,0.010254285209904129,0.0005105005749119265
5.390625,True,False,False,False,False,False,False,False,0.6384777377744791,0.0008126523557273073,0.031787454618720415,0.0008126465720701433,0.23488553974096227,0.08640664537728791,0.00600470570951439,0.0008126178512384715
5.4296875,False,False,False,False,True,False,False,False,0.09525947652648982,0.0003295933272188734,0.0952603051070852,0.0024353921674348045,0.7039331498450809,0.09526233372615191,0.006623832838958018,0.0008959164615805996
5.46875,False,False,False,False,True,False,False,False,0.038419119223052814,0.10437580866138838,0.03840775658443298,0.0009824160749123715,0.7718489803797621,0.03833436222220021,0.007270165825486036,0.0003613910287650217
5.5078125,False,False,False,False,True,False,False,False,0.01281940284271548,0.006615200640391312,0.0024312163342296044,0.002431436291467024,0.7021851294751246,0.0024298489343724705,0.2582832435719993,0.01280452190970038
5.546875,False,False,True,False,False,False,False,False,0.0064995394717298986,0.0008787938275733881,0.6904073241103859,0.0064932723998714255,0.03436577832388039,0.25398023159673294,0.0008787878149887101,0.006496272454837477
5.5859375,False,False,False,False,False,True,False,False,0.20802636718493994,0.0393013143045951,0.07652789658044473,0.0007196819873077169,0.028128985730090334,0.5654808338733883,0.00531809422843408,0.0764968261107998
5.625,False,False,True,False,False,False,False,False,0.10761105345116899,0.03957225062514532,0.7951563633257569,0.00037229911260236394,0.007478281466313775,0.03958031213080943,0.0027510986442216057,0.007478341243981607
5.6640625,False,False,False,False,False,True,False,False,0.021081265498217185,0.00285316376173567,0.01508599208534143,0.02109641978188577,0.11153204158278997,0.8244489734666514,0.0028527905114301543,0.0010493533119484994
5.703125,True,False,False,False,False,False,False,False,0.5211093071069043,0.001803966055500678,0.19172948689757854,0.004902848787051613,0.004905217579804009,0.19172734065857963,0.07049417199651507,0.013327660918066175
5.7421875,False,False,True,False,False,False,False,False,0.17145706319699297,0.004384592566374424,0.46611348647379086,0.0016127329470218695,0.17141329760424534,0.0016126265661072657,0.011948168830867563,0.17145803181459973
5.78125,False,False,True,False,False,False,False,False,0.034339488158392155,0.0023866796794808154,0.689815316315755,0.0003229829873897463,0.006488055619874289,0.2536716540262699,0.006487892659948016,0.006487930552890052
5.8203125,False,False,True,False,False,False,False,False,0.0023712033547618272,0.002378019205157776,0.6849651577166359,0.0175242647848799,0.006443682971332551,0.03408903580317149,0.25190769901124427,0.0003209371528162157
5.859375,False,False,False,False,True,False,False,False,0.03686923747335745,0.10022014995086229,0.0003469418604969847,0.0009430682559967215,0.7408418842119404,0.10024139621942027,0.013566825732675777,0.006970496295250102
5.8984375,False,False,False,False,False,True,False,False,0.021416780488284295,0.007886398303045125,0.00787811216267165,0.007924780926334614,0.1133351886648071,0.8375936110447507,0.0028989835156383423,0.0010661448944680606
5.9375,False,False,True,False,False,False,False,False,0.0013602868759243502,0.010059071502013557,0.3930182448967433,0.00369696224828018,0.05313853886510801,0.3930218652347658,0.0013605598763212368,0.1443444705008436
5.9765625,False,False,False,False,True,False,False,False,0.011171025233762687,0.030373284051469482,0.02080351098570205,0.0005561064138374813,0.43692740899543536,0.05912127191890562,0.004109338281843489,0.4369380541190438
6.015625,False,False,True,False,False,False,False,False,0.007016758933047365,0.005015761511212018,0.7459975963149372,0.00034930528399627393,0.037139145308369356,0.10095532962710117,0.0025811297691330387,0.10094497325220356
6.0546875,True,False,False,False,False,False,False,False,0.3259933277032216,0.0030671694646181753,0.3260083617970928,0.0011282407367496688,0.008336697988370195,0.32599932200860926,0.001128138366729378,0.008338741934608996
6.09375,False,False,False,False,False,False,False,True,0.007165502625955825,0.10298212585127552,0.10307572442367462,0.0003566473538601039,0.002635871592535642,0.00263540728218578,0.01949853892171358,0.761650181948799
6.1328125,False,False,False,False,True,False,False,False,0.0010334753755130027,0.00763936305607392,0.04040433336824276,0.0010332709499299574,0.8116610176326856,0.00763650984303911,0.02075908060743393,0.10983294916708171
6.171875,True,False,False,False,False,False,False,False,0.748598849504305,0.0025915007172657768,0.0009532403251026972,0.0009531318740055872,0.007043666747969803,0.10130453923374962,0.037252569226296696,0.10130250237130499
6.2109375,False,False,False,False,False,False,False,True,0.24192609271923088,0.03248728380512725,0.03274113627531755,0.0008372719847353924,0.0008372645917291087,0.03264963007031203,0.0008372785027361129,0.6576840420508117
6.25,True,False,False,False,False,False,False,False,0.3270514265731292,0.0030777869989081896,0.008396367058065339,0.00113203118628299,0.003077029480376541,0.32708848953189773,0.003077835461229863,0.32709903371011034
6.2890625,False,False,False,False,False,True,False,False,0.10015541943559252,0.002561950194581337,0.0025619044829415702,0.0003466533795352567,0.10007599804458236,0.7402549446724845,0.0025645011425136006,0.051478628647768865
6.328125,False,False,False,False,False,False,False,True,0.08816096048444742,0.006171756583614048,0.0022636230228917894,0.0003062888746731329,0.006151997128476989,0.2406013568349793,0.0022633791206216674,0.6540806379502958
6.3671875,False,False,False,False,False,False,False,True,0.03722974356070774,0.10118387903106875,0.0025873597373264608,0.00035014388706106054,0.007034486628485411,0.10120570143423056,0.002587385582992407,0.7478213001381276
6.40625,False,False,True,False,False,False,False,False,0.0071426281067164445,0.007142563331201078,0.7593873811406787,0.0003555540572004328,0.019463308401288855,0.10277191796528522,0.0009665501169677592,0.10277009688066147
6.4453125,False,False,False,False,False,True,False,False,0.007032606015972471,0.10119521511704847,0.03723028634055954,0.0003501215273882751,0.0025873972593759673,0.7478150186742722,0.002587837987697992,0.101201517077685
6.484375,False,False,False,False,False,False,False,True,0.06565945407753877,0.17847929716095326,0.06566774379217771,0.000617545517525434,0.024156324978193335,0.1785071171403892,0.0016786868457829987,0.4852338304874394
6.5234375,False,False,True,False,False,False,False,False,0.03345713497468333,0.006321759752807442,0.6720503945445124,0.0003146517007440348,0.033453630937908777,0.24722665346915423,0.0008553288762844803,0.006320445743905316
6.5625,False,False,False,False,False,True,False,False,0.01658109073164194,0.0008254381729247396,0.2385721810892966,0.0008253983084081604,0.006100812320621673,0.6485120786727931,0.0008254132934318012,0.08775758741088187
6.6015625,False,False,False,False,True,False,False,False,0.06914212001796201,0.18796508064046363,0.025431743755559906,0.0006503438985164518,0.5109815875948942,0.18795831101709629,0.013065076965789686,0.00480573610971775
6.640625,True,False,False,False,False,False,False,False,0.407900278413489,0.010439987131458578,0.4079059701898724,0.0014115623549980731,0.15006716541359966,0.010432424979922585,0.010431093900533128,0.0014115176161266056
6.6796875,True,False,False,False,False,False,False,False,0.5970763718666473,0.002066862810130165,0.2196138841728421,0.015296991424268302,0.041690976316806766,0.005618703811314634,0.11301719666037809,0.005619012937612609
6.71875,False,False,True,False,False,False,False,False,0.143972448534786,0.003833663317954287,0.40454748595473056,0.40474386481181207,0.02820469056723815,0.010370683608588924,0.0005154205663917129,0.0038117426384981904
6.7578125,False,False,False,False,False,False,True,False,0.08451423235670301,0.0160156133530694,0.005890004023477528,0.23008411642427679,0.016022470989570367,0.016017360700677403,0.6255697133450661,0.005886488807159428
6.796875,False,False,False,False,True,False,False,False,0.0036939217996222276,0.0036957935191870898,0.14426862386022563,0.05302873032213858,0.3924490436458511,0.010038314897376645,0.3923259074068247,0.0004996645487741008
6.8359375,False,False,False,False,False,False,False,True,0.0022423605219540964,0.23830375237867918,0.016581680357697227,0.006103214439270041,0.0008248999215149302,0.08767395300525162,0.000303451428927375,0.6479666879467054
6.875,False,False,False,False,False,False,False,True,0.007238094843463848,0.10396723121651308,0.007229105236277034,0.000978249239613467,0.000978220924554548,0.10399890452563425,0.0072457526089161626,0.7683644414050277
6.9140625,False,False,False,False,False,True,False,False,0.00032602005349591706,0.0028435480023491166,0.017841977928548417,0.006554963670161991,0.2560250931914088,0.6961882317443105,0.017810628308912776,0.00240953710081244
6.953125,False,False,False,False,False,True,False,False,0.0008873208473352523,0.017945943801266302,0.0008872914005843877,0.0024120793358843144,0.017826902157406822,0.6970516205173852,0.006574675907140469,0.25641416603299727
6.9921875,False,True,False,False,False,False,False,False,0.009220146363904242,0.3603000159108351,0.003389532550160191,0.0004587093415314054,0.13249417349215362,0.1325726845241383,0.00124870150645208,0.36031603631082504
7.03125,False,False,False,False,True,False,False,False,0.0024543477278990903,0.00667143331198314,0.0066704656688863035,0.006675176651150928,0.7090869800702635,0.26086590341719973,0.006673085517598621,0.0009026076350188529
