time_sec,Amusement,Anger,Disgust,Fear,Inspiration,Joy,Sadness,Tenderness,prob_Amusement,prob_Anger,prob_Disgust,prob_Fear,prob_Inspiration,prob_Joy,prob_Sadness,prob_Tenderness
0.0390625,True,False,False,False,False,False,False,False,0.3603071035669855,0.0012464819322564966,0.13254955823295808,0.00045855062283945504,0.3603027825406074,0.009210474547391977,0.13253671225550703,0.003388336301454079
0.078125,False,False,False,False,True,False,False,False,0.017510173770612633,0.002369514618785249,0.03409566282033885,0.002369579792050966,0.684925559526077,0.2519678590143451,0.006440978181874277,0.00032067227591570254
0.1171875,False,False,False,False,True,False,False,False,0.09526367957743297,0.0003295769024043536,0.0952648260034341,0.002435269737521911,0.7039261920740929,0.09526470138124295,0.006619886248627204,0.0008958680752436843
0.15625,False,False,True,False,False,False,False,False,0.14220663191417177,0.0036355290985508703,0.38657191692410786,0.0004919934253806558,0.3865771957540926,0.026863482448072507,0.05231585093664447,0.0013373994989792184
0.1953125,True,False,False,False,False,False,False,False,0.6479317188608666,0.0003033755505884857,0.23836050712370185,0.000824647197568262,0.006094313207621137,0.08767878873244807,0.00224168487405959,0.01656496445314594
0.234375,True,False,False,False,False,False,False,False,0.6109689278697411,0.002114112557266631,0.22473379542818264,0.04250912326591873,0.08267137143833332,0.005749493657603192,0.01562732058819193,0.015625855194762436
0.2734375,False,False,False,False,False,True,False,False,0.03888411987038903,0.0003657066041525445,0.05429642556013009,0.002702319481195773,0.10568097535247348,0.7810649262411649,0.0027023860063065254,0.014303140884187713
0.3125,True,False,False,False,False,False,False,False,0.5732975404963597,0.0146584018789607,0.07758427736386637,0.005391887246627878,0.07758030978043325,0.21091409574325695,0.03984380247198506,0.0007296850185099922
0.3515625,False,False,False,True,False,False,False,False,0.18799427658269027,0.00480730694713596,0.18799688786098426,0.5109908683535815,0.03551993659366491,0.06915440386570533,0.0017681773589161027,0.0017681424373215435
0.390625,True,False,False,False,False,False,False,False,0.3216231707974638,0.0004093382873093505,0.32162912026488505,0.0030245829235820425,0.3216260077186447,0.02235303825243856,0.008222073010468598,0.0011126687452080578
0.4296875,True,False,False,False,False,False,False,False,0.23992706625843038,0.01667320236917189,0.23992547466099592,0.006133405792293646,0.23992836439851484,0.016672476446677287,0.23990995151232475,0.0008300585615913425
0.46875,False,True,False,False,False,False,False,False,0.23990893903057042,0.6522548745607151,0.006135922563898826,0.006176822524532797,0.0003054416687452502,0.08824696288729586,0.0008303663381839215,0.006140670426057782
0.5078125,False,False,False,False,True,False,False,False,0.19450467048777656,0.03676126846662276,0.19448905927353585,0.026295831894105035,0.5287783059648695,0.01352485121035485,0.0006730102462593264,0.004973002456476119
0.546875,True,False,False,False,False,False,False,False,0.42873482776467486,0.010960300253297127,0.058023671926874416,0.004031927251001901,0.4287355043161067,0.010962941550544508,0.058005169341977775,0.0005456575955226648
0.5859375,True,False,False,False,False,False,False,False,0.19849416509275025,0.19841660598205607,0.198493390223579,0.0018666501200292633,0.19848609888259314,0.005074129434169838,0.19848225663276162,0.0006867036320608932
0.625,False,False,False,False,True,False,False,False,0.0008484772438254884,0.0008483893516689087,0.04632454634981742,0.006269446655735073,0.666495384321463,0.2451899628331665,0.03317545352276866,0.0008483397215549335
0.6640625,False,False,False,False,False,True,False,False,0.04200255446432842,0.002925690921957533,0.042080163603664476,0.0010759663893164031,0.04208205882144197,0.8452871940000564,0.021620732996358555,0.0029256388028762945
0.703125,False,False,True,False,False,False,False,False,0.1492117306473179,0.001403207490066538,0.4056041109642721,0.00381427837604405,0.4055932274341828,0.020190657752299467,0.0038143634400085564,0.010368423895808524
0.7421875,False,False,False,False,True,False,False,False,0.17116565895331626,0.0005921559651085528,0.17116796992623184,0.004375440735202587,0.4652690321713322,0.1711601747468249,0.011894098565910852,0.004375468936072705
0.78125,False,False,False,False,True,False,False,False,0.171167460294649,0.0005921679245120946,0.1711683088082369,0.004375492306794637,0.4652663048428053,0.17116033785429774,0.011894363546322083,0.004375564422382174
0.8203125,True,False,False,False,False,False,False,False,0.39077013053131293,0.0004973451075763069,0.3907713787799018,0.009989292546142127,0.0528834405702295,0.1437464283837929,0.009990082453235346,0.001351901627809105
0.859375,True,False,False,False,False,False,False,False,0.3886512557010658,0.0004946798737457878,0.05259378771779993,0.003655253214369328,0.1429804901939682,0.3886663822330015,0.003655411957660209,0.019302739108389227
0.8984375,False,False,False,False,True,False,False,False,0.17116373726616116,0.0005921502327374945,0.17116529540206607,0.004375410982129522,0.4652699893393903,0.17116383146646996,0.011894125613161508,0.004375459697884073
0.9375,False,False,False,False,True,False,False,False,0.09526304226801957,0.0003295748849636116,0.09526672292372085,0.0024352389226758972,0.7039242974871278,0.0952654325960055,0.0066198107629361624,0.0008958801545505767
0.9765625,False,False,False,False,True,False,False,False,0.2333505816944731,0.0002969878317658134,0.03158085863704415,0.0021944458182922653,0.6343177818090989,0.08584471963715287,0.011607324851301327,0.0008072997208714744
1.015625,True,False,False,False,False,False,False,False,0.39234147679406683,0.0004994027753437822,0.39233133538053133,0.0036901516668322765,0.05308903424687756,0.010032176806253823,0.14432640642428232,0.003690015905812057
1.0546875,True,False,False,False,False,False,False,False,0.32344524130884117,0.008274942581508708,0.323451538679711,0.001119050322702534,0.01610267094599382,0.0030419130342580294,0.3234455689585087,0.0011190741684760591
1.09375,False,False,False,True,False,False,False,False,0.08583151440199475,0.0002970836713370577,0.23336741201306305,0.6343542564207975,0.011604459232763363,0.0008074970188005878,0.031542238911625595,0.0021955383296180272
1.1328125,False,False,False,True,False,False,False,False,0.15003746378831287,0.0014115059234948919,0.01043278589739799,0.4079105124284155,0.010433064434245482,0.4078856910430852,0.0014114432878059911,0.010477533197242084
1.171875,True,False,False,False,False,False,False,False,0.7039974427717635,0.006621537093992166,0.2589932520118704,0.002435587118182972,0.006621572594809844,0.0008959954116092817,0.01799886266049695,0.002435750337274929
1.2109375,False,False,False,False,True,False,False,False,0.0952635896634022,0.0003295884292184122,0.09526595316695748,0.0024353609477364194,0.7039270622142402,0.09526250722575501,0.006620022756283194,0.0008959155964069955
1.25,False,False,False,False,True,False,False,False,0.0952626168507547,0.000329575522021426,0.09526604034167376,0.0024352628528561166,0.7039264670053527,0.09526436884875382,0.006619796419000181,0.0008958721595872712
1.2890625,False,False,False,False,True,False,False,False,0.09526416312246135,0.0003295770842474454,0.09526325375422363,0.0024352545897971664,0.7039307835691201,0.09526076485528957,0.006620326908864228,0.0008958761159965314
1.328125,False,False,False,False,True,False,False,False,0.14375060506240114,0.009990761726624928,0.05288327262989217,0.0013518856767318198,0.39077179591366046,0.009992368306863945,0.3907619798054706,0.0004973308783549151
1.3671875,True,False,False,False,False,False,False,False,0.6797701994172709,0.0008652610257049294,0.2500699781540387,0.0008651988026682699,0.01242552979312742,0.0023520060587468392,0.006393495746824535,0.04725833100161845
1.40625,False,False,False,False,True,False,False,False,0.1903175786901054,0.013228181157591591,0.1903287368338441,0.07000504495695344,0.5173512236364551,0.013244696535773318,0.0006585168732435814,0.0048660213160335525
1.4453125,False,False,False,False,True,False,False,False,0.19742967161888125,0.0018567675145623674,0.1974309440049541,0.013724068055111423,0.5366792476897205,0.037300246616712086,0.013722359231959719,0.0018566952680986563
1.484375,True,False,False,False,False,False,False,False,0.5100337054476083,0.004797338445294657,0.18764081556942191,0.035446265797315156,0.1876337316796973,0.06900230544341886,0.004796687342350974,0.0006491502748929966
1.5234375,False,False,True,False,False,False,False,False,0.08805333078942738,0.006120592887859325,0.6506536586276748,0.000828086801331847,0.011912325670366828,0.0022509857510694324,0.23935292712605533,0.0008280923462149782
1.5625,False,False,False,False,False,False,True,False,0.002229576673817564,0.002230103936563708,0.08718606798572054,0.08713951720510221,0.08715364705833913,0.04483528007670955,0.6441908099038364,0.045034997159910925
1.6015625,True,False,False,False,False,False,False,False,0.3216214993838236,0.0004093327142229184,0.32162839758114176,0.003024560722024428,0.32162228965039075,0.02235925221161556,0.008222000354675596,0.0011126673821054314
1.640625,True,False,False,False,False,False,False,False,0.3149545114990741,0.0004008482158499347,0.3149621369477375,0.0029618695812422113,0.31495670330665093,0.042623109744974685,0.008051216608361684,0.0010896040961088478
1.6796875,False,False,False,False,True,False,False,False,0.08856734258737742,0.0008329043562023651,0.24075586352858858,0.002264053451353811,0.6544376556035876,0.0061548594965229915,0.006154426006640113,0.0008328949697270542
1.71875,False,False,False,False,True,False,False,False,0.10317519534243405,0.0026375424287693864,0.1031770843173151,0.0009702742280803526,0.7623740796081092,0.007171773946611248,0.019523777245861337,0.000970272882819356
1.7578125,False,False,True,False,False,False,False,False,0.01901360987549453,0.10061908492459849,0.27359160159454676,0.051686560578749895,0.2735756618300627,0.000946556152271937,0.27357197276375805,0.006994952280517641
1.796875,True,False,False,False,False,False,False,False,0.7408052258396121,0.006967937398807512,0.013557037895147688,0.0009428540963219524,0.10024898912291638,0.10025276940541418,0.03687833077749164,0.0003468554642885853
1.8359375,True,False,False,False,False,False,False,False,0.7645927352042666,0.0009731427199421101,0.10347301574180526,0.002645216401666198,0.10346849625245624,0.00264563303803694,0.01955646552615649,0.00264529511567022
1.875,True,False,False,False,False,False,False,False,0.32560715551829716,0.0030620783427546786,0.3256080740248717,0.008323279984437366,0.008324042272793384,0.0030619871983791685,0.32559898862956643,0.0004143940289000495
1.9140625,False,False,False,False,True,False,False,False,0.04086148449447788,0.007722479869074254,0.007735359235174314,0.001044928715100655,0.8209747289385472,0.007722192785616237,0.1110982068177351,0.002840619144274398
1.953125,False,False,True,False,False,False,False,False,0.08805476404539672,0.000828069174061705,0.6506487586051728,0.0008280569339023928,0.239354426844452,0.011916257837243427,0.006118752841180511,0.002250913718590525
1.9921875,False,False,False,False,True,False,False,False,0.17116501290875705,0.0005921478950843803,0.17116682777370626,0.004375392303768918,0.46526823617242385,0.17116289088383313,0.011894054517006283,0.0043754375454200176
2.03125,False,False,False,False,True,False,False,False,0.17116518225600025,0.0005921493646474878,0.17116542133817236,0.004375390400982562,0.465269800683002,0.1711627449189387,0.004375535537929815,0.011893775500326978
2.0703125,False,False,False,False,True,False,False,False,0.08633213450787286,0.00029867291662954586,0.23467886718241757,0.0022068961082012213,0.6379129178218191,0.03175921035865973,0.005999426576075805,0.0008118745283241796
2.109375,False,False,False,False,True,False,False,False,0.19168470158544546,0.001803271033781036,0.19172263854068225,0.004901455645742773,0.5211360638196847,0.07052524122343186,0.013325191236358258,0.004901436914873818
2.1484375,False,False,True,False,False,False,False,False,0.17116655867189798,0.0005922095810763534,0.46529717087656863,0.004375761583823369,0.17113117236345607,0.17116618998586447,0.00437586687591891,0.01189507006139431
2.1875,False,False,False,False,True,False,False,False,0.016584053059675682,0.00030335792645765964,0.08768461750303765,0.002241576122608586,0.6479133185697677,0.2383542082542186,0.006094264941242491,0.0008246036229917732
2.2265625,False,False,False,False,True,False,False,False,0.2346736263691598,0.00029867682578232376,0.03175656018651016,0.0022069302552635115,0.6379199366059132,0.08633296890134819,0.005999420894372958,0.0008118799616499534
2.265625,True,False,False,False,False,False,False,False,0.3571937443553433,0.003359196234617713,0.13140285804301796,0.0012357323669870135,0.3571824661624939,0.13139061848987843,0.017780785736814884,0.0004545986108467321
2.3046875,False,False,False,False,False,False,False,True,0.19851969108026626,0.005076092836388388,0.19852425895788026,0.0018670561864850262,0.037506502351954255,0.013796014212966055,0.005075521321887258,0.5396348630521726
2.34375,False,False,False,False,True,False,False,False,0.031759011215045985,0.0002986678673650749,0.08633170214907503,0.002206872453994829,0.6379172754220488,0.23467550842812823,0.0059991003061061424,0.0008118621582359406
2.3828125,False,False,False,False,True,False,False,False,0.031759269552020755,0.00029866647362714364,0.08633218864008606,0.0022068605599574404,0.6379172588302727,0.23467491196396487,0.005998987117739012,0.0008118568623320105
2.421875,False,False,False,False,True,False,False,False,0.09535798457812797,0.0008967422787522538,0.09535703773770267,0.0008967365513365946,0.7046116321898176,0.09535688811533932,0.00662623674509882,0.0008967418038246952
2.4609375,False,False,False,False,True,False,False,False,0.09535504392413464,0.0008967634489038267,0.09535789187320196,0.000896752098189891,0.7046134565291838,0.09535633444049361,0.006627011243176631,0.0008967464427156506
2.5,False,False,False,False,False,False,True,False,0.10321055953010483,0.002638821243091696,0.005131635199861711,0.000970703978967126,0.10321829628362303,0.019498382716930576,0.7626928907964867,0.0026387102509343157
2.5390625,True,False,False,False,False,False,False,False,0.32702913786936183,0.02272603978298285,0.32703564569392213,0.0030754181241453146,0.022728336668920473,0.12021998783426656,0.16882524249215883,0.00836019153424215
2.578125,False,False,False,True,False,False,False,False,0.06644187993127582,0.18055796690335912,0.06644401785195134,0.49103521566853986,0.18064200608826883,0.012554726783648542,0.0006250446325684209,0.001699142140388081
2.6171875,True,False,False,False,False,False,False,False,0.3125928987090293,0.0003978573727590005,0.01556057227315924,0.042255964101718134,0.3126014845417199,0.3125699552850105,0.0029398068792305092,0.0010814608373734028
2.65625,False,False,False,False,True,False,False,False,0.09526080688927543,0.0024353289233817505,0.09526395509970388,0.0008958968376266136,0.7039332093480702,0.09525999139638511,0.00662123566117609,0.0003295758443808743
2.6953125,True,False,False,False,False,False,False,False,0.31495659808179743,0.002962286769055309,0.31495935522849644,0.0010896168456722322,0.3149565415960381,0.008051239504513539,0.042623515430311905,0.0004008465441149907
2.734375,True,False,False,False,False,False,False,False,0.3929144163904515,0.003695914558054943,0.05313762094115929,0.39293747464383666,0.010048818635881267,0.1445466651740751,0.0013595636311154904,0.0013595260254257177
2.7734375,True,False,False,False,False,False,False,False,0.3149522251930146,0.00040086145214865936,0.3149629594076426,0.0029619329156024576,0.3149616634455955,0.04261930397673392,0.008051431161596144,0.0010896224476662048
2.8125,True,False,False,False,False,False,False,False,0.3260022836244055,0.001127834929759827,0.32600444080163204,0.003065741159593071,0.32600321487273914,0.008334881518885033,0.008333786961946138,0.0011278161310391607
2.8515625,False,False,False,False,True,False,False,False,0.08856777656471534,0.0022641137111801884,0.24075698891859018,0.0008329063183182162,0.6544355797086177,0.006154989231687439,0.0061547492688223135,0.00083289627806851
2.890625,False,False,True,False,False,False,False,False,0.25131852788997755,0.00031986172924749605,0.6831657628368711,0.006424498665379435,0.03401160518742185,0.017465329143980537,0.006424959103448992,0.0008694554436729773
2.9296875,False,False,False,False,False,False,True,False,0.18190903263056316,0.06675970809154254,0.18191759558513332,0.004650342532223274,0.06686543027911541,0.0017107567127162579,0.4944763430683566,0.0017107911003494953
2.96875,False,False,False,False,True,False,False,False,0.03313933166705671,0.0023039259836564394,0.046299380303630566,0.0008475004669115516,0.6658701735263165,0.24496503362487246,0.006262876993262662,0.0003117774342931864
3.0078125,False,False,False,False,True,False,False,False,0.007219239597262612,0.0003594029512940592,0.10387836499372366,0.007219098123855882,0.7675737146858211,0.103874552445219,0.007219811928002328,0.0026558152748212384
3.046875,False,False,False,False,True,False,False,False,0.03269466123442645,0.0008360369841739781,0.03269248959658324,0.0003075540230906717,0.6568623505629825,0.24163338066695256,0.03270099302734207,0.0022725339044485666
3.0859375,False,False,False,False,True,False,False,False,0.13254480693509688,0.0004585947791358205,0.13254636331890762,0.003388790267813476,0.36029789228032,0.36030546103336886,0.009211530162989246,0.0012465612223682757
3.125,False,False,False,False,True,False,False,False,0.09526305388320895,0.0024353555450566966,0.09526138316716148,0.0008958965395241171,0.7039296374939087,0.09526331244717906,0.006621783329468179,0.0003295775944928037
3.1640625,False,False,False,False,True,False,False,False,0.022471412902570077,0.0011144171413457172,0.00824250388613695,0.060932487640790914,0.8754919325164308,0.008234287274471822,0.022398670989733034,0.0011142876485208016
3.203125,True,False,False,False,False,False,False,False,0.6379325695835758,0.0002986995433481043,0.03175775863238201,0.0022073504221071945,0.23467954713964956,0.08631041540405532,0.006001717525174291,0.0008119417497076849
3.2421875,False,False,True,False,False,False,False,False,0.13254001609671826,0.003388707855650969,0.36031310909766956,0.0012465693835141838,0.3603115547836057,0.13252785871009165,0.009213607280689064,0.0004585767920606063
3.28125,False,False,True,False,False,False,False,False,0.02690968359022176,0.00187099761549138,0.5406862911183848,0.005085261597873215,0.19891059299947894,0.013823382625690016,0.013826284825623621,0.19888750562723617
3.3203125,False,False,True,False,False,False,False,False,0.1012020542911489,0.0003501236396399246,0.7478100595113797,0.0025870484647996478,0.10120106289497006,0.037229831483866584,0.00258707333027146,0.0070327463839238175
3.359375,False,False,False,False,True,False,False,False,0.0317591544618233,0.0002986679246743559,0.08633215940869896,0.0022068826150720435,0.6379163571874821,0.23467589856094315,0.005999014923433969,0.0008118649178721238
3.3984375,False,False,False,False,True,False,False,False,0.17116345632489766,0.000592143529669904,0.17116378076818786,0.004375370909873562,0.46527173462708377,0.17116437885488625,0.004375481011219401,0.011893653974181571
3.4375,False,False,False,False,True,False,False,False,0.09535735145406303,0.0008967576448322148,0.09535521157140374,0.0008967471691959294,0.7046122639098396,0.09535849031915208,0.0066264220413647665,0.0008967558901488399
3.4765625,False,False,False,False,True,False,False,False,0.1684549343695993,0.011709308578076859,0.02279095784101741,0.0015843004842038052,0.45794651087550664,0.16846754022271623,0.1684636179157912,0.0005828297130886344
3.515625,False,False,True,False,False,False,False,False,0.10015738840764546,0.0025611189126302607,0.7402109568098039,0.00034657581498912275,0.10014420661982273,0.0025611459346523537,0.002560988119798976,0.05145761938065712
3.5546875,False,False,False,False,True,False,False,False,0.0871344213422733,0.01176897978568981,0.016560091105341183,0.002229436685100701,0.6442151836437149,0.0008201021144857328,0.23697008830521682,0.000301697018177596
3.59375,False,False,True,False,False,False,False,False,0.0927636410338892,0.002373290431182393,0.2522963141024254,0.2521128704445902,0.25228721727650005,0.017539378738952026,0.0008730200142878575,0.12975426795817288
3.6328125,False,False,False,False,True,False,False,False,0.0699933562171014,0.004867443286085929,0.013532967331274813,0.013230310966543278,0.5174564457477044,0.19034631654522516,0.1899145273729739,0.0006586325330909633
3.671875,True,False,False,False,False,False,False,False,0.44402154138384164,0.004176286787700554,0.44403927052938885,0.0041758341041553725,0.011352513472373937,0.004175977459326685,0.08388249718204116,0.004176079081171769
3.7109375,False,False,True,False,False,False,False,False,0.23489513277669824,0.0008126679510259554,0.6385201697522672,0.0008126741863028461,0.0864136619515424,0.03172812658045004,0.006004908794238539,0.0008126580074746563
3.75,False,False,False,False,True,False,False,False,0.08632997290704335,0.00029867078494934544,0.234677579076984,0.002206897155127884,0.6379176757672164,0.03175831667104032,0.005999027357894392,0.0008118602797442569
3.7890625,False,False,False,False,True,False,False,False,0.09526287654889387,0.0003295775128925633,0.09526579226507531,0.002435246075500339,0.7039291797628852,0.09526151020574958,0.006619944052172164,0.0008958735768309467
3.828125,False,False,False,False,True,False,False,False,0.17035214635874438,0.0005893643566050645,0.17035587974462654,0.01183792883458164,0.4630772782133382,0.1703474202125378,0.011837953239316334,0.001602029040250082
3.8671875,False,False,False,False,True,False,False,False,0.013899894150028073,0.01390242763331744,0.20001065762986253,0.013898824616854577,0.5436917921617718,0.20000569253457146,0.013898752950922253,0.0006919583226718856
3.90625,True,False,False,False,False,False,False,False,0.5110312917402904,0.06915053925470141,0.18800429837420657,0.0017680462633762994,0.18795608862062543,0.0017680996221829644,0.0048069191315770225,0.03551471699304
3.9453125,False,False,True,False,False,False,False,False,0.05085874066288072,0.0035354336577988832,0.37588114659304056,0.026120979962973946,0.07101599372110555,0.37543515965876095,0.07102850612383152,0.026124039619607922
3.984375,True,False,False,False,False,False,False,False,0.7486781004983036,0.0009534463712024046,0.002593125282252319,0.0070457472001856005,0.10125885912115516,0.1012962218581274,0.037221259416699924,0.0009532402520734977
4.0234375,False,True,False,False,False,False,False,False,0.0008331472666717879,0.6544219716521429,0.006157779248375233,0.006189090662552741,0.08854634194839908,0.0008331484351456404,0.24075222367873184,0.0022662971079807086
4.0625,False,False,False,False,False,False,True,False,0.0003614732735012169,0.03837491852368663,0.0009826392814223047,0.038423977757982154,0.10435982412541628,0.038416352666433166,0.771817886491385,0.007262927880173257
4.1015625,False,False,False,False,False,False,False,True,0.007512870045153887,0.0010166006873768144,0.0027638078048252343,0.039726938896331415,0.03973198967508379,0.0027647467658912404,0.10804922859367688,0.7984338175316608
4.140625,False,False,False,False,False,True,False,False,0.012986300248643985,0.03527417345465,0.18660399566339225,0.0006459211126992137,0.06864318268204299,0.5074368042689719,0.001755890386150699,0.18665373218344905
4.1796875,False,False,False,False,True,False,False,False,0.006149503792275997,0.002262172481636136,0.0022620950496012467,0.006149215630499466,0.6538451449442807,0.2405400731391992,0.08848565860497938,0.00030613635752801163
4.21875,True,False,False,False,False,False,False,False,0.535563231938401,0.1970126494387519,0.01369433225451061,0.013695774104170938,0.03728978779853226,0.005041140883525766,0.19702138796657478,0.000681695615532829
4.2578125,False,False,True,False,False,False,False,False,0.18929623649127858,0.001780856739691733,0.5146843127040067,0.00484068498052778,0.025616250190508314,0.18930776222176576,0.004841417986163458,0.06963247868605776
4.296875,True,False,False,False,False,False,False,False,0.4652727165106007,0.0005921490434886239,0.17116515043637123,0.004375367015933061,0.17116269705988227,0.17116288086693543,0.00437548146281908,0.011893557603969446
4.3359375,False,False,False,False,True,False,False,False,0.08633276843921457,0.000298672496095168,0.23467981073660388,0.0022068870821435067,0.6379134382400709,0.03175740888662478,0.005999139184514955,0.0008118749347322436
4.375,False,False,False,False,True,False,False,False,0.17116457295860396,0.0005921505117337006,0.1711666331017613,0.004375413089436111,0.46526968289041265,0.17116192236021263,0.01189417066465721,0.004375454423182424
4.4140625,False,False,False,False,True,False,False,False,0.17116603555519516,0.0005921574360175539,0.17116711389336078,0.0043754550366173995,0.46526573454209125,0.17116406071726809,0.004375592621057439,0.011893850198392255
4.453125,False,False,True,False,False,False,False,False,0.0384241714454136,0.00036135194233118535,0.7717877707624019,0.007257880722132437,0.10444677480482407,0.03842099331845076,0.03831880743173229,0.0009822495727136882
4.4921875,False,False,False,False,True,False,False,False,0.04251636752255608,0.002115470986109196,0.015640950445887463,0.015653599437363275,0.6113489262995516,0.08266912717290714,0.005750981755263646,0.2243045763803616
4.53125,False,False,True,False,False,False,False,False,0.13254736446666296,0.00045858067686562663,0.36031722094898083,0.003388416531812632,0.3602827445349648,0.13254817327519366,0.009210962280733022,0.0012465372847866483
4.5703125,False,False,False,False,True,False,False,False,0.09524685748650384,0.00032958381635468767,0.09526742914229311,0.0024353160515472013,0.7039372571458217,0.09526711058188175,0.006620549439726143,0.0008958963358716572
4.609375,False,False,False,False,True,False,False,False,0.16328072052576934,0.0015355213991412673,0.16327001887106582,0.004173923677054506,0.44384130847958153,0.16328041973953145,0.06005320724689675,0.0005648800609592369
4.6484375,True,False,False,False,False,False,False,False,0.653833030736146,0.00030618636277666473,0.0022629445271638016,0.006151546515561078,0.24054373778825128,0.08848947266762103,0.0061504779886131485,0.0022626034138669548
4.6875,True,False,False,False,False,False,False,False,0.5733063287253973,0.03990562748629619,0.07759314103934078,0.014656941509481537,0.0053941825738101435,0.0007297106175848515,0.21082601470236947,0.07758805334571967
4.7265625,False,False,False,False,True,False,False,False,0.031757566545725605,0.00029867441056668153,0.08633006638062134,0.0022069471783516146,0.6379179883573046,0.23467780860425377,0.005999067439133502,0.0008118810840427954
4.765625,False,False,False,False,True,False,False,False,0.09526148076945931,0.00032957478577815013,0.09526580835426762,0.002435247357489969,0.7039266095570854,0.09526555221242797,0.006619852062594493,0.0008958749008970883
4.8046875,False,False,False,False,True,False,False,False,0.23334278531354438,0.00029698883731520977,0.03157782644768391,0.0021944490765182594,0.6343184448191829,0.0858446464477015,0.011617564281787202,0.0008072947762666137
4.84375,False,False,False,False,False,True,False,False,0.03686272310292833,0.002573842325577475,0.10061243065182239,0.0009468082760973931,0.10065673163306753,0.7438003802968512,0.0009468510417654228,0.013600232671890174
4.8828125,False,False,True,False,False,False,False,False,0.04065454299188761,0.0028258796066959954,0.816651833971467,0.0028273419878372175,0.00282550322515002,0.020879449705834642,0.002825494889578869,0.11050995362154856
4.921875,False,False,True,False,False,False,False,False,0.13253551653221063,0.0033884809059677463,0.3603004601729073,0.0012465126144878124,0.36030438402679293,0.13253898913084644,0.009227099034318653,0.00045855758246852
4.9609375,False,False,False,False,True,False,False,False,0.13254805883206883,0.0033888098255237756,0.13254329222473518,0.00045857465470636747,0.36030142693224276,0.009210952789824792,0.36030235235141117,0.0012465323894871084
5.0,True,False,False,False,False,False,False,False,0.29250610658952486,0.0027509166807749615,0.03957286541463255,0.02032652483000723,0.03957604740280097,0.2924541060715487,0.2924859465056745,0.020327486505036158
5.0390625,False,False,False,False,False,True,False,False,0.234677914086695,0.0008120445259513265,0.006001198646382218,0.031750117573704176,0.08632821585515159,0.6379242121088785,0.0002987149056406993,0.002207582297596523
5.078125,False,False,False,False,True,False,False,False,0.08768644812382015,0.00030335875076565905,0.2383594949499018,0.002241508057562727,0.6479271470977246,0.01656404727104041,0.006093395838918674,0.0008245999102661532
5.1171875,True,False,False,False,False,False,False,False,0.3220138601813718,0.001114022277820404,0.3220171784929184,0.0011140136949127789,0.32201642108999184,0.022377856947947927,0.008232640875662042,0.0011140064393747758
5.15625,True,False,False,False,False,False,False,False,0.32156266394306865,0.00040925972689350777,0.32156638092381085,0.003023990476671159,0.3215668409543187,0.02253813643403169,0.008220272709800205,0.0011124548314051217
5.1953125,True,False,False,False,False,False,False,False,0.32307857883142005,0.0030382694839613945,0.3230798337075049,0.0011176983455982164,0.32307872987143604,0.00303833410707133,0.022450863453576955,0.001117692199431071
5.234375,True,False,False,False,False,False,False,False,0.3220150553855428,0.0011140464299282267,0.32201839283701605,0.001114026875396509,0.32201536621808685,0.02237675667470059,0.008232339819227304,0.0011140157601017674
5.2734375,True,False,False,False,False,False,False,False,0.3260004991267686,0.0011278578250785978,0.3260079725128271,0.0030657757731043464,0.32600166387942564,0.008334559309773223,0.008333849332622151,0.0011278222404003688
5.3125,False,False,True,False,False,False,False,False,0.14838137790170555,0.0013954480185369475,0.4033505454681003,0.010310702612768707,0.40334448737986817,0.0037932347460686165,0.02802881251952984,0.0013953913534218787
5.3515625,True,False,False,False,False,False,False,False,0.4033203799642877,0.010310739390424721,0.148371752303771,0.0037928371075687923,0.020079301394525413,0.010310075729458357,0.4033016057447704,0.0005133083651935448
5.390625,False,False,False,False,False,False,False,True,0.19164397807055944,0.013330052050776678,0.0049027753127419025,0.004902574847020124,0.07052766042917424,0.19171541540489367,0.001803851916708214,0.5211736919681258
5.4296875,False,False,False,False,True,False,False,False,0.0010010139042807601,0.020119192626161023,0.039143650630563756,0.0003682379032329648,0.7863939411738693,0.10642731794846803,0.039148261142329076,0.007398384671095017
5.46875,False,False,True,False,False,False,False,False,0.1421807151501704,0.0036390675527775028,0.38656032327973994,0.0004921005020681745,0.05229149413024039,0.38660463727347977,0.026893999801038522,0.0013376623104852593
5.5078125,True,False,False,False,False,False,False,False,0.6485079105555873,0.00610377002971392,0.23856880214689494,0.0008256398323664753,0.016589545417665667,0.0008254719764366414,0.08775337379490247,0.000825486246432679
5.546875,False,False,False,False,True,False,False,False,0.0027341236489491472,0.1068564451193718,0.0010054381584026723,0.0027328198798698355,0.7897480885267757,0.05488898138601967,0.03930100619611767,0.002733097084493583
5.5859375,False,False,True,False,False,False,False,False,0.042623988040105344,0.0004008701437365289,0.3149621119588274,0.0029620242030699217,0.3149509569528697,0.3149578983143456,0.0010896536903379319,0.008052496696707549
5.625,False,False,False,False,True,False,False,False,0.17116390104715593,0.0005921472255176201,0.1711653738702347,0.004375394491731668,0.46526982000541767,0.17116399898474657,0.011893948906399403,0.004375415468796357
5.6640625,False,False,False,False,True,False,False,False,0.17116450477132492,0.0005921494512781662,0.17116463098220983,0.004375397751094942,0.4652697638726226,0.17116418237532433,0.004375570490871493,0.011893800305273757
5.703125,True,False,False,False,False,False,False,False,0.3571895886211418,0.0004545968309261507,0.13140271710500206,0.0033590080333944323,0.35718160743595395,0.1313976738889669,0.01777909253199358,0.001235715552621065
5.7421875,False,False,True,False,False,False,False,False,0.002886291572871244,0.002886363219090993,0.8340284417575362,0.021334327214733835,0.015266303350097444,0.007857158398312707,0.11285500217677975,0.0028861123105777594
5.78125,False,False,False,False,False,True,False,False,0.022600488966419835,0.004336312398371046,0.16961560854331312,0.0015952142181942794,0.16959355881406907,0.46105578758431126,0.0015952254863755388,0.1696078039889458
5.8203125,False,False,True,False,False,False,False,False,0.05108992280166511,0.001306064773803576,0.37751122228833417,0.0013060450723196603,0.3775180905464391,0.1388817699300047,0.05108083310598793,0.0013060514814457395
5.859375,False,False,False,False,True,False,False,False,0.19084997632309925,0.004879409318158352,0.009496343847582056,0.0017948728254614885,0.5187936778915101,0.07007505263041326,0.1908479414758903,0.013262725687885226
5.8984375,True,False,False,False,False,False,False,False,0.4010842028558245,0.0005104928165130594,0.40109027200614056,0.02787271893715307,0.14754684391359096,0.010254025706167536,0.01025382441529478,0.001387619349315472
5.9375,False,False,True,False,False,False,False,False,0.08857656837679807,0.006156073178519483,0.6545148205249528,0.0022643242865503276,0.006161342143873487,0.0008329951737239257,0.24066087141351047,0.0008330049020715342
5.9765625,False,False,False,False,True,False,False,False,0.03178471717084883,0.0008127244814659755,0.08640433734229512,0.0008126994965539752,0.6384875694802322,0.23488013797989993,0.006005130921162782,0.0008126831275410662
6.015625,False,False,False,False,True,False,False,False,0.002253884613067536,0.000828212570750166,0.08806217637780392,0.01181782654733189,0.6507170588373171,0.2393723959177142,0.0008282196414342274,0.006120225494580883
6.0546875,False,False,False,False,True,False,False,False,0.09526215642451151,0.00032958312959972173,0.09526634586883798,0.0024352838738041067,0.7039299679903884,0.09526083505088043,0.006619937371867641,0.000895890290110225
6.09375,False,False,False,False,True,False,False,False,0.03175915728094025,0.00029867263443624924,0.08633273666157394,0.0022069102928038136,0.6379181380422875,0.23467347803850971,0.005999042848644522,0.0008118642008040031
6.1328125,False,False,False,False,True,False,False,False,0.08632969343713898,0.0002986708950253696,0.23467694386842533,0.0022069114308144394,0.6379186534141669,0.03175823932610274,0.005999026766150409,0.0008118608621757782
6.171875,False,False,False,False,True,False,False,False,0.0952632417495198,0.0003295772426269065,0.09526521674738068,0.00243525589451555,0.7039302868208253,0.09526072708418266,0.006619821621970923,0.0008958728389781941
6.2109375,False,False,False,False,True,False,False,False,0.09535741872050124,0.000896769166088146,0.09535855147796427,0.0008967718135934855,0.7046150799111165,0.09535222821541972,0.006626430691554695,0.0008967500037619907
6.25,True,False,False,False,False,False,False,False,0.31495603193643046,0.0029620912890980654,0.3149598131867034,0.0004008535267468186,0.31495672534285063,0.008051576217912651,0.042623281524312114,0.0010896269759458125
6.2890625,False,False,False,False,False,True,False,False,0.03411658405530095,0.006448685616605851,0.0008728008372202152,0.002372804593192389,0.01753832823854295,0.6855675403443172,0.000872692100771672,0.25221056421404875
6.328125,False,False,False,True,False,False,False,False,0.10117805877292363,0.0372056474118828,0.007036939202764046,0.747866314997545,0.1011872311025194,0.0025876283690978276,0.0003501880745447635,0.0025879920687226637
6.3671875,True,False,False,False,False,False,False,False,0.6500907263310518,0.0022491427756579445,0.08798099752338306,0.0008273764100219073,0.23915479198477357,0.0022491143771934726,0.01662048326362952,0.0008273673342887937
6.40625,False,False,True,False,False,False,False,False,0.1498322788746259,0.010412100340455373,0.407291575334822,0.010411851553596686,0.40729102687015756,0.0038303447649017694,0.010412466187450517,0.0005183560739902736
6.4453125,False,False,True,False,False,False,False,False,0.033575252955590475,0.006342145863665708,0.6743871306557326,0.0008582770662283918,0.03357292643928288,0.0023330485290828313,0.24807293755587181,0.0008582809345453429
6.484375,False,False,False,False,True,False,False,False,0.013094752304266604,0.1883241817160804,0.0017715336326735915,0.025471957090966946,0.5119705192707672,0.06928898884491935,0.18830656211370184,0.0017715050266239865
6.5234375,False,False,True,False,False,False,False,False,0.1711571140325847,0.0005921933527030934,0.46528807080280143,0.004375677046069499,0.17115776278455402,0.17115898927867199,0.004375647748921007,0.01189454495369421
6.5625,False,False,False,False,True,False,False,False,0.08805513954312898,0.0008280837358877114,0.23936134139464996,0.0022509171764815857,0.6506457431787442,0.011911845427547385,0.00611886010124201,0.0008280694423181955
6.6015625,False,False,False,False,True,False,False,False,0.08798058773791717,0.0008273757708803886,0.2391586761484291,0.002249013499242482,0.6500876406384791,0.0022492918292784598,0.016620044870932077,0.000827369504841245
6.640625,False,False,True,False,False,False,False,False,0.03175991631131218,0.00029867797401200534,0.6379300303314174,0.0008118779965923422,0.08633024369987909,0.006000350383530735,0.23466193324429596,0.0022069700589603157
6.6796875,True,False,False,False,False,False,False,False,0.5779437203139103,0.005437818675048066,0.07822349795758445,0.0019997095248073635,0.005435899114048195,0.04019032691730522,0.07819988922615678,0.21256913827113968
6.71875,False,False,False,False,False,False,True,False,0.19267982155334792,0.004930362867200708,0.004928513633937738,0.0049307839516343115,0.004928688691762661,0.19274719374170934,0.5240025988269988,0.07085203673340852
6.7578125,False,False,False,False,False,False,False,True,0.029275509455027184,0.04094737118670425,0.07958459335832366,0.0007494789118077273,0.21630184510876094,0.015089187124362928,0.029298010790983476,0.5887540040640299
6.796875,True,False,False,False,False,False,False,False,0.449475751692008,0.060779087530272634,0.4494836578401055,0.004227421430270713,0.001555298514892464,0.011493344296119763,0.011492837763251045,0.011492600933079775
6.8359375,False,False,False,True,False,False,False,False,0.053198007379424414,0.0013604951301157708,0.14428133791588033,0.39305941895813995,0.010050026068313815,0.0013602175221317963,0.3929930109281173,0.0036974860978766827
6.875,False,False,False,False,True,False,False,False,0.010061777721711454,0.003690176007057324,0.14427348004695453,0.0036901325445476887,0.3923704012370319,0.39233738110951627,0.05307725817950979,0.0004993931536709613
6.9140625,True,False,False,False,False,False,False,False,0.5100431599809433,0.18760457710088876,0.1876288815310334,0.004801106536599277,0.03547229604528442,0.004798938777010225,0.000649387216450053,0.06900165281179059
6.953125,False,False,True,False,False,False,False,False,0.14231874836887662,0.0013399745824756763,0.38716196035901,0.0013397823315633092,0.05238901212097212,0.02696257424874592,0.0013397396321835613,0.38714820835617286
6.9921875,False,False,False,False,True,False,False,False,0.052472397133198886,0.0004937143360671859,0.14075442036700855,0.009921155974688223,0.38786900941253993,0.3878544150057664,0.001342072872812466,0.019292814897918342
7.03125,False,False,False,False,True,False,False,False,0.003788320388106612,0.0005125704840798064,0.14815700184554756,0.01029553864094675,0.40273108048778933,0.4027336724719935,0.0037875227769545126,0.027994292904582
