time_sec,Amusement,Anger,Disgust,Fear,Inspiration,Joy,Sadness,Tenderness,prob_Amusement,prob_Anger,prob_Disgust,prob_Fear,prob_Inspiration,prob_Joy,prob_Sadness,prob_Tenderness
0.0390625,False,False,False,False,True,False,False,False,0.04069995585289665,0.0028282608261437406,0.11063568923072511,0.007688475157374176,0.8175195868971041,0.014971548568902704,0.0028282876416878444,0.002828195825165655
0.078125,True,False,False,False,False,False,False,False,0.3966683857492306,0.0005048342963777232,0.396671175945622,0.02756319085389845,0.145925651798927,0.027564247454125095,0.003730247700923597,0.0013722662008956374
0.1171875,False,False,False,False,True,False,False,False,0.03421921520939979,0.0023779258958402214,0.25285931548598356,0.000874769648843249,0.6873420228080844,0.0023779052183245286,0.01757098351200241,0.002377862221521799
0.15625,False,False,False,False,True,False,False,False,0.17036311385849998,0.0016023112247174338,0.1703631275419358,0.011839422098334329,0.46313337699060025,0.17025388305846118,0.011855335415802401,0.000589429811648651
0.1953125,True,False,False,False,False,False,False,False,0.2861763549434633,0.1052453145254779,0.1052761291744409,0.0073168535170109366,0.10527609281047726,0.0009901457407579003,0.2861221170273542,0.10359699226101776
0.234375,False,False,False,False,False,True,False,False,0.005037657872992608,0.0006817115552421995,0.19702256317209824,0.01369334739947891,0.1970238629620091,0.5356133033752452,0.013695721055746199,0.03723183260718754
0.2734375,False,False,False,False,True,False,False,False,0.1313950898027748,0.0012357486990528762,0.13139158589731725,0.003359038056573733,0.3571895559708545,0.35719233550095353,0.017782052617571046,0.0004545934549022709
0.3125,True,False,False,False,False,False,False,False,0.22663536800456147,0.08337401095801415,0.00579505198840086,0.0021316709486084357,0.22661881259651,0.22666178507737353,0.22665162849354745,0.0021316719329841196
0.3515625,False,False,True,False,False,False,False,False,0.13254231662884258,0.0004585959692072854,0.36031451147636184,0.009211254547884521,0.36029361786879305,0.13254441093164201,0.0012465646786404233,0.00338872789862822
0.390625,True,False,False,False,False,False,False,False,0.3153307501775865,0.0010909186165155725,0.3153317942812908,0.0010908895124745951,0.3153293063803717,0.04267438261199327,0.008061068276338878,0.001090890143428714
0.4296875,False,False,False,False,True,False,False,False,0.08805455473793333,0.0008280907254745682,0.23936057750218329,0.002250948281600144,0.6506479186142978,0.011910489233310863,0.006119341632732853,0.0008280792724671632
0.46875,True,False,False,False,False,False,False,False,0.2735711184832364,0.051693123489805315,0.2735796334537554,0.006993707414929233,0.27356961694825593,0.019012995926624036,0.10063331337488654,0.0009464909085071368
0.5078125,False,False,True,False,False,False,False,False,0.14186917697718682,0.0013343332736440025,0.38565347922580295,0.0013342325584939022,0.3856518912492218,0.07296088119129766,0.009861755186005456,0.0013342503383474583
0.546875,False,False,False,True,False,False,False,False,0.11013478218426684,0.0010368581385695051,0.020834094444689755,0.8141625863887337,0.0028179644125577137,0.007669919758966183,0.04052615392321917,0.002817640748997009
0.5859375,False,False,False,False,False,True,False,False,0.07474503902134647,0.07472677433024089,0.07476157540516404,0.2032408156727948,0.014148361345876954,0.5524752514965158,0.0007034374365674943,0.005198745291493501
0.625,False,False,False,False,False,False,False,True,0.1918577569038726,0.013343525903543348,0.19191324021260556,0.004908095158103884,0.0695747499045156,0.004907316051491814,0.001805760681523504,0.5216895551843438
0.6640625,True,False,False,False,False,False,False,False,0.8016773433262254,0.0003754826627099877,0.001020576698043753,0.10842590075608755,0.03976709763598732,0.020609459043099156,0.007550958040692156,0.020573181837154682
0.703125,False,False,False,False,True,False,False,False,0.10877859818311288,0.0010248024115589395,0.020582257922911937,0.040050387255705505,0.8050161956851352,0.020737302031518464,0.002785583939657951,0.0010248725703992875
0.7421875,False,True,False,False,False,False,False,False,0.07001338001089884,0.517349568552762,0.01324234843247326,0.1902714873991821,0.19035872563066894,0.004866887628503538,0.000658620860887253,0.013238981484623965
0.78125,False,False,True,False,False,False,False,False,0.08661750770727533,0.0022145644231859494,0.6400335251774206,0.0022146667960341207,0.03186189546879408,0.0008146194473748381,0.2354285555998685,0.0008146653800465961
0.8203125,True,False,False,False,False,False,False,False,0.4010326775685007,0.0005106680805493691,0.010260704787125296,0.40109335609546226,0.1475717785059857,0.010257200246435658,0.027885512729029123,0.0013881019869117761
0.859375,True,False,False,False,False,False,False,False,0.4096021520967937,0.0038542288690022334,0.010479672209726903,0.010477058865211228,0.15069198944054227,0.0038543822615546256,0.4096226556825667,0.0014178605746024214
0.8984375,False,False,False,True,False,False,False,False,0.0043293014790469365,0.011779257740948557,0.004330280677370113,0.46007526210418725,0.004329272046098917,0.032148818127293304,0.022897182178129957,0.4601106256469248
0.9375,True,False,False,False,False,False,False,False,0.7581128388953277,0.01378647336141736,0.007131223133317709,0.0009650188226599624,0.10259640059897003,0.10260177950929282,0.013841266287583951,0.0009649993914306054
0.9765625,False,False,True,False,False,False,False,False,0.0065999570611861725,0.0004589263394133539,0.36049092707308106,0.0033912137623114402,0.36049194911555416,0.0033909699285955106,0.13260457842486353,0.13257147829499458
1.015625,False,False,False,False,True,False,False,False,0.2383488680852215,0.0003033955137344692,0.08768995180154911,0.0008246862897889827,0.6479306230170495,0.01656562321572516,0.002241767004115134,0.006095085072816193
1.0546875,True,False,False,False,False,False,False,False,0.6394667456724843,0.0002994216620285807,0.0022124841578522207,0.2352278530094878,0.03183023125292648,0.002213518872916668,0.0022125917725134086,0.0865371535997904
1.09375,False,False,True,False,False,False,False,False,0.07837879908867329,0.00200374742447737,0.579138003403728,0.01480544066973805,0.028830629643340176,0.07835336610836001,0.2130421677269999,0.005447845934683317
1.1328125,False,False,False,False,False,True,False,False,0.07015229092313272,0.001793602992910095,0.19069106379655726,0.01325495667568439,0.013253615611045108,0.5183946700280653,0.0017935224886338637,0.19066627748397122
1.171875,True,False,False,False,False,False,False,False,0.38569155740281735,0.0013343441640809007,0.14188893565622718,0.0013343277492364597,0.38569386055441934,0.07286302643326152,0.00985964221332848,0.0013343058266288158
1.2109375,False,False,False,False,True,False,False,False,0.09525784552453236,0.0024353712520358887,0.09526686175449481,0.0008959050024134863,0.7039321641002982,0.09526228294760801,0.006619992318988135,0.00032957709962906466
1.25,False,False,True,False,False,False,False,False,0.03675989385336209,0.03676902086685191,0.5288198365857943,0.001829593269480042,0.19453491238759466,0.004973618813618849,0.19448346029080965,0.0018296639324884589
1.2890625,False,False,False,False,False,True,False,False,0.03615676663870263,0.00034044397029169633,0.09839879852801907,0.0009254068839467346,0.09839065880229375,0.7270820086106436,0.002515530851910167,0.03619038571419237
1.328125,True,False,False,False,False,False,False,False,0.38710320346314236,0.0004926892322478451,0.052387632458883567,0.00989585200183491,0.3871041608726769,0.14240944768970337,0.01926775940707781,0.0013392548744332387
1.3671875,False,False,False,True,False,False,False,False,0.039132675273928434,0.10641603136586124,0.007403059696858061,0.7865154482478071,0.020142003986083866,0.03902105892088442,0.00036836207138461,0.0010013604371922427
1.40625,False,False,False,False,True,False,False,False,0.006645851333099188,0.006597677214012956,0.2580418693434289,0.0024270212540554456,0.7014288751482705,0.0065971864886755546,0.0003284366096808597,0.017933082608776577
1.4453125,True,False,False,False,False,False,False,False,0.3163524658720688,0.0010944680812848483,0.3163543754910252,0.0010944503770213478,0.31634357050368356,0.002975228801616035,0.04281037485240612,0.0029750660208940935
1.484375,False,False,True,False,False,False,False,False,0.23005845738097078,0.00588359571196947,0.6255453505867496,0.015991157868137398,0.08465337079933884,0.015993789393194763,0.01599155189518521,0.005882726364453993
1.5234375,False,False,False,False,True,False,False,False,0.08878124817420893,0.0008349709264810208,0.2413507687411614,0.0022696641520027388,0.6560535670760576,0.006170438593896391,0.002269670385701707,0.0022696719504903553
1.5625,False,False,True,False,False,False,False,False,0.1903324315560922,0.0006584622639486255,0.517381740112193,0.013225457217973868,0.1903294537032296,0.013232228056501037,0.0699748212326941,0.004865405857367606
1.6015625,False,False,True,False,False,False,False,False,0.14672745953250563,0.0005076114854072138,0.398851904578029,0.0037507251369356146,0.3988419067995142,0.019853667449539595,0.027715968367108275,0.0037507566509606244
1.640625,False,False,False,False,True,False,False,False,0.08654020714716257,0.00029939239001513965,0.2352442656918569,0.00221220462098518,0.6394497346066202,0.0318297184300251,0.002212249362646146,0.002212227750688762
1.6796875,True,False,False,False,False,False,False,False,0.5173524584126729,0.0006584573521559293,0.07001753429588196,0.013225405925016745,0.19032697947153,0.19032716519851345,0.013226589711062112,0.004865409633166883
1.71875,True,False,False,False,False,False,False,False,0.29868710524619047,0.007635485593513243,0.10987919387548983,0.020754942995642647,0.10987426432201941,0.15346494470936994,0.2986707185808976,0.0010333446768769341
1.7578125,False,False,False,False,True,False,False,False,0.10484705921765643,0.0026806641057444958,0.038571992169345475,0.0009861208786321337,0.7747940685647385,0.038563656367858835,0.038570314962024295,0.0009861237339997204
1.796875,False,False,False,False,False,False,True,False,0.006683816920629345,0.0066720019181389124,0.006669375825545816,0.0009026132635133192,0.2608561863561314,0.006669395983479689,0.7090932112421061,0.002453398490455388
1.8359375,False,False,False,False,False,False,False,True,0.09524943811300322,0.0008961352396992421,0.00032966886610554116,0.0024359595278673264,0.006622939562843701,0.09525091189778787,0.09526424315142584,0.7039507036412671
1.875,False,False,False,False,True,False,False,False,0.0959302959629767,0.0066698061823824845,0.09596426352320878,0.0009025870667588694,0.2608502303403839,0.2608504180477955,0.01813504085298027,0.26069735802351335
1.9140625,True,False,False,False,False,False,False,False,0.6658365114255368,0.0008476167865617484,0.006262460115323279,0.0023041362081656943,0.04636638649205451,0.24492591879251951,0.0003117839767134854,0.03314518620312499
1.953125,False,False,False,True,False,False,False,False,0.0004982077316178611,0.0036822750078481484,0.010006963087468478,0.39139237568297636,0.3913767992374472,0.1439551734482008,0.05196718346197961,0.0071210223424615395
1.9921875,False,True,False,False,False,False,False,False,0.09332939287725209,0.2538109435995756,0.2538825748000928,0.0008788401831575639,0.04864967245043339,0.2539116227247188,0.002388989176472179,0.09314796418829763
2.03125,True,False,False,False,False,False,False,False,0.6560497211521278,0.0022724358645132116,0.002270981447796492,0.002270799520496563,0.08878324479777026,0.006212149831357954,0.0008352064737299029,0.2413054609122077
2.0703125,True,False,False,False,False,False,False,False,0.23624954532992185,0.0022227916584962215,0.23626458605317335,0.0060428868341671285,0.23608853188975767,0.0022230611213998218,0.23623522850236667,0.04467336861071737
2.109375,True,False,False,False,False,False,False,False,0.3215630441966953,0.0004094100887669542,0.32164375863085304,0.00822603915135756,0.3216362936388916,0.022383200567630383,0.0030253462247041203,0.0011129075011009656
2.1484375,False,False,False,False,True,False,False,False,0.2407510812288027,0.0008329673696034253,0.08856986998491757,0.0008329354955605623,0.654439276627788,0.0061549072980356286,0.0022642071746090875,0.006154754820683074
2.1875,True,False,False,False,False,False,False,False,0.8340419324296631,0.0003905114058399783,0.11286401181294636,0.00784401824438305,0.007846386521159357,0.021323324890312488,0.007844704465782072,0.007845110229913486
2.2265625,True,False,False,False,False,False,False,False,0.5173909925250155,0.0006585155389696194,0.1903390852436058,0.013226705503091685,0.07000246307445508,0.19028738247859422,0.0048670858465899155,0.013227769789678108
2.265625,False,False,True,False,False,False,False,False,0.2564543993594331,0.0003264047387967267,0.697135575327206,0.006555937363894901,0.01273256325765425,0.017826466931624565,0.006556859113364187,0.0024117939080260287
2.3046875,True,False,False,False,False,False,False,False,0.3923302741372134,0.0004993440735408912,0.3923405050348007,0.0036896993250023252,0.053091959665830746,0.14432874396687714,0.003689742330705715,0.010029731466029087
2.34375,True,False,False,False,False,False,False,False,0.5524779702729383,0.000703130313635297,0.07476951637142791,0.014122693227509208,0.20323475913297032,0.07476565442623521,0.07473075429504362,0.005195521960240038
2.3828125,False,False,True,False,False,False,False,False,0.2498283191277325,0.0003179746042356795,0.67912189391582,0.006386643555730098,0.002350119091360491,0.012431112896304115,0.04721439890057108,0.002349537908245918
2.421875,False,False,False,False,False,True,False,False,0.037227466757397264,0.0003501555648371073,0.1011965240010085,0.002587389954564325,0.10119580731034886,0.7478218819232556,0.002587402690959385,0.00703337179762904
2.4609375,True,False,False,False,False,False,False,False,0.24213247595986404,0.0061911892513864105,0.006190640429775411,0.016828447951138976,0.2421182075019675,0.24214333253622108,0.24211842690434815,0.002277279465298393
2.5,False,False,False,False,True,False,False,False,0.13302571632411453,0.0034020293585671425,0.13303483527803536,0.0034044859322395057,0.3616408438631845,0.36163064126968736,0.00046029981956160126,0.003401148154610136
2.5390625,True,False,False,False,False,False,False,False,0.3149912698353478,0.00040089572076505703,0.3149951653666485,0.0029622074377227987,0.31499279707316497,0.04251556483624873,0.008052371993747713,0.0010897277363544767
2.578125,False,False,False,False,True,False,False,False,0.08682333972175175,0.0008164929194282976,0.23601341072441784,0.0008164849564681114,0.6415454817761723,0.006033234896738348,0.027135073029224823,0.0008164819757986031
2.6171875,True,False,False,False,False,False,False,False,0.40108309135789577,0.000510472814254403,0.4010899129439357,0.010252912689285262,0.14754990731346557,0.027872540958544478,0.010253590364667012,0.0013875715579518186
2.65625,False,False,False,False,False,False,True,False,0.187992933800607,0.03555597788249099,0.188000232947196,0.0048058227088253426,0.06910105154051678,0.00176796463572403,0.5110080195216761,0.0017679969629638213
2.6953125,False,False,False,False,False,True,False,False,0.037229344332921216,0.00035014470469217586,0.10119923633942161,0.0025872524337794494,0.10120177499060674,0.7478118845397562,0.002587224738778874,0.007033137920043732
2.734375,False,False,False,False,True,False,False,False,0.18796534427139738,0.01310720821149605,0.02543594391963745,0.0006503302213100653,0.5109367921154251,0.06913214123266628,0.18796670603607726,0.004805533991990228
2.7734375,True,False,False,False,False,False,False,False,0.7478120190739115,0.00035013948000565856,0.03723076923853118,0.0025871750978112514,0.10120324992644548,0.10119669716641005,0.007032769971641834,0.002587180045243087
2.8125,True,False,False,False,False,False,False,False,0.890330270358394,0.0011332931997282962,0.044326188251404906,0.008376823645352395,0.016300892163291683,0.022784253300446675,0.008374292606836605,0.008373986474545497
2.8515625,False,False,True,False,False,False,False,False,0.25308255264933804,0.0008755748958138718,0.6879644842017171,0.00238003072675426,0.034247980348476315,0.012599492790903735,0.002380079534041035,0.006469804852955749
2.890625,False,False,False,False,True,False,False,False,0.17116457978028335,0.0005921546960914017,0.1711651154429708,0.004375418569685399,0.46526987683165927,0.1711634874749312,0.004375600965420682,0.011893766238957923
2.9296875,False,False,False,False,True,False,False,False,0.0952655459311547,0.000329578681787095,0.09526687632345292,0.0024352600406019873,0.7039236885638214,0.09526324366345133,0.0066199160337281435,0.0008958907620024758
2.96875,True,False,False,False,False,False,False,False,0.3907641829924815,0.0004973414912182729,0.05288050856285851,0.009989232386635478,0.390769566141769,0.14375523315427116,0.0099920272992025,0.0013519079715636232
3.0078125,True,False,False,False,False,False,False,False,0.7477975289011959,0.002587467664048787,0.10120243281190816,0.0025871008789654986,0.007068006298934681,0.10119452132118688,0.03721281967728542,0.0003501224464746963
3.046875,False,False,False,False,True,False,False,False,0.17116104676032393,0.0005921813063272236,0.17116175959660207,0.004375699280492608,0.46527678096315417,0.17116192769527636,0.004375819189095337,0.01189478520872819
3.0859375,True,False,False,False,False,False,False,False,0.36028901219060194,0.0004585404899613095,0.13254157402346708,0.0033881427276457833,0.3602881138634131,0.13254180293402507,0.00924638062172043,0.0012464331491652942
3.125,False,False,False,False,True,False,False,False,0.13157800085970067,0.0012374521556933055,0.017805950127013758,0.0012374279291418135,0.3576714144799793,0.13156285942386578,0.35766941627607296,0.0012374787485324897
3.1640625,True,False,False,False,False,False,False,False,0.44392883001824013,0.001536089726745163,0.01135248712358671,0.004175730521293287,0.4439252374645993,0.030857388938691645,0.06004891504746375,0.004175321159380091
3.203125,True,False,False,False,False,False,False,False,0.8314037739204486,0.0010582550189469052,0.007819595193804225,0.002877101527800819,0.11251619496540066,0.015225837799753988,0.021275079152846627,0.00782416242099817
3.2421875,True,False,False,False,False,False,False,False,0.6432507261031667,0.0870485045451071,0.0870630003617076,0.006055392557307324,0.044776651982198615,0.0860655528205828,0.0008189904963843097,0.04492118113354555
3.28125,True,False,False,False,False,False,False,False,0.756459584271498,0.0026187925490531805,0.01385096776494099,0.00035420482000896264,0.10236227220050657,0.019370838789807193,0.002617198535335868,0.10236614106884938
3.3203125,False,False,False,False,True,False,False,False,0.0042453390251371405,0.0002981196179851057,0.03168959709756567,0.08606284546533578,0.6366944793547457,0.2342111217971256,0.0008103577413307532,0.005988139900774315
3.359375,True,False,False,False,False,False,False,False,0.36029943193370617,0.003388673519058368,0.13254369785187564,0.00045855780317963446,0.36030037296549683,0.13253340590531945,0.009229378393732158,0.0012464816276317606
3.3984375,False,False,False,False,False,True,False,False,0.184480539452282,0.0017351118140935566,0.024496415912655684,0.18444614874237644,0.034856441747045414,0.5014816315599537,0.0006382866492272104,0.06786542412236592
3.4375,False,False,False,False,True,False,False,False,0.031787217967110586,0.000812592210464173,0.0864087995850658,0.0008125895603171751,0.6384809645797176,0.23488090591232416,0.00600434986390448,0.0008125803210959486
3.4765625,False,False,False,False,True,False,False,False,0.03175207295665087,0.0002986784514039062,0.0863338789684789,0.0022069909455891194,0.6379247608827253,0.2346726662160399,0.005999077600446813,0.0008118739786651739
3.515625,False,False,False,False,True,False,False,False,0.09988943841030579,0.0003455925766491783,0.09989214232357489,0.002553581979991148,0.7381231306296201,0.051312787691013016,0.006943929616411388,0.0009393967724344196
3.5546875,True,False,False,False,False,False,False,False,0.2771101251250975,0.03743788800806898,0.10199515491135096,0.007087646548569888,0.2772506254655733,0.01926706104057893,0.27724409190542293,0.002607406995337716
3.59375,True,False,False,False,False,False,False,False,0.41218259558058806,0.0038765601852603316,0.0557832761551099,0.0005246215355185717,0.05578503713829589,0.05578454994252704,0.4121868263359068,0.003876533126793415
3.6328125,False,False,True,False,False,False,False,False,0.03409838377445689,0.017520311092607165,0.684959427360229,0.0023696675794354014,0.000320700266941314,0.006443498930458142,0.2519182054868442,0.0023698055090280376
3.671875,True,False,False,False,False,False,False,False,0.5173634927831641,0.00486606192637074,0.013226700303007679,0.000658506681221962,0.013228529445682263,0.19033473464745543,0.07000432826903875,0.19031764594405895
3.7109375,False,False,False,True,False,False,False,False,0.020165369182168377,0.0027320205410426646,0.039256974557782966,0.7887509619655422,0.002731750307392283,0.03926656996642975,0.0003692990376814619,0.10672705444196029
3.75,False,False,False,False,True,False,False,False,0.17116337172105137,0.0005921613128619401,0.17116631772877716,0.0043754626717692905,0.465278573630369,0.17115495033008207,0.004375444348352558,0.011893718256736642
3.7890625,True,False,False,False,False,False,False,False,0.6500780332331347,0.0022489396233755956,0.08797820621672034,0.0008273293335002733,0.23915004650258215,0.0022489668578277457,0.016641148645732257,0.0008273295871268212
3.828125,True,False,False,False,False,False,False,False,0.6479276725488804,0.00030335019544859175,0.0876876667489431,0.0022414665199648825,0.23835971316417678,0.01656248786582507,0.006093056564880112,0.0008245863918811864
3.8671875,False,False,False,False,True,False,False,False,0.08776081919316571,0.006098448945666793,0.011876818341772202,0.0008252861279355837,0.6484735898707742,0.006102076729037546,0.23855935492875635,0.00030360586289164006
3.90625,False,False,True,False,False,False,False,False,0.005662252407149666,0.041844667955061934,0.6020783617055087,0.0020829779134694474,0.029971386086749686,0.2214872288006001,0.08148103151789093,0.01539209361356941
3.9453125,False,False,False,False,True,False,False,False,0.005132854020938976,0.013952573847379336,0.0738547595386828,0.005132754620457042,0.5457886831687847,0.28038891052127435,0.07386123747038627,0.0018882268120966727
3.984375,False,False,False,False,True,False,False,False,0.0022515877292694146,0.000828226712764055,0.23936572301477207,0.00612001804285168,0.6506629340548749,0.08803932882741809,0.0008281749111283327,0.01190400670692146
4.0234375,False,False,False,False,True,False,False,False,0.10063766066996455,0.002572638007920669,0.037021831576529954,0.0009463925173418531,0.7436217432222908,0.10063711784167385,0.013616221209439491,0.000946394954838882
4.0625,False,False,True,False,False,False,False,False,0.04146516806297026,0.0010600380933083848,0.8328887957045308,0.021292006825916504,0.04145399696595499,0.002881398509359992,0.057898580356793204,0.0010600154811659177
4.1015625,False,False,False,False,True,False,False,False,0.0074887240492740575,0.03962030471969876,0.03962706123373193,0.0010132740123232227,0.7960275852679932,0.1077142589500838,0.0010132801321957178,0.00749551163469921
4.140625,False,False,True,False,False,False,False,False,0.0012530915590260878,0.13319671434880528,0.3621453729417539,0.001252927771497101,0.0034061259984175924,0.13320577883210188,0.0034060019871956218,0.3621339865612026
4.1796875,False,False,True,False,False,False,False,False,0.1325473256219496,0.0004585511334408603,0.3603040643993094,0.0033882323796817207,0.36029842357249325,0.13254651636888581,0.009210419524838472,0.0012464669994009718
4.21875,False,False,False,False,True,False,False,False,0.09526510621832468,0.00032957198370739746,0.09526570129059034,0.0024352164058381812,0.7039230865130779,0.09526542106452178,0.006620028204569389,0.0008958683193703804
4.2578125,False,False,False,False,True,False,False,False,0.23355417902667103,0.000807998102513375,0.03160575317705777,0.0008079881575834483,0.6348693995590434,0.08592025478785807,0.011626427157112592,0.0008080000321602787
4.296875,True,False,False,False,False,False,False,False,0.24211273425722965,0.006190116897630209,0.24213223219897753,0.006190025407556457,0.24213438986652816,0.24213282553452306,0.01683055188098812,0.0022771239565667835
4.3359375,False,False,True,False,False,False,False,False,0.10015626814232398,0.00034652777673085727,0.7400842644172807,0.002560441142997097,0.03683765487810664,0.10015206763203444,0.0009419265478817122,0.01892084946264442
4.375,False,False,True,False,False,False,False,False,0.13254420386141993,0.0004585708832369303,0.36030808595130726,0.0033884012178997253,0.36029783976863455,0.13254450105567198,0.009211899391740882,0.0012464978700886791
4.4140625,False,False,True,False,False,False,False,False,0.18153134170627896,0.004640853267528957,0.49347576449014224,0.004640704616612794,0.06677257703378159,0.18153600668302217,0.066774705818888,0.0006280463837452977
4.453125,True,False,False,False,False,False,False,False,0.7543372475352053,0.0009601969686189847,0.01381423431338552,0.10207314207444448,0.10208096304441416,0.01928485532602811,0.007096157906055917,0.0003532028318474885
4.4921875,False,False,False,False,True,False,False,False,0.002395013740310063,0.0008811143876533014,0.2546312489616813,0.006510969791059122,0.6922189820670813,0.03445719729488985,0.0023948826628309478,0.006510591094493906
4.53125,True,False,False,False,False,False,False,False,0.5110123805548061,0.18798361002301553,0.0017682784447486239,0.03552413094202887,0.0691349816608444,0.0017682109498096217,0.1880017305593106,0.004806676865436195
4.5703125,False,False,False,False,True,False,False,False,0.03178743194526584,0.00081263941632044,0.08640864742780671,0.000812624972260574,0.6384875041118363,0.23487364507643438,0.006004880442527393,0.0008126266075484292
4.609375,False,False,False,False,True,False,False,False,0.09526382430385129,0.0003295805949702879,0.09526493523134555,0.0024353396615642096,0.7039308332275607,0.09525972949361489,0.006619881913583929,0.0008958755735090854
4.6484375,False,False,False,False,True,False,False,False,0.23487736953251082,0.0008125993783693708,0.03178636039109717,0.0008125946424590295,0.6384879025739391,0.08640576808186753,0.006004817686999169,0.0008125877127578431
4.6875,False,False,False,False,True,False,False,False,0.17035300608140963,0.011838410723191015,0.1703547495520304,0.0005893539629012198,0.4630745680745076,0.011837573311398236,0.17035030126678363,0.0016020370277782638
4.7265625,True,False,False,False,False,False,False,False,0.579169168263913,0.005446905811659258,0.078379304079144,0.014805596580771886,0.028813504630289578,0.07835805708850832,0.21302376334923184,0.0020037001964821315
4.765625,True,False,False,False,False,False,False,False,0.32268149756645104,0.0004106847540455183,0.32268557667940034,0.003034576137280763,0.32268583677208507,0.02243271507896915,0.003034568617908947,0.0030345443938590783
4.8046875,True,False,False,False,False,False,False,False,0.32162647435937114,0.00040933131360306645,0.3216280960001517,0.0030245448771091133,0.3216276128623964,0.008221709469199886,0.02234956526788553,0.0011126658502833453
4.84375,True,False,False,False,False,False,False,False,0.3220142794594759,0.0011140131194992482,0.3220169677005386,0.0011140135928259186,0.32201710145956164,0.02237730877986815,0.008232313279970337,0.0011140026082602443
4.8828125,True,False,False,False,False,False,False,False,0.3607902496939059,0.0012481770589284856,0.13272696586299845,0.0012481512188376974,0.36079432485905694,0.1327211265513398,0.009222852104474698,0.0012481526504580394
4.921875,True,False,False,False,False,False,False,False,0.3260041219246635,0.0030657867114287397,0.32600291548355287,0.0011278041416700514,0.3260040286594934,0.008333789488415528,0.008333755131384943,0.0011277984593908398
4.9609375,False,False,False,False,True,False,False,False,0.2385700558738199,0.0008253463956200696,0.08776527686239288,0.0008253400303116649,0.6485064710222597,0.006098873776890544,0.0165833043326358,0.000825331706069451
5.0,False,False,False,False,True,False,False,False,0.039620057570790825,0.03962031079196869,0.10772572285749539,0.0010132074969925907,0.79603327439571,0.007486549665112798,0.007487719343614301,0.0010131578783152875
5.0390625,True,False,False,False,False,False,False,False,0.3219982789863194,0.016022428042184973,0.3220034851687391,0.0011139922250458648,0.321986116404844,0.008233097159584809,0.008232791086166823,0.000409810927115057
5.078125,True,False,False,False,False,False,False,False,0.409623487995287,0.0038523891051141486,0.40961829741574457,0.010472031938039198,0.15069184649942652,0.010472383465792316,0.003852425382443582,0.0014171381981526276
5.1171875,False,False,False,False,True,False,False,False,0.08827048124595613,0.0008301341942576247,0.23995047641164033,0.0022565132634939575,0.6522389385020856,0.011940406037914589,0.0022565405037377477,0.0022565098409138553
5.15625,False,False,False,False,True,False,False,False,0.006152213130625466,0.0003061308708855432,0.08848875279720338,0.0022620037295496692,0.6538462021371721,0.24053393103567142,0.002262013222602952,0.006148753076289261
5.1953125,False,False,False,False,True,False,False,False,0.11994384228792974,0.001127974842455789,0.11994586317152646,0.022656138375399378,0.3260442226715086,0.3260377003798312,0.022656471355150934,0.06158778691619788
5.234375,False,False,False,False,True,False,False,False,0.1917117639533742,0.001802892625324838,0.19171578176050583,0.004900713109316201,0.5211204831975758,0.0705259278063054,0.004900798731857009,0.013321638815740852
5.2734375,True,False,False,False,False,False,False,False,0.7408431335868255,0.0009428984853832426,0.10026060011505361,0.006967058207582513,0.013566656309610051,0.10025932347294421,0.03681346262748811,0.000346867195112744
5.3125,True,False,False,False,False,False,False,False,0.40336045473207294,0.0037948599081965434,0.02805968086061988,0.0013957906578805513,0.40335188481729145,0.001395864329596887,0.14832532173168253,0.0103161429626593
5.3515625,True,False,False,False,False,False,False,False,0.4653502048634095,0.011904167117428954,0.032346383474655786,0.011900106055457493,0.4653667876236284,0.00437776992224049,0.004377272692371593,0.00437730825080781
5.390625,False,False,True,False,False,False,False,False,0.022006477926668027,0.0029781454610147123,0.3166020061021598,0.05983326917082969,0.11646599282971119,0.002977596674304982,0.1625935585669203,0.31654295326839144
5.4296875,False,False,True,False,False,False,False,False,0.23695998147840433,0.00030167848340428854,0.6442363030564365,0.002229041137778509,0.08718157905834575,0.0008200179211634899,0.01647804489353273,0.01179335397093425
5.46875,False,False,False,False,False,True,False,False,0.0026358661043349666,0.0003566991813830188,0.0194749015730474,0.10305434460746538,0.10306848556974177,0.761608598543323,0.007165306902981979,0.0026357975177226252
5.5078125,False,False,False,True,False,False,False,False,0.24572912457402812,0.0003130912103116326,0.033209658099841756,0.6681557681396068,0.033234741982424904,0.006289109582182811,0.0008506163045349549,0.012217890107068956
5.546875,True,False,False,False,False,False,False,False,0.7624047630063855,0.002639050940714385,0.10316060401986783,0.0009707881334980357,0.10317560278441187,0.0009706248799698545,0.019503449561808408,0.007175116673344065
5.5859375,True,False,False,False,False,False,False,False,0.6479265698964201,0.0008247009006100446,0.23836081307470527,0.016564563584912057,0.006094007099973945,0.00030337101288047016,0.08768426046472962,0.002241713965768567
5.625,True,False,False,False,False,False,False,False,0.6495121690025012,0.00030414874784130794,0.08790339081862407,0.0022474299937863544,0.2389321048768947,0.01660589666891254,0.0022473235214617933,0.0022475363699779516
5.6640625,False,False,True,False,False,False,False,False,0.08856828671533307,0.0022647122408198557,0.6544645355786302,0.006155268962007592,0.006155390234621084,0.0008329831298062667,0.24072583033041695,0.0008329928083650829
5.703125,True,False,False,False,False,False,False,False,0.6995654464657693,0.09466020123865294,0.0008906484077586507,0.0024209355254241035,0.09466799244024525,0.09467094526533572,0.012796225047068125,0.0003276056097459536
5.7421875,False,False,True,False,False,False,False,False,0.1970475057270901,0.0006819619452859068,0.5356718848440777,0.013707507676114146,0.037262877748586366,0.01370117720395197,0.1968835140249705,0.00504357082992343
5.78125,True,False,False,False,False,False,False,False,0.6897267249217248,0.0003229678532230729,0.03433810147136137,0.006486764716433774,0.006517158897200903,0.25373393141510686,0.0023872928345501357,0.006487057890399217
5.8203125,True,False,False,False,False,False,False,False,0.8376264080171967,0.007878048402529862,0.11335999541742778,0.007878095292621528,0.007877299637298768,0.0010660541744385093,0.021416109139504248,0.002897989918982571
5.859375,False,False,False,False,True,False,False,False,0.17850099978959053,0.02415377596820542,0.06566849464809159,0.0006175537413718702,0.4852212798385502,0.06565719945500782,0.17850199629955202,0.001678700259630729
5.8984375,True,False,False,False,False,False,False,False,0.7478314593128306,0.002587305583774135,0.1012043308216038,0.002587235563023301,0.0070392160363854815,0.03722260372478393,0.10117769566743295,0.0003501532901658958
5.9375,False,False,False,False,True,False,False,False,0.13143011463260154,0.00045472747713934186,0.01778673082969555,0.13138672677822655,0.35724494592622136,0.35710046400829815,0.0012361400394112353,0.003360150308406361
5.9765625,False,False,False,False,True,False,False,False,0.08768543838092172,0.00030336026772115966,0.2383606432393525,0.0022415244502445937,0.647924569296858,0.016566642182387258,0.006093217612340162,0.000824604570174573
6.015625,True,False,False,False,False,False,False,False,0.40106467259498707,0.0005104487025507827,0.4010747698697332,0.010252721158455947,0.1475458819060144,0.02791129172608806,0.010252700870656235,0.0013875131715143135
6.0546875,False,False,True,False,False,False,False,False,0.1711617920479068,0.004375681043182982,0.46527655353983755,0.011894024330501024,0.17116570562271297,0.004375562103836777,0.17115851659735126,0.0005921647146705298
6.09375,False,False,True,False,False,False,False,False,0.021577047255248345,0.0010724671232466819,0.8425238354539495,0.007925626563863447,0.04194285937135823,0.04194109531264196,0.0010724517736762818,0.041944617146015654
6.1328125,False,False,True,False,False,False,False,False,0.051013923625120965,0.0004798232673826647,0.3769796045926195,0.003545375910075792,0.37698839580896987,0.13868904434965174,0.05099953596162532,0.0013042964845541433
6.171875,False,False,True,False,False,False,False,False,0.14833210392443055,0.010315164540458145,0.403372793312973,0.0013957406838519247,0.4033502755499836,0.02804396088117717,0.0013958096728463383,0.003794151434279184
6.2109375,True,False,False,False,False,False,False,False,0.3149634340834443,0.0004008537916135722,0.31496440026148725,0.0029619074690889397,0.3149601668730723,0.00805156473400704,0.042608048582951454,0.0010896242043350586
6.25,False,False,True,False,False,False,False,False,0.24075186148363711,0.000832897581877135,0.6544394051097551,0.0022640224768658997,0.08856677938674339,0.006157705294580343,0.00615444377709452,0.0008328848894465601
6.2890625,True,False,False,False,False,False,False,False,0.31495803061699007,0.00040084702430692607,0.31496063449121936,0.002961835441274772,0.3149563532869986,0.04262140183065999,0.008051296827253165,0.0010896004812970678
6.328125,False,False,False,False,True,False,False,False,0.08768715538585932,0.0003033585370803931,0.23836129038460172,0.0022415099838459683,0.6479246698523947,0.016563849313546535,0.0060935628069182434,0.0008246037357531348
6.3671875,False,False,True,False,False,False,False,False,0.2383495121761787,0.0003033450566065447,0.6479058527458486,0.0022414159125110915,0.08768262402869462,0.0165992277741267,0.006093447758104612,0.0008245745479292055
6.40625,True,False,False,False,False,False,False,False,0.46608831513541876,0.0016124555180877698,0.17146528981499756,0.0016124314917405453,0.17146166479142158,0.1714621025818086,0.01191467467301964,0.004383065993505625
6.4453125,False,False,True,False,False,False,False,False,0.17035568391527356,0.0005893716126201365,0.4630809025376808,0.01183756989070601,0.1703546184554191,0.01184005852288843,0.17033974318327222,0.0016020518821398164
6.484375,True,False,False,False,False,False,False,False,0.3769917932574061,0.0013045595972593675,0.05100742019791383,0.1386930322050892,0.37695826614177563,0.05101845026158023,0.0004798757368235165,0.0035466026021521296
6.5234375,False,False,True,False,False,False,False,False,0.05231559980931889,0.0036357503382778815,0.3865868606233976,0.000492013400423347,0.3865801540247826,0.026865492279224776,0.1421866675489168,0.001337461975658172
6.5625,False,False,True,False,False,False,False,False,0.14916510128171337,0.001403486742373867,0.40562761554596205,0.003815113669816239,0.4056114902467043,0.010380400093508357,0.003815203200268126,0.02018158921965375
6.6015625,False,False,False,False,True,False,False,False,0.09526651933869221,0.00032957997314435913,0.09526644711564936,0.0024352682254711964,0.7039214844857243,0.09526458017310857,0.006620231117751033,0.0008958895704589632
6.640625,False,False,False,False,True,False,False,False,0.09526578285537324,0.0003295770699961671,0.09526629394355024,0.0024352438392300805,0.7039221283160043,0.09526384052961938,0.006621257464718374,0.0008958759815083129
6.6796875,False,False,True,False,False,False,False,False,0.1325480320382563,0.0004585514245151019,0.3603031262794845,0.0033882342920060694,0.36029856084787726,0.1325459166035211,0.009211112333470897,0.0012464661808687567
6.71875,False,False,True,False,False,False,False,False,0.13254620468728998,0.0012465189225340572,0.3603021262561942,0.003388293172100099,0.13254690636277047,0.009211008975550258,0.3603003851131902,0.00045855651037077433
6.7578125,False,False,False,False,True,False,False,False,0.20478947107566436,0.07534063365075779,0.07535715881161137,0.0019264425533843852,0.5567656796155102,0.0052368182391581124,0.07534677124126048,0.005237024812653297
6.796875,True,False,False,False,False,False,False,False,0.3602999512050395,0.001246588870971545,0.1325457539637479,0.00045856762123933504,0.36030278850253666,0.13254681773159727,0.003388416670141871,0.009211115434725982
6.8359375,False,False,False,False,True,False,False,False,0.031757927621728924,0.00029867458065463464,0.08633064507356228,0.002206932957461468,0.6379187145155485,0.23467618935073437,0.005999041743998509,0.0008118741563113188
6.875,False,False,False,False,True,False,False,False,0.09526360684997116,0.00032957459276058884,0.09526521832229025,0.002435247412427572,0.7039258088223467,0.09526482361538323,0.006619848963119832,0.0008958714217005843
6.9140625,False,False,False,False,True,False,False,False,0.0953573707176321,0.0008967541085760295,0.09535767050274123,0.0008967497205022978,0.7046126388694329,0.09535555993065302,0.006626510264712378,0.0008967458857500647
6.953125,False,False,True,False,False,False,False,False,0.0523160330085697,0.003635469219629366,0.386570898041559,0.0013373660847406225,0.3865727065532263,0.026870717680788487,0.14220482114785274,0.0004919882636339355
6.9921875,True,False,False,False,False,False,False,False,0.4365825844017218,0.000555760654688182,0.004108177753321439,0.030355105430044695,0.43646348757814346,0.011165612509533539,0.02171458234403482,0.05905468932851194
7.03125,False,False,True,False,False,False,False,False,0.2582904685786181,0.0008937593548273161,0.702155842609789,0.006603799046030428,0.0008937437602159843,0.006604811204544938,0.017953758381839012,0.006603817064135195
