time_sec,Amusement,Anger,Disgust,Fear,Inspiration,Joy,Sadness,Tenderness,prob_Amusement,prob_Anger,prob_Disgust,prob_Fear,prob_Inspiration,prob_Joy,prob_Sadness,prob_Tenderness
0.0390625,True,False,False,False,False,False,False,False,0.6946566861360342,0.0008841045885352257,0.2555524191779892,0.00653299329430771,0.017757405662793727,0.017758613773525632,0.006532530252706132,0.00032524711410823493
0.078125,False,False,False,False,False,False,False,True,0.002214204396946153,0.002214141396074897,0.0008145293448706646,0.000814538331015438,0.08661646784129141,0.0318633514821127,0.235447053002273,0.6400157142054158
0.1171875,False,False,False,False,True,False,False,False,0.0038142586963788917,0.003814434972015272,0.14920962852172726,0.001403184333477896,0.4055984538543333,0.40559876722587157,0.010368704900750965,0.020192567495444746
0.15625,False,False,False,False,True,False,False,False,0.059437830664410045,0.0041307153431392385,0.021865851448816063,0.004130565929314413,0.43920977517917226,0.4391815852243018,0.001519510839269445,0.03052416537157691
0.1953125,False,False,False,False,True,False,False,False,0.03220594176535663,0.004360318045548175,0.011847353939317587,0.008484472466241934,0.46344695797099905,0.46344907376148226,0.0043586241044683005,0.011847257946585895
0.234375,False,False,False,False,True,False,False,False,0.007664857236503077,0.0010372831090091558,0.007665265726204828,0.00281961028167937,0.8150155940372399,0.11029994821190454,0.014923574098349622,0.04057386729910951
0.2734375,False,False,False,False,True,False,False,False,0.0059866639398150345,0.0022023538824376297,0.01627443769879247,0.044247748270370854,0.6365918561689616,0.04424033711074217,0.01627633228051175,0.23418027064836844
0.3125,True,False,False,False,False,False,False,False,0.7039523349975276,0.006620272352312206,0.09525061297578936,0.00032958357157610035,0.09524512936512265,0.0024385658952785546,0.09526758418854156,0.0008959166538518544
0.3515625,False,False,False,False,False,True,False,False,0.03412899596559606,0.0008724994794518747,0.2522007712403908,0.002371687307356668,0.017554142377096214,0.6855524020802246,0.006447016546680783,0.0008724850032031628
0.390625,True,False,False,False,False,False,False,False,0.3602998742471008,0.0004585493884870756,0.36029630397874235,0.0012464507483456505,0.13254731367141032,0.1325465670677456,0.00921672474786958,0.003388216150298578
0.4296875,False,False,False,False,False,True,False,False,0.19071140365133452,0.0017934996453692269,0.19071245505107978,0.0017934746821642593,0.013252646353709608,0.5184085450933923,0.07006048768843713,0.01326748783451316
0.46875,True,False,False,False,False,False,False,False,0.36029167978606946,0.00045859229256666156,0.3603094113079339,0.003388543991260419,0.13254070604619814,0.13255162019524203,0.009212925298965004,0.0012465210817645042
0.5078125,False,False,False,False,True,False,False,False,0.0024203850714086496,0.0024209552942228564,0.012808696293096581,0.0008903950565225489,0.6995976407642539,0.2573650228037246,0.0066112794149101005,0.017885625301860632
0.546875,False,False,False,False,True,False,False,False,0.003695268883015824,0.0013594679057521986,0.010044818655444153,0.14449924060966945,0.39293517224163127,0.39293560642120007,0.05317104452759983,0.001359380755687295
0.5859375,False,False,False,False,False,True,False,False,0.02123217988282085,0.002873681459645769,0.11239793389063496,0.0028734211229927186,0.02123804656718165,0.8305168793159775,0.007810715583718478,0.0010571421770280134
0.625,False,False,False,False,False,False,True,False,0.08633291589591453,0.005998973771896967,0.0022069203165806864,0.0008118694531198823,0.2346778581312614,0.03175859495575219,0.6379142029606156,0.0002986645148586976
0.6640625,False,False,False,False,True,False,False,False,0.011489952205956607,0.0015549647035080817,0.060828842750091226,0.011489728546661948,0.4494490619691805,0.44947084656437897,0.011489798448501629,0.004226804811721118
0.703125,False,False,True,False,False,False,False,False,0.0397471351274745,0.0027621418582805556,0.7984061338888938,0.0027621417110201578,0.03974684719792753,0.10805136963348849,0.007508121150701723,0.0010161094322130842
0.7421875,True,False,False,False,False,False,False,False,0.42503933935050275,0.010865047886915084,0.057522551599871255,0.0014703991030324344,0.42503850090945017,0.057521757783558176,0.021072006906026793,0.0014703964606433988
0.78125,False,False,False,False,True,False,False,False,0.14754949955564958,0.0005104481530642802,0.02787538552026942,0.010253560085421876,0.40108600369035485,0.010252799522441765,0.4010847709214737,0.001387532551324341
0.8203125,False,False,False,False,False,True,False,False,0.0025633180205484564,0.002563327676934547,0.10027544316088761,0.05148867418168239,0.10027447634401225,0.740948789682392,0.0009429828661727404,0.0009429880673699054
0.859375,False,False,False,False,False,True,False,False,0.17228185746355396,0.0044040478614209315,0.17228315160251836,0.0016201306816718145,0.17228313852025381,0.4683197187264737,0.004403959371708499,0.004403995772398875
0.8984375,True,False,False,False,False,False,False,False,0.3153308809564404,0.0010908607323915256,0.31533052824444724,0.0010908572494474752,0.31533044594742216,0.04267511208804385,0.00806045769765312,0.0010908570841542562
0.9375,True,False,False,False,False,False,False,False,0.31533097295158163,0.0010908595745746132,0.3153301634705051,0.0010908564385533907,0.31533074362033875,0.042675070457695446,0.008060477508408435,0.0010908559783427364
0.9765625,True,False,False,False,False,False,False,False,0.31533077052512903,0.001090860127686804,0.31533049710209615,0.0010908560027036176,0.31533065655119336,0.04267502868067536,0.008060474804384349,0.0010908562061313415
1.015625,True,False,False,False,False,False,False,False,0.31533035286140965,0.0010908724106813703,0.31533074579519765,0.0010908603081957041,0.31533089303791423,0.04267494073338744,0.008060474121143898,0.0010908607320700933
1.0546875,False,False,True,False,False,False,False,False,0.2378538823924005,0.0003027097315522645,0.6465547359429684,0.006080088931417741,0.0875001631220438,0.016529560126511883,0.004356014156427858,0.0008228455966776634
1.09375,False,False,False,False,True,False,False,False,0.022905148498238454,0.0005855714288308265,0.0043268968466594546,0.004326888468615759,0.46010432621024355,0.16924408530009727,0.1692621832665815,0.1692448999807332
1.1328125,False,False,False,False,True,False,False,False,0.010471055050760361,0.0014170811020599366,0.003852036966770655,0.003852081926763841,0.4096231540713209,0.15069031086410625,0.01047266847187021,0.40962161154634796
1.171875,False,False,False,False,False,True,False,False,0.024952269237592726,0.0006379036294709514,0.06783358561558658,0.0017340195391502072,0.18438947005537237,0.5012306854396147,0.03482998899633462,0.1843920774868778
1.2109375,False,False,False,False,True,False,False,False,0.00480507647264719,0.0006502877305058431,0.06914771059437741,0.013061627030344794,0.5109648566184667,0.187973163151686,0.18795897741270506,0.02543830098926699
1.25,False,False,False,False,True,False,False,False,0.010044043249716195,0.0013592871596996132,0.0531752518309118,0.001359280567007825,0.3929106064172348,0.3929120331997454,0.0036949255320276784,0.14454457204365667
1.2890625,False,False,False,False,False,True,False,False,0.01492316724708921,0.00038157679285460213,0.020834612110679124,0.0028195173450265973,0.11029249328402405,0.81498760949421,0.02083459630433692,0.014926427421779584
1.328125,False,False,True,False,False,False,False,False,0.010476677897606597,0.003852226062364858,0.4096185610822442,0.0014171176433999406,0.1506850685672515,0.4096265577342949,0.010471284756167121,0.0038525062566708225
1.3671875,False,False,True,False,False,False,False,False,0.17146439347366418,0.0016124461470361892,0.46608786738874736,0.011914404543448515,0.17146389221991623,0.17146133242324707,0.004383243972221661,0.0016124198317188508
1.40625,True,False,False,False,False,False,False,False,0.2823472290818571,0.019619698259417576,0.10386526469958154,0.019619348764151303,0.2823424210838536,0.2823332740033207,0.007217581524542748,0.0026551825832754404
1.4453125,False,False,False,False,True,False,False,False,0.19852209729258846,0.005075309490454124,0.005075324726763778,0.03749959818415384,0.5396416913787191,0.19852318246395448,0.013795816466556695,0.0018669799968094977
1.484375,False,False,False,False,False,True,False,False,0.013225919331367983,0.19031853195865245,0.004865854920423334,0.000658466945617593,0.07001411268858657,0.517364736175106,0.013225953535219473,0.1903264244450266
1.5234375,True,False,False,False,False,False,False,False,0.820966726283701,0.02098989679776628,0.0077221914858319664,0.11110164029676105,0.002840358945776947,0.020991334015000165,0.01500344442633601,0.00038440774882655444
1.5625,False,False,False,False,True,False,False,False,0.0008281089962867488,0.011909866445459938,0.08805516819653707,0.0008281007777305178,0.650648513331253,0.23936005889675058,0.006119174934035701,0.002251008421946583
1.6015625,False,False,False,False,True,False,False,False,0.0077215860105430785,0.007721155568004587,0.11110628922122759,0.0028402704303158474,0.8209685411784461,0.04087249562560902,0.007724797342928024,0.0010448646229258985
1.640625,False,False,True,False,False,False,False,False,0.17227409670772004,0.0044042398064313,0.4683213121647744,0.004404164712263284,0.17228558587861556,0.17228600233055183,0.001620235006869816,0.00440436339277363
1.6796875,True,False,False,False,False,False,False,False,0.3923431703896581,0.003689622115387155,0.010030525460724424,0.05307224098252949,0.14433482347885104,0.0036899733427777723,0.39234031702268646,0.0004993272073855663
1.71875,False,False,False,False,True,False,False,False,0.14401457492854944,0.0013544482442798208,0.07395203001283297,0.027205475580667847,0.39149340700429885,0.07396661487785751,0.14401092893318074,0.14400252041833284
1.7578125,True,False,False,False,False,False,False,False,0.6506466811388019,0.0008280834585608334,0.2393573498039056,0.002250916517471391,0.01191662957220192,0.0008280568991623295,0.08805351816217544,0.006118764447720776
1.796875,False,False,False,False,False,False,False,True,0.07668313441979595,0.039400719086459604,0.0019606475149903458,0.0766673445590081,0.028164616178348124,0.20848090699485874,0.001960706454366961,0.5666819247921723
1.8359375,False,False,False,False,False,True,False,False,0.07448721698160929,0.005214215628673474,0.2039282241640774,0.0019181709736693876,0.07502114821388697,0.5543664138396515,0.010081500027396223,0.07498311017103561
1.875,False,False,False,True,False,False,False,False,0.0005125765047508962,0.003788100074235828,0.027992340687314685,0.4027275253591612,0.14814126930219343,0.4027412401057741,0.010307219016927703,0.0037897289496420924
1.9140625,False,False,False,False,True,False,False,False,0.0009505572052975976,0.007025854009718136,0.10107958733852361,0.005029745894340146,0.7468905504630745,0.10107794315252229,0.036995209480579584,0.0009505524559441762
1.953125,False,False,False,True,False,False,False,False,0.03723035119185426,0.0025871227690737442,0.0025870635494440655,0.7478056538731143,0.10120473477827037,0.10120228343419506,0.007032668033441971,0.0003501223706062319
1.9921875,False,False,False,False,True,False,False,False,0.007374944459249264,0.0009980649240167924,0.039036097064047086,0.05451191325547029,0.784204144158069,0.10613192826871251,0.00036717039322221683,0.007375737477212828
2.03125,True,False,False,False,False,False,False,False,0.4418906423437864,0.0015288981861711888,0.01129720316415138,0.05979554579345338,0.03075827544989493,0.44190052372503147,0.011299925802231428,0.0015289855352797596
2.0703125,False,False,False,False,False,False,True,False,0.02512855864503602,0.000642475082230373,0.0047473284097784086,0.1856894554806452,0.06829602027423544,0.18569059442219246,0.5046904945329564,0.02511507315292569
2.109375,False,False,True,False,False,False,False,False,0.012521172495529682,0.0008704037420297408,0.6838067760790006,0.00236577348600372,0.012502439792387396,0.0023659677330759906,0.03404006697648962,0.2515273996954831
2.1484375,False,False,False,False,False,False,False,True,0.033227631404346245,0.0008505752933825273,0.006284708940150519,0.0003128869888465827,0.012208644138134422,0.03317505040239272,0.24576035153558082,0.6681801512971661
2.1875,False,False,False,False,False,False,True,False,0.24054119341563227,0.0022637552146729024,0.006151384054476096,0.08847123837911082,0.0022623002518348807,0.0061498479074267405,0.6538541261994796,0.0003061545773666056
2.2265625,False,False,False,False,False,False,False,True,0.0410834392199137,0.007767522450315416,0.0010511195490193058,0.04110947243933666,0.04110857202850539,0.04105629367914496,0.0010512080363959827,0.8257723725973686
2.265625,True,False,False,False,False,False,False,False,0.39944041598901986,0.027781305960086048,0.00138213188877625,0.01986120030710539,0.14694320989638168,0.003756953148462541,0.0013826514050869268,0.3994521314050814
2.3046875,True,False,False,False,False,False,False,False,0.8016328944527514,0.0003753674127117474,0.10848464356385615,0.007542760129509472,0.039903934709924684,0.0010203284549517573,0.020497434667169693,0.020542636609125076
2.34375,False,False,True,False,False,False,False,False,0.2333592821181045,0.002194799368096828,0.6343341841954991,0.00029702085658190203,0.03156469683343402,0.0008073919300530799,0.08584346178203488,0.011599162916195576
2.3828125,True,False,False,False,False,False,False,False,0.3417509137252145,0.3417560092954337,0.008739621132601676,0.12571565167987747,0.02376132982564489,0.12569277383695238,0.023844097899123378,0.008739602605152141
2.421875,False,False,False,False,True,False,False,False,0.01562557514915182,0.005747450548526053,0.015623359392878716,0.042478871280548273,0.6109328139599645,0.2247930141190583,0.0826847321876549,0.0021141833622174413
2.4609375,False,False,False,True,False,False,False,False,0.0317743199260986,0.0015818876966079334,0.16818593298539697,0.45720846523106506,0.16817674159470516,0.0042999928877113435,0.0005819240927750431,0.16819073558563996
2.5,True,False,False,False,False,False,False,False,0.39291480811210894,0.003694987675332379,0.14454184996906294,0.0013592825084918843,0.3929160408377627,0.053169286022246375,0.010044461480435817,0.0013592833945589868
2.5390625,False,False,False,False,True,False,False,False,0.03921567336432306,0.002725187505909024,0.10660045269848538,0.0027251699976168185,0.7876783479666143,0.05474617312082642,0.0053065194565898345,0.001002475889635218
2.578125,True,False,False,False,False,False,False,False,0.39665448634569506,0.0005048301938644408,0.3966700208814735,0.0013722731967771716,0.02757480744189265,0.1459241202442906,0.0037302366376547927,0.027569225058351902
2.6171875,True,False,False,False,False,False,False,False,0.36030273858673123,0.00045854115030500474,0.36030384102188845,0.0012464423857751177,0.13254744337508104,0.009210182660747164,0.1325426169377005,0.003388193881771495
2.65625,True,False,False,False,False,False,False,False,0.3923352222368505,0.010029452156478135,0.05309621126517137,0.0004993060134134372,0.14433074946462762,0.0036894371123985864,0.39233020805751756,0.0036894136935426685
2.6953125,True,False,False,False,False,False,False,False,0.6500623429568506,0.0022489092348817485,0.2391433192472675,0.0003043500374987304,0.01190563034658808,0.006113460466950842,0.08797312138350165,0.0022488663264608917
2.734375,False,False,False,False,True,False,False,False,0.01161524322456186,0.03157553170104525,0.0005782787024099762,0.004273048779594607,0.45438115443514693,0.031575332747375916,0.011615250246627245,0.45438616016323813
2.7734375,False,False,True,False,False,False,False,False,0.006487049785686955,0.006486653819923788,0.6897473036418413,0.00032293022513512026,0.25374352682131424,0.03434011584754179,0.0023861447609194544,0.006486275097637292
2.8125,False,False,True,False,False,False,False,False,0.10120421673592848,0.0025869802276467834,0.7478055093972106,0.0003501065193727195,0.10120318836658218,0.03723064211943924,0.007032383875971068,0.0025869727578489714
2.8515625,False,False,True,False,False,False,False,False,0.23467653622560478,0.00081184663523914,0.6379187152698583,0.0002986597106476417,0.08632871343755001,0.03175986914391077,0.005998810056484933,0.0022068495207043432
2.890625,False,False,True,False,False,False,False,False,0.23467602847124872,0.000811842004349398,0.6379162958117928,0.0002986585145684475,0.08633172575988347,0.03175952489929534,0.005999108533039794,0.0022068160058220532
2.9296875,False,False,True,False,False,False,False,False,0.24075443114619957,0.0022639908824388997,0.6544390738468219,0.0008328672731433834,0.08856827243194865,0.006154117055317623,0.006154379845175493,0.0008328675189543876
2.96875,False,False,False,False,True,False,False,False,0.16846540408107077,0.16845956929125677,0.16846539572962213,0.000582797839543726,0.4579400553843551,0.011705946549617551,0.022796621666566173,0.0015842094579676751
3.0078125,False,False,True,False,False,False,False,False,0.026876520907675137,0.0036355721645518423,0.3865738572985141,0.0013373460082061455,0.38657695293289074,0.05229481422993042,0.14221295570111125,0.0004919807571203474
3.046875,False,False,False,False,True,False,False,False,0.09526533376461582,0.0008958557072280249,0.09526546119417616,0.0003295647844621561,0.7039241119629139,0.006619515797635193,0.09526497869405635,0.0024351780949124825
3.0859375,True,False,False,False,False,False,False,False,0.392333115142532,0.010028950415529012,0.053095621819059496,0.0004993046464624604,0.1443309332423362,0.0036893826198800637,0.39233329879208434,0.0036893933221162386
3.125,False,False,False,False,False,False,True,False,0.004404030250186982,0.001620139791624476,0.004403976484049201,0.004404053381533279,0.17228247535674981,0.17228358332371096,0.46831955510347745,0.1722821863086677
3.1640625,False,False,False,False,False,True,False,False,0.0055234589192632915,0.002031958357720988,0.01501471247445438,0.07948963307199387,0.015014931284120287,0.5873638673396275,0.07948305300060313,0.2160783855522167
3.203125,False,False,False,False,False,True,False,False,0.04174936842184513,0.00207841743856919,0.22102048232976057,0.04174807616227724,0.005649854527135072,0.6007953839468536,0.00564974608657571,0.08130867108698332
3.2421875,False,False,False,False,False,False,True,False,0.0022121682778715283,0.000299383765239588,0.002212181543397759,0.08653742151127963,0.03183528954224229,0.2352410307054793,0.6394503277379318,0.0022121969165582603
3.28125,False,False,False,False,False,True,False,False,0.001022637658327843,0.001022639162736644,0.10874495730299862,0.05584228622651826,0.007556892526791235,0.8035405435720894,0.014713569176783878,0.007556474373754118
3.3203125,False,False,False,False,True,False,False,False,0.00615590048368628,0.0008329022307883395,0.002264032950896605,0.0008328901424257574,0.6544403815560471,0.24075366641291415,0.08856375191540038,0.0061564743078411375
3.359375,False,True,False,False,False,False,False,False,0.08936446248817395,0.2429364143656879,0.0022846031396714255,0.0008404637850072344,0.08936865371791909,0.24292110676863415,0.08936367277925462,0.24292062295565173
3.3984375,True,False,False,False,False,False,False,False,0.685574153860247,0.002371797669470579,0.006447029449098733,0.0008725324582505019,0.0341308714348974,0.0008725176263123445,0.25220312288261776,0.017527974619105643
3.4375,True,False,False,False,False,False,False,False,0.6484862790117011,0.08775739032348982,0.006098610615392191,0.0008253145055977565,0.23855953245300812,0.00609837301378026,0.011870885377780967,0.00030361469924991254
3.4765625,False,False,False,False,True,False,False,False,0.13868863391787548,0.05092933175284771,0.05101744109897002,0.0013043477495647685,0.3770208195329986,0.37701400107154676,0.0035455914942017852,0.00047983338199503417
3.515625,True,False,False,False,False,False,False,False,0.8141443411897196,0.001036160007447934,0.11018364887765388,0.002816569514270858,0.0405340505867809,0.007656402465794923,0.02081212481687325,0.00281670254145871
3.5546875,True,False,False,False,False,False,False,False,0.4218018060334459,0.029440635060378615,0.05708524855219302,0.0005368456159192417,0.05708153666501672,0.010789162037453118,0.42180544104046513,0.0014593249951282859
3.59375,False,False,False,False,False,False,False,True,0.006098558239291874,0.0003036211370687178,0.0008253136514082524,0.006098638123925509,0.23856024507641052,0.011876775616285456,0.08775552476948374,0.648481323386126
3.6328125,False,False,False,False,False,False,False,True,0.013691375996779227,0.0050366232951851875,0.1970301836302767,0.0006816244053816804,0.013691702189348216,0.1970187341590097,0.037266738211439776,0.5355830181125796
3.671875,False,False,False,False,False,False,True,False,0.10131032676433019,0.002589775193532646,0.10130842977029193,0.0009527027166125919,0.03726119419900959,0.0009527012628781773,0.7485852500662407,0.007039620027104091
3.7109375,False,False,True,False,False,False,False,False,0.18660534861106928,0.0006458022088849093,0.5074151729785903,0.001755492777408652,0.03527960724480536,0.18666590873873523,0.06866095363784884,0.012971713802657372
3.75,False,True,False,False,False,False,False,False,0.0036550115916547266,0.3886367467212936,0.01934207646756475,0.0004946383447748236,0.0036551238238345073,0.38864917437729063,0.1429764371823496,0.05259079149123734
3.7890625,True,False,False,False,False,False,False,False,0.825716740995782,0.007765522630763315,0.04110754228112307,0.04110079913781323,0.04110124470522016,0.0010508776713494441,0.04110638579949968,0.0010508867784491472
3.828125,True,False,False,False,False,False,False,False,0.6989750657440031,0.0024181338396180997,0.2571392352250594,0.0008895636770539631,0.017872804987513608,0.017868205998626124,0.002418575001323325,0.0024184155268022972
3.8671875,False,False,False,False,False,False,False,True,0.18678364568431624,0.00477514803248161,0.0687106569864839,0.000646177881236328,0.03528331563971988,0.18677819584416155,0.009296233459391305,0.5077266264722091
3.90625,False,False,False,False,False,False,True,False,0.1989111198812492,0.02688525668276782,0.013822952254065874,0.19887024887954008,0.001870720838079125,0.013823695580153783,0.5407300688543067,0.005085937029837394
3.9453125,False,False,True,False,False,False,False,False,0.02148443503415211,0.007903198077799772,0.8402756653580177,0.0029069358260775495,0.002907020177869141,0.1137133913682774,0.002906990397613417,0.007902363760192932
3.984375,True,False,False,False,False,False,False,False,0.2539699143193891,0.04797306345201254,0.09342830549606285,0.002388286828102401,0.25396788027864015,0.09342955912293874,0.25396439371410356,0.0008785967887507431
4.0234375,False,False,False,False,True,False,False,False,0.005085114546616847,0.01382168606088083,0.01382214365383069,0.1989020600320974,0.5406822607249997,0.02691555596231321,0.19890069699592763,0.0018704820233336782
4.0625,False,False,False,False,False,False,True,False,0.23914709809431717,0.002249025945260215,0.006114039772728122,0.0022489888695090225,0.08797792945027466,0.011895017933182914,0.6500635382316879,0.00030436170303994257
4.1015625,False,False,False,False,True,False,False,False,0.02148176202775637,0.002907053088145356,0.1137164716366877,0.007902096814246806,0.8402671475382775,0.007911476311198117,0.002907006332077793,0.002906986251610222
4.140625,False,False,False,False,True,False,False,False,0.039019815609288064,0.0007143162992446498,0.0759554185214366,0.1060288617222062,0.5612575102864221,0.2064678803415829,0.005278160373968016,0.005278036845851441
4.1796875,False,False,False,False,True,False,False,False,0.03617004507556387,0.0009253290362375356,0.03619812447745147,0.00034040392720329507,0.7270688637744517,0.09839190749020751,0.0983900287667483,0.002515297452136308
4.21875,False,False,False,False,True,False,False,False,0.005746013536999296,0.0021138638887980006,0.0826906923221246,0.015619116377650753,0.6110171749388799,0.22473312546016064,0.015619961947462964,0.0424600515279239
4.2578125,False,False,False,False,True,False,False,False,0.0041746409408895775,0.0015357644978709947,0.060078221962431885,0.030846627585309812,0.44392222932706543,0.4439181850242118,0.004174620867592425,0.011349709794627993
4.296875,False,False,False,False,True,False,False,False,0.007034723278869687,0.0003502048658691521,0.037240059381267614,0.002587675313427575,0.7479895175291338,0.10122033163599493,0.10098959786667944,0.0025878901287578505
4.3359375,True,False,False,False,False,False,False,False,0.6379172407817323,0.005998978530771033,0.23467540064550085,0.0022068547810887786,0.08633156501048787,0.0008118678695474815,0.03175942598883514,0.00029866639203644617
4.375,False,False,True,False,False,False,False,False,0.09551835183234621,0.0024416578673248433,0.7057912290097819,0.00033043916825767247,0.09551733728843413,0.002441729979823532,0.09551761096878943,0.0024416438852422817
4.4140625,False,False,True,False,False,False,False,False,0.23524015930302178,0.002212136276551012,0.6394487477020472,0.00029937799990281894,0.08653932305510785,0.002212197933503258,0.03183593173429905,0.0022121259955670135
4.453125,False,False,True,False,False,False,False,False,0.23776654434509548,0.0022358916561258583,0.646316684345812,0.00030259281643115827,0.08746827282161657,0.011837240807500872,0.011836891821644463,0.002235881385773725
4.4921875,False,False,True,False,False,False,False,False,0.23776645759234968,0.0022358937586607224,0.6463166359008728,0.00030259249503442135,0.08746801991842129,0.011837128166941374,0.011837389060319706,0.002235883107399999
4.53125,False,False,True,False,False,False,False,False,0.16925710545382028,0.00432655968055533,0.4600890913481075,0.0005855317627253774,0.1692537205214896,0.022905454257454425,0.1692559816030873,0.004326555372760256
4.5703125,False,False,True,False,False,False,False,False,0.09839402009992523,0.0009252806507767093,0.7270402059779842,0.0003403885082382432,0.03619513728106751,0.09839352969367661,0.03619627318667584,0.0025151646016555104
4.609375,False,False,True,False,False,False,False,False,0.23935980705256005,0.002250929680632898,0.6506471109183359,0.0008280494103410661,0.0880501907082559,0.011916561409145973,0.006119299138340712,0.0008280516823873496
4.6484375,False,False,True,False,False,False,False,False,0.08063732524208757,0.21912020807735755,0.5958385744860835,0.0007583098944735091,0.04140591904384644,0.04140428730478643,0.015231918932633929,0.0056034570187311694
4.6875,True,False,False,False,False,False,False,False,0.6995377365617577,0.0008902856409942414,0.09467054722317968,0.0003275129185911265,0.09467092084901951,0.012810879199362486,0.09467206684683774,0.00242005076025751
4.7265625,False,False,True,False,False,False,False,False,0.23914505411431106,0.002248861176167824,0.650062329904255,0.00030434788414450403,0.08797636646998054,0.011900800079013618,0.006113368722051493,0.002248871650075872
4.765625,False,False,True,False,False,False,False,False,0.23355479071490412,0.000807969656952273,0.634867354924873,0.0008079634183824886,0.08591958985886917,0.031606916098767854,0.011627450513507054,0.0008079648137442244
4.8046875,False,False,True,False,False,False,False,False,0.09526486194245885,0.00032956839803611,0.7039190501084358,0.002435192783117826,0.09526453601153771,0.0066278251649813155,0.0952631142980149,0.0008958512934175108
4.84375,False,False,False,False,True,False,False,False,0.002377905867793059,0.0008747804981612748,0.03422050308509108,0.017570477452174244,0.6873415091308902,0.25285895271875314,0.0023779697155638523,0.0023779015315730056
4.8828125,False,False,False,False,False,True,False,False,0.017573611507621788,0.0008748210542762122,0.03417070761242565,0.0023780174379923634,0.2528690927651055,0.6873776261207718,0.0023780318976295883,0.0023780916041773134
4.921875,False,False,True,False,False,False,False,False,0.13303263297751886,0.0004602541739644128,0.361631206180682,0.003400806381454162,0.1330379510804543,0.36163535725430823,0.0034009828030464916,0.003400809148571552
4.9609375,False,False,True,False,False,False,False,False,0.05317315705984134,0.0036949612118703655,0.39291299827529724,0.0013592799405226846,0.1445428616440669,0.39291364110860116,0.010043822443789879,0.0013592783160104943
5.0,True,False,False,False,False,False,False,False,0.3607903032533601,0.0012481387643444482,0.1327268957643102,0.0012481287619762417,0.3607901616566755,0.13272551462021956,0.009222729032203756,0.0012481281469103283
5.0390625,True,False,False,False,False,False,False,False,0.19851237003658903,0.0006867493053171891,0.19850336154791973,0.00507442810807108,0.1985121834523225,0.19833527333953327,0.1985088665657453,0.0018667676445018498
5.078125,False,False,False,False,False,False,True,False,0.030930256063407734,0.0007909287638227127,0.04320135546698868,0.015887968794596124,0.043186036225455346,0.2285953311396765,0.6214059194931757,0.016002204052877177
5.1171875,False,False,False,False,True,False,False,False,0.036195829643790506,0.0003404163192921918,0.09839130728950518,0.0009253234694897351,0.7270594597724203,0.09838792472148239,0.002515487239078819,0.03618425154494095
5.15625,True,False,False,False,False,False,False,False,0.31496039954087035,0.0004008791270208454,0.04262552938088761,0.0010897437012668874,0.3149518172498025,0.0029622906568762203,0.008052467258556812,0.3149568730847189
5.1953125,False,False,False,False,True,False,False,False,0.019270413772667735,0.0004927143704062612,0.009898832632088432,0.0013393320484450166,0.38713027100715874,0.05231742722187001,0.1424166973665023,0.3871343115808615
5.234375,False,False,False,False,True,False,False,False,0.018919567688445358,0.0009418933505992919,0.03684621289251243,0.0025603287267774158,0.740071976813718,0.10015699663347832,0.0003465018030820978,0.10015652209138723
5.2734375,True,False,False,False,False,False,False,False,0.6020732920128774,0.01539296481674625,0.04188504014339607,0.0020830586381842594,0.005662461729092432,0.2214876489377051,0.0814550468187747,0.029960486903223844
5.3125,True,False,False,False,False,False,False,False,0.31495879060162296,0.0004008476744293742,0.3149576151220625,0.002961875237027701,0.31495750925667165,0.008051610456716261,0.042622143685984,0.001089607965485466
5.3515625,True,False,False,False,False,False,False,False,0.3929120907595898,0.003695028519633805,0.39291243597765246,0.001359288886761791,0.14454272720939865,0.053174502429202075,0.010044641345605282,0.0013592848721562622
5.390625,True,False,False,False,False,False,False,False,0.412838816101684,0.0038824490923076447,0.4128347338930598,0.001428226229380367,0.055857064824048876,0.055867109636515755,0.05586339102144888,0.0014282092015546943
5.4296875,False,False,True,False,False,False,False,False,0.23487952999257122,0.0008126317432063602,0.6384824675635227,0.0008126154832304274,0.0864079995654874,0.0317871650655303,0.006004983133196393,0.0008126074532551408
5.46875,False,False,True,False,False,False,False,False,0.1483562847770167,0.010311957486879304,0.4033372669691929,0.0005133379272846938,0.003793621302288597,0.40333297856315026,0.020042344537501925,0.010312208436685578
5.5078125,True,False,False,False,False,False,False,False,0.3929172599861849,0.001359393475544228,0.14453849060403354,0.0013593403120159293,0.05316400755865268,0.39292093344735585,0.01004539322131315,0.0036951813948998234
5.546875,False,False,False,False,True,False,False,False,0.040031169068788314,0.00037648662292624687,0.10881873542608024,0.020562075803806954,0.8040907320728936,0.0027819155125445123,0.020556768523252333,0.002782116969707809
5.5859375,False,False,False,False,True,False,False,False,0.0004585933022746958,0.0012466658995269734,0.13253916227688559,0.003388620448883789,0.36029971559554813,0.13254980447220524,0.36030614961925156,0.009211288385423917
5.625,False,False,False,False,False,False,False,True,0.0027959432847635577,0.0010286064672409786,0.002795937633163812,0.014798929352446222,0.10936998025259323,0.04022778974513939,0.020822479630505614,0.8081603336341472
5.6640625,False,False,False,False,True,False,False,False,0.2063570538612418,0.000714055649750101,0.07592796784309443,0.038987887512675255,0.5610470881859052,0.10641318033606342,0.005276214734428326,0.005276551876841483
5.703125,False,False,False,False,False,True,False,False,0.003618744020180289,0.0004897276516736722,0.1415012390622061,0.001331314498568776,0.07382641575424845,0.3846689288191019,0.38472160020029555,0.009842029993725345
5.7421875,False,False,True,False,False,False,False,False,0.019264677346870714,0.0026072884568883606,0.27720289648936525,0.007086662386227749,0.2772008976748257,0.03750754925578663,0.10194224838079588,0.2771877800092397
5.78125,True,False,False,False,False,False,False,False,0.6109378377574227,0.005747767599226894,0.22475965714749127,0.015623166143838532,0.08267913964613723,0.0021139921976114895,0.04250817744938665,0.01563026205888524
5.8203125,False,False,True,False,False,False,False,False,0.13254290802841592,0.0004585844031453517,0.36030389117947154,0.001246557175780318,0.1325455670843763,0.3603027385827348,0.009211018146869627,0.003388735399206102
5.859375,False,False,False,False,False,True,False,False,0.06914769123999076,0.0048057616039207315,0.1879602969738662,0.000650343691562204,0.1879808564986313,0.5109890727598673,0.025403087934852325,0.013062889297309145
5.8984375,True,False,False,False,False,False,False,False,0.40333609990639246,0.010311440738569313,0.403315562479398,0.0005133338050061081,0.1483758838652942,0.010310793631449364,0.020043851829301632,0.0037930337445889945
5.9375,False,False,True,False,False,False,False,False,0.23467707217779374,0.000811880291930422,0.6379162884599313,0.00029867187639921424,0.08633234629802398,0.031757548882592704,0.0059992979003367945,0.0022068941129918486
5.9765625,False,False,True,False,False,False,False,False,0.09619115723536234,0.01817431382774127,0.26150032870727274,0.0024593970150239308,0.2615133275858836,0.26150644883318647,0.0961956295323188,0.0024593972632107283
6.015625,True,False,False,False,False,False,False,False,0.6905770098248357,0.006497080045511106,0.01765574805024633,0.04799970053092048,0.09345342375104455,0.047990724487676016,0.0934370979260556,0.0023892153837101644
6.0546875,True,False,False,False,False,False,False,False,0.38765837044156914,0.0004934224206117326,0.052444797350448255,0.0013412614378175837,0.01929562030248266,0.14118812729545502,0.00991783576625733,0.3876605649853583
6.09375,False,False,False,False,False,True,False,False,0.006994939708551216,0.001355210196088732,0.14404788598450516,0.0013550780494885448,0.01001492237656747,0.39161500343255995,0.052997877033924834,0.39161908321831407
6.1328125,False,False,False,False,False,False,False,True,0.007828108627039105,0.002873784278222168,0.002873626097628213,0.0010571966379961542,0.02123355430612865,0.02127125234338165,0.11238599482670704,0.830476482882897
6.171875,False,False,False,False,False,False,False,True,0.03413120792674901,0.0023722805216438527,0.25220649978263043,0.000321014613001763,0.006447988285224707,0.006448030795823012,0.012552939389986742,0.6855200386849406
6.2109375,False,False,True,False,False,False,False,False,0.026513293968808693,0.005011278020106857,0.5326489504945855,0.0018429882470810568,0.005009984569748745,0.1959388121814563,0.19585756204288804,0.03717713047532483
6.25,False,False,False,False,False,True,False,False,0.02997209584033819,0.08139378674988541,0.041874832972484836,0.00566504039929509,0.00208386947930504,0.6021104746215297,0.22149980723937943,0.015400092697782483
6.2890625,True,False,False,False,False,False,False,False,0.7436677759338062,0.1006246230948837,0.013618115423455406,0.10062888178453093,0.0009466348944053844,0.0025731739709487027,0.03699414469354464,0.0009466502044250394
6.328125,True,False,False,False,False,False,False,False,0.7486962026566993,0.0025919429293554857,0.10130269885978584,0.10127868971907636,0.007042876008554658,0.0009530946167364447,0.03718139739106401,0.0009530978187278856
6.3671875,False,False,False,True,False,False,False,False,0.04604965300201644,0.017060588156693535,0.016928337512027446,0.6618416794584313,0.006226364437956184,0.2228504918842979,0.012110929437935241,0.016931956110641987
6.40625,True,False,False,False,False,False,False,False,0.32307746617454963,0.01605878586488916,0.0030482157728536925,0.0030399339649431734,0.32308452492010636,0.3230096213809334,0.00827010043685619,0.0004113514848683333
6.4453125,True,False,False,False,False,False,False,False,0.7624002539599791,0.0009707008382426826,0.10317066068442624,0.007202661457365346,0.10314004847450257,0.01950648846667921,0.0026386177126174345,0.0009705684061874851
6.484375,True,False,False,False,False,False,False,False,0.42244112413595597,0.001462294679425871,0.05717671083085484,0.0108463219563199,0.42255725103447833,0.08007938250137776,0.003974652153979393,0.0014622627076079197
6.5234375,True,False,False,False,False,False,False,False,0.6385343748751283,0.0008131980343872419,0.0317206612664509,0.08638674206090897,0.23491065057212673,0.0008128098035944666,0.0060087406279491625,0.0008128227594542625
6.5625,True,False,False,False,False,False,False,False,0.7039754614345473,0.0003296777094197628,0.09527095844720007,0.09519658520086852,0.09527161793646956,0.006623694370415895,0.002435911117405886,0.0008960937836730267
6.6015625,True,False,False,False,False,False,False,False,0.2770370565482789,0.2772395424013357,0.2772957840534789,0.10194479723722907,0.03750843136401318,0.019273738814340295,0.002609291125596314,0.007091358455727715
6.640625,True,False,False,False,False,False,False,False,0.4096506699939626,0.0038560640128417934,0.1507095114430108,0.40954398264776815,0.00385383914516536,0.0014177039613239267,0.01048687626360737,0.010481352532319976
6.6796875,False,False,False,False,False,False,True,False,0.20328689368131192,0.000703410654611585,0.005197983648545967,0.014128717479724669,0.07453419640535514,0.07478562493194577,0.552629367185735,0.07473380601277
6.71875,False,False,True,False,False,False,False,False,0.14432956859938162,0.0004993761044512719,0.3923402126441836,0.003689930580886893,0.39232624135962246,0.053093691478920686,0.0036903528071618743,0.010030626425391539
6.7578125,False,False,False,False,True,False,False,False,0.0040992625448191995,0.0005547754198641099,0.030297231824938816,0.030298812695691214,0.43586419680606175,0.43587452088377926,0.05891186625055906,0.004099333574286561
6.796875,True,False,False,False,False,False,False,False,0.30195828779870815,0.002841309949961622,0.3020553213897737,0.0028411493341431652,0.057091572205139225,0.11110788415345844,0.11109327047418704,0.11101120469462863
6.8359375,False,False,True,False,False,False,False,False,0.08718165966821148,0.0003016217473745547,0.6442128152040779,0.0008198805879148693,0.01646990483412944,0.23698816282537846,0.0022287456072085446,0.011797209525704701
6.875,False,False,True,False,False,False,False,False,0.18360253585822117,0.09440652648351786,0.4990815592091565,0.0006351757174335337,0.009139444708751065,0.024845404914223643,0.004693740538532308,0.18359561257016382
6.9140625,False,False,True,False,False,False,False,False,0.1101821686662311,0.007656919597118796,0.8141501041811974,0.0010361487820369543,0.0208129680928388,0.002816570146690302,0.04052852658045297,0.002816593953433822
6.953125,False,False,True,False,False,False,False,False,0.08856546345589457,0.000832943949388534,0.6544398162535926,0.0008329159209092277,0.006154628328288942,0.24075498007822146,0.00615493572796151,0.0022643162857431502
6.9921875,False,False,False,False,False,False,False,True,0.0009528271474155811,0.10129493073159557,0.0025899345439735614,0.0009528199103938229,0.007040534493787164,0.10130980834200913,0.03726357170380015,0.748595573127025
7.03125,False,False,False,False,False,True,False,False,0.025352231688222256,0.187378267119458,0.004791962778408323,0.18732597709226587,0.0006483888482431781,0.5093857486070859,0.06893693782442716,0.01618048604188931
