time_sec,Amusement,Anger,Disgust,Fear,Inspiration,Joy,Sadness,Tenderness,prob_Amusement,prob_Anger,prob_Disgust,prob_Fear,prob_Inspiration,prob_Joy,prob_Sadness,prob_Tenderness
0.0390625,True,False,False,False,False,False,False,False,0.4096218592906238,0.0014170906039447514,0.409622811254836,0.003852012661944697,0.15069194937979152,0.01047137661317912,0.0038520562748572008,0.010470843920822818
0.078125,True,False,False,False,False,False,False,False,0.6544381840186236,0.0008328846542547897,0.24075512984743547,0.0022640075315587516,0.08856818678065757,0.006154286817580669,0.006154442275782259,0.0008328780741069664
0.1171875,False,False,False,False,True,False,False,False,0.006435256835564996,0.047551478666951155,0.004607539109932885,0.002366953296384992,0.6841323636814985,0.0023669850534118373,0.2516686616999953,0.0008707616562601935
0.15625,False,False,True,False,False,False,False,False,0.08717240135981187,0.0008200250345351145,0.6442146807787881,0.00030162809235189574,0.01179302823960568,0.2369797684321586,0.002228831647533681,0.016489636415214955
0.1953125,False,False,False,False,True,False,False,False,0.03421956917330747,0.0008747923428049232,0.01757224668510876,0.0023779518091699746,0.6873397514216091,0.25285959238372746,0.002378089795877461,0.002378006388394927
0.234375,False,False,False,False,True,False,False,False,0.1806164358630642,0.012552490801806803,0.06643125364337409,0.0006249117447824096,0.4910012207613058,0.18062942150210679,0.06644555430955491,0.0016987113740050243
0.2734375,False,True,False,False,False,False,False,False,0.019742737736951902,0.3972259638596507,0.3972293894903508,0.027615207818365607,0.1461405898393088,0.0013746726859768781,0.0005057158012101859,0.010165722768185123
0.3125,True,False,False,False,False,False,False,False,0.8678102065821947,0.003003205097178136,0.04318734023909712,0.008164853010390554,0.008169140559702128,0.008181813106650065,0.06037882236392866,0.0011046190408587502
0.3515625,False,False,True,False,False,False,False,False,0.031115337661020256,0.16454144241886817,0.44757454314131095,0.08455913113797535,0.16455343016331073,0.011445922174593365,0.01144576822906766,0.08476442507385348
0.390625,False,False,False,False,True,False,False,False,0.006670022562811196,0.0024538751988360443,0.2608665364808718,0.0066693657671623085,0.709098187121006,0.00666958366427822,0.0009025362521338646,0.006669892952900561
0.4296875,True,False,False,False,False,False,False,False,0.42369611055848416,0.0005392398304435252,0.05734120436853045,0.003984438546782067,0.42367847589065294,0.05733258255721477,0.029443431589586278,0.003984516658305809
0.46875,True,False,False,False,False,False,False,False,0.28233979613200294,0.0026551835787433967,0.28234736703327273,0.01961906060238256,0.2823376075449739,0.1038642348314327,0.007217567962857612,0.01961918231433429
0.5078125,False,False,True,False,False,False,False,False,0.14433056954725504,0.000499329540346869,0.39234099284360385,0.0036895707934941685,0.39232756699597365,0.053092829200916805,0.0036897144452165903,0.010029426633193086
0.546875,False,False,False,False,True,False,False,False,0.1711639542153876,0.0005921551950985897,0.17116637770899873,0.004375443384373881,0.4652699304419016,0.17116273716580696,0.0043755699032926925,0.011893831985139776
0.5859375,True,False,False,False,False,False,False,False,0.4287306484096117,0.0005456415858111104,0.05802236281540697,0.004031754345742807,0.42872922998008994,0.05802027777265945,0.01096048160628149,0.010959603484396709
0.625,False,False,True,False,False,False,False,False,0.07775164765963054,0.0019877328007242164,0.5745614818967443,0.014687189972014666,0.21134440799021786,0.07774968541345302,0.03993013099962061,0.0019877232675947886
0.6640625,True,False,False,False,False,False,False,False,0.65384767628499,0.0022620678118317797,0.08848754936491607,0.0003061298804266268,0.24053605920404114,0.006149367268169303,0.006149142021676032,0.0022620081639490217
0.703125,False,False,True,False,False,False,False,False,0.23488592030539582,0.0008126112723902074,0.6384914225351892,0.0008126026348569135,0.08640960110911103,0.031770408627935884,0.0060048403698459854,0.0008125931452749039
0.7421875,False,False,True,False,False,False,False,False,0.14837264567665812,0.0013955446660982038,0.4033437755418011,0.010312446126040951,0.4033553329627108,0.028031417080282145,0.0037933688466559802,0.0013954690997525416
0.78125,False,False,True,False,False,False,False,False,0.1445446785779738,0.010044704120650219,0.39291385153136255,0.001359339670719577,0.0531732631016481,0.0013593234978338418,0.3929096807201537,0.0036951587796582087
0.8203125,False,False,True,False,False,False,False,False,0.031178846272574005,0.01606633307192214,0.6283756618665042,0.03127825117723062,0.23116082005308283,0.016063865772342003,0.043702246494404615,0.002173975291939643
0.859375,False,False,False,False,False,True,False,False,0.01290227461741681,0.006627904791135227,0.25921371184166664,0.00662839946680861,0.0008968859393088107,0.7046643732208605,0.0024379614707039123,0.006628488652099411
0.8984375,True,False,False,False,False,False,False,False,0.3155171743573207,0.008070067561538006,0.31557211005562047,0.16206315528411924,0.11608881209327718,0.059666519980601115,0.0010917961239137147,0.02193036454360956
0.9375,False,False,False,False,False,True,False,False,0.18189241823890906,0.00171066415316048,0.0669134975796095,0.18186118440183208,0.06691469486375512,0.49434675314177046,0.004650156259324583,0.0017106313616388506
0.9765625,False,False,False,False,True,False,False,False,0.028040043568461147,0.0013954270957606237,0.1483820538379603,0.0037932322862573647,0.4033430096930018,0.4033378537421013,0.0013954482833386215,0.010312931493118967
1.015625,False,False,False,False,True,False,False,False,0.006447734196545951,0.002371821688854656,0.03412873063875408,0.017529291024964373,0.685571062085475,0.252206202572793,0.0008725254644387779,0.0008726323281741338
1.0546875,False,False,False,False,True,False,False,False,0.14223391559067686,0.0013376263682360967,0.052323780569361066,0.026885183479027824,0.38662372344285034,0.38646724095124485,0.00049208992928607,0.003636439669316912
1.09375,False,False,False,False,False,True,False,False,0.004963359964274946,0.0006716790457697414,0.19415185570690305,0.03667534507089766,0.19414947794853704,0.527749755576987,0.03667524763066614,0.004963279055964351
1.1328125,False,False,True,False,False,False,False,False,0.01562110340519249,0.002113973917770202,0.6110102653565199,0.005746516560784938,0.22472507466477035,0.015621775782671491,0.042473333732006596,0.08268795658028405
1.171875,False,False,False,True,False,False,False,False,0.03178078836577687,0.08639425119845329,0.0008127164179776527,0.6385235229623991,0.006009860456725058,0.0008129699257119259,0.0008128003874337763,0.23485309028552231
1.2109375,True,False,False,False,False,False,False,False,0.7090961307537478,0.002453653575576251,0.26086762257584134,0.00666940538764078,0.006670916972699637,0.006670133180170227,0.006669422271359249,0.0009027152829646837
1.25,True,False,False,False,False,False,False,False,0.5874823638612943,0.07949665508945847,0.07945377766494374,0.00203260563756438,0.005525170162845696,0.21583219332334727,0.015152532567121978,0.015024701693424203
1.2890625,True,False,False,False,False,False,False,False,0.4630751458163261,0.0005893694213351044,0.17035974275098184,0.011837904687789313,0.17035797070740596,0.17033988384359708,0.011837932437732008,0.001602050334832612
1.328125,False,False,False,False,True,False,False,False,0.08768410032228378,0.0003033610298372493,0.23836030934019642,0.002241524881793706,0.6479270632135344,0.01656574217925663,0.006093293746914803,0.0008246052861829357
1.3671875,True,False,False,False,False,False,False,False,0.3216152022678471,0.0004093392000179939,0.32162597119749886,0.003024617052781578,0.321622372310097,0.022368136857746707,0.008221699961376153,0.0011126611526344836
1.40625,False,False,False,False,True,False,False,False,0.1830601422093768,0.0006337713393641373,0.18319325499635636,0.03460500739528381,0.4979739964465241,0.09412807538011377,0.004682998109226239,0.0017227541237546942
1.4453125,False,False,True,False,False,False,False,False,0.13303468066196297,0.0034011428945958234,0.3616356075148627,0.00046025078752355764,0.3616298190843678,0.0034009333457771847,0.13303660930422556,0.0034009564066844033
1.484375,False,False,False,False,True,False,False,False,0.010474153922268005,0.0014172829968899757,0.0038524160695947167,0.010472332144000696,0.4096276329233223,0.4096368834356846,0.0038527996547539794,0.15066649885348574
1.5234375,False,False,False,False,True,False,False,False,0.14455208312998225,0.05317106637602782,0.0013594030807988252,0.003695450354899021,0.3929220609269251,0.01004654717323362,0.39289395494778634,0.001359434010347089
1.5625,False,False,False,False,False,False,True,False,0.19069959294723896,0.013251548108295532,0.1906999026019337,0.001793337820762113,0.07014670242477887,0.013251885932736426,0.5183636456693582,0.0017933844948961424
1.6015625,True,False,False,False,False,False,False,False,0.31598659538853185,0.31595991011136887,0.04276290351231504,0.0004022129293102266,0.0029724668425715,0.002972115037469903,0.315971718231716,0.0029720779467165685
1.640625,False,False,False,False,True,False,False,False,0.03974649409838789,0.002762211116576387,0.10804372262484288,0.0027622850159537754,0.7984131164290914,0.007509121662492273,0.001016183513945002,0.039746865538710235
1.6796875,True,False,False,False,False,False,False,False,0.2399234036464821,0.0008300276357034343,0.23992648791559062,0.016671506024458847,0.23992133179548852,0.23992199317524254,0.016672103583661987,0.006133146223371881
1.71875,False,False,True,False,False,False,False,False,0.14613208040872272,0.00050554712538592,0.39723193651898725,0.001374208457800123,0.39722365660804104,0.01977581238011907,0.010154570701195553,0.02760218779974821
1.7578125,True,False,False,False,False,False,False,False,0.4287290379034435,0.0005456513638079015,0.0580224083593337,0.004031789065396448,0.4287300552235781,0.05802111339161423,0.010960072768561523,0.010959871924264604
1.796875,True,False,False,False,False,False,False,False,0.38711076093553864,0.0004927125672459251,0.14241238954569785,0.009896421708938312,0.3871111491831343,0.05237683043496124,0.019260431182132696,0.0013393044423510357
1.8359375,False,False,False,False,True,False,False,False,0.10063212966740145,0.002572898407471205,0.013609959904816109,0.0009464713943237872,0.7436408098310958,0.10063088377988681,0.0009464765357912843,0.03702037047921357
1.875,False,False,True,False,False,False,False,False,0.17035776892473,0.0005893670260390852,0.4630866243899268,0.01183771107059014,0.17033541590032805,0.17035257263037062,0.011838488420860856,0.001602051637154495
1.9140625,False,False,False,False,True,False,False,False,0.09525888247762405,0.0003295812526968538,0.09526695242111087,0.0024352932697902256,0.7039278109343603,0.09526529181244603,0.006620299701115003,0.0008958881308566835
1.953125,False,False,False,False,True,False,False,False,0.23467749222343842,0.0002986749745662106,0.03175987135621797,0.002206917939649618,0.6379136155211799,0.08633214751245918,0.005999396549723768,0.000811883922765013
1.9921875,False,False,True,False,False,False,False,False,0.13157997882551953,0.00123739729733261,0.3576679869952495,0.0012373712678639952,0.3576636215953324,0.13157385466486488,0.017802417891882052,0.0012373714619550258
2.03125,True,False,False,False,False,False,False,False,0.386573451512717,0.0013374026268210364,0.14221157478635493,0.000491987549797761,0.05231185906974004,0.38656745808864507,0.0036353384383416786,0.026870927927582416
2.0703125,False,False,False,False,True,False,False,False,0.132544252985244,0.0004585498449231353,0.13254834218190922,0.0033882403902377053,0.3603016076233318,0.3603022916950343,0.009210254770687931,0.001246460508632145
2.109375,False,False,False,False,True,False,False,False,0.09526387662722315,0.00032957174643354775,0.09526567709963231,0.002435217673798528,0.7039242103554041,0.09526583286876875,0.006619742863517337,0.000895870765222254
2.1484375,False,False,False,False,True,False,False,False,0.2407544626320955,0.00226406994556941,0.0061547508419484654,0.0008328865708321882,0.654438404655411,0.08856771495928721,0.0061548177512036825,0.0008328926436524961
2.1875,False,False,False,False,True,False,False,False,0.18062382230456842,0.012557168721156798,0.0664219489444757,0.0016987094641040174,0.4910144434586437,0.1806217200848694,0.06643727277634726,0.0006249142458346339
2.2265625,False,False,True,False,False,False,False,False,0.04069354602878441,0.007689540434536675,0.8175477690895013,0.00038278444137814085,0.0076888743980248276,0.007688534048773405,0.007688427472969354,0.1106205240860318
2.265625,True,False,False,False,False,False,False,False,0.36079045259820647,0.0012481971074388377,0.13272308165021765,0.0012482065789628284,0.36079180943317396,0.13272661563065813,0.009223457073242443,0.0012481799280997944
2.3046875,False,False,False,False,True,False,False,False,0.0998933350905029,0.0003455994999679425,0.0998955266140784,0.002553651402537403,0.7381353632373605,0.0512953596149941,0.006941753829687949,0.0009394107108709466
2.34375,True,False,False,False,False,False,False,False,0.38657068944647593,0.001337401460453241,0.14220956290979617,0.003635381496150925,0.3865748337465246,0.02686662797819247,0.05231350950230233,0.0004919934601042446
2.3828125,False,False,False,False,True,False,False,False,0.1866516481357503,0.012974693616657812,0.06866171196541745,0.0006457869314724165,0.5073975707806911,0.03526128050531825,0.18665184593987635,0.0017554621248163582
2.421875,True,False,False,False,False,False,False,False,0.34185648561706083,0.023779653523162737,0.34187578454915846,0.12550934598982266,0.12573812684228702,0.02375959128982007,0.008740697127887935,0.008740315060800407
2.4609375,False,False,True,False,False,False,False,False,0.2348803637528602,0.0008125874432272224,0.6384827028435399,0.0008125950710460166,0.08640845942523595,0.03178642777376412,0.006004286810812491,0.0008125768795140936
2.5,False,False,False,False,True,False,False,False,0.09526330450412143,0.0003295775546035917,0.09526561132983234,0.002435272660953053,0.7039281734084994,0.09526239041671035,0.006619793572847663,0.0008958765524322055
2.5390625,True,False,False,False,False,False,False,False,0.32600197478097004,0.0011278318107664435,0.3260052746100217,0.003065738893093844,0.3260020181111773,0.008335692660297697,0.008333652369524753,0.0011278167641482336
2.578125,False,False,False,False,True,False,False,False,0.03175572465958006,0.00029867971717770843,0.23467949290501944,0.0022069610290554906,0.6379197144038983,0.086328502936964,0.005999053994241743,0.0008118703540631889
2.6171875,True,False,False,False,False,False,False,False,0.3909070637623928,0.0004975244967074698,0.3909183442349634,0.00999308265544468,0.1438090566394593,0.052529548242536375,0.009992997053066596,0.0013523829154294248
2.65625,False,False,True,False,False,False,False,False,0.14838048124579714,0.0013954167642168688,0.40334828486252455,0.010310741924158096,0.40334682366132363,0.0037932490577398843,0.0280296132132931,0.0013953892709466166
2.6953125,True,False,False,False,False,False,False,False,0.3149583656581074,0.00805156610899843,0.3149602901847534,0.0010896044061257204,0.3149532653383744,0.002961860623095933,0.042624205032791046,0.0004008426477536568
2.734375,True,False,False,False,False,False,False,False,0.5073889769412009,0.0006457771766690317,0.18665253795481412,0.0017555095398934573,0.03525910339050745,0.06866168858966909,0.01298319707727736,0.18665320932996865
2.7734375,False,False,True,False,False,False,False,False,0.23835848070320792,0.000303349844235121,0.647928282622369,0.006092943109508607,0.08768665937959494,0.002241466771000971,0.01656422955427227,0.0008245880158111487
2.8125,False,False,True,False,False,False,False,False,0.23857266571661034,0.0008253258640169026,0.6485080823762418,0.0008253202079618174,0.08776556243806724,0.016579326090256592,0.006098397345856277,0.000825319960988973
2.8515625,True,False,False,False,False,False,False,False,0.6544395967055847,0.0022639830734380957,0.08856756162867933,0.0008328668899331788,0.24075472057647798,0.006154168295514539,0.006154236884452435,0.0008328659459197498
2.890625,False,False,True,False,False,False,False,False,0.020910308109135654,0.05683990663742473,0.42000966956360736,0.0005345264025643796,0.4200060810865334,0.020909960804960256,0.0568398831646598,0.003949664231114446
2.9296875,True,False,False,False,False,False,False,False,0.6897623981340582,0.00032293536690720774,0.2537486463659727,0.0008778260618568335,0.0023861883705326666,0.017632209379021664,0.017631740433801363,0.01763805588784936
2.96875,True,False,False,False,False,False,False,False,0.3929133031004362,0.0013592772669575527,0.14454438665913952,0.010043872470709904,0.05316986391351739,0.0013592690616940776,0.3929150140472327,0.0036950134803125484
3.0078125,False,False,False,True,False,False,False,False,0.03085307123871067,0.01134762281833424,0.004174534438857097,0.443918071543465,0.44391943271420836,0.0015357178618612788,0.004174561698399038,0.060076987686164346
3.046875,True,False,False,False,False,False,False,False,0.31495757410113556,0.002961760243280587,0.3149574363773027,0.0004008282259250375,0.3149573161733178,0.04262464774778801,0.0010895692803106385,0.008050867850939678
3.0859375,True,False,False,False,False,False,False,False,0.3149577909008603,0.0010895659923622933,0.3149575964387002,0.00040082753391553426,0.31495702600436776,0.04262455653837005,0.008050885988185558,0.002961750603238267
3.125,True,False,False,False,False,False,False,False,0.3149577731862792,0.001089566977047642,0.31495766904568895,0.00040082752669310393,0.3149568527281259,0.042624684968079606,0.008050881142857255,0.002961744425228314
3.1640625,False,False,True,False,False,False,False,False,0.23467612676454258,0.0008118391656266291,0.6379158225257779,0.00029865795707362003,0.0863321493969937,0.03175985916540735,0.00599874006055503,0.002206804964023156
3.203125,True,False,False,False,False,False,False,False,0.31495790426860093,0.0010895674150380584,0.3149577998594934,0.00040082789521817653,0.314957223254258,0.0426240471985886,0.008050886147078572,0.002961743961724183
3.2421875,True,False,False,False,False,False,False,False,0.32201708932026757,0.001113990476144655,0.3220168915420216,0.0011139884133989904,0.3220171521551721,0.022375406399280998,0.00823149759612997,0.0011139840975840868
3.28125,False,False,False,False,True,False,False,False,0.03186430873991989,0.000814524655964609,0.0866156171236818,0.002214162103306205,0.6400176409437975,0.2354451133946181,0.0022141182501396696,0.000814514788572221
3.3203125,True,False,False,False,False,False,False,False,0.405023367028825,0.0038090477990641615,0.028143927392268144,0.003808774165894033,0.4050255154427058,0.14897941611543009,0.0038087894089248236,0.0014011626468880436
3.359375,True,False,False,False,False,False,False,False,0.3385723992772325,0.023527541527616064,0.023529118089432876,0.023527289648142272,0.12453705170363308,0.0031838603820312544,0.33857229293114427,0.12455044644076772
3.3984375,True,False,False,False,False,False,False,False,0.3603013132786525,0.0004585358102677133,0.3603011298180056,0.003388143581004506,0.009210596379301451,0.13254692242841906,0.13254693034505724,0.001246428359292047
3.4375,True,False,False,False,False,False,False,False,0.6674614429888845,0.0008494396822291133,0.2455453476845221,0.0003124903710830266,0.0332301297752621,0.017061510872366036,0.033230623281774375,0.00230901534387871
3.4765625,False,False,True,False,False,False,False,False,0.09561153858314321,0.002444003656260139,0.7064801021489793,0.0008990971441540214,0.09561154762304926,0.0024440022522716647,0.09561061130018263,0.0008990972919597639
3.515625,False,False,False,False,False,False,True,False,0.24808712392790933,0.0023329591507096725,0.033574839525107286,0.006341727285157936,0.03357346660239947,0.0008582438822762094,0.674373394388359,0.0008582452380811762
3.5546875,True,False,False,False,False,False,False,False,0.510957759633254,0.013061434358670609,0.18797098487476818,0.0006502731192846403,0.025438140730742395,0.06914746623219475,0.004804968120646753,0.1879689729304388
3.59375,False,False,False,False,False,False,True,False,0.16327733349598783,0.0005648554762271786,0.16327912821896948,0.0015354221363756374,0.060052858442368115,0.004173748151897584,0.4438379858644625,0.16327866821371162
3.6328125,False,False,False,False,False,False,False,True,0.014460690469329896,0.0027313920959688327,0.03930906943183093,0.000369648475142867,0.0074247268113923565,0.0393083526723449,0.10685171188257855,0.7895444081614117
3.671875,False,False,True,False,False,False,False,False,0.24979959236723034,0.0008641682731541893,0.6790313784853981,0.0003179079304683841,0.006385406478754813,0.017359066545459517,0.012435720134459278,0.03380675978507545
3.7109375,False,False,True,False,False,False,False,False,0.23467660349939617,0.0008118459862919189,0.6379183252005296,0.00029865936555612715,0.03175684070124598,0.08633198733657482,0.005998896189331464,0.002206841721073802
3.75,False,False,True,False,False,False,False,False,0.10307054375491348,0.002634709292873685,0.7616025944257068,0.00035656605430711447,0.007161991069852226,0.10307035917825288,0.019468371302912773,0.002634864921181082
3.7890625,False,False,True,False,False,False,False,False,0.10317352101686403,0.0071690522158301745,0.7623586258156078,0.0003569211597738855,0.10317261559780765,0.013962742329521681,0.007169127441079479,0.002637394423515446
3.828125,False,False,True,False,False,False,False,False,0.23914345813596807,0.00224884181973653,0.6500598964925588,0.00030434458469378044,0.08797543207001397,0.011906167728618935,0.006113034417742674,0.0022488247506671204
3.8671875,True,False,False,False,False,False,False,False,0.3153311741959294,0.001090860264042719,0.315330733936472,0.0010908559372469233,0.3153304732488693,0.042674530070721806,0.008060516243522572,0.0010908561031953937
3.90625,True,False,False,False,False,False,False,False,0.32600425138022693,0.0030656514394029636,0.3260033331171431,0.0011277815626173705,0.3260042583027187,0.008333639797868244,0.00833330537335964,0.0011277790266631107
3.9453125,True,False,False,False,False,False,False,False,0.3256052733347323,0.00832322987380396,0.32560355147621656,0.0030619573538403105,0.32560628087048976,0.008323397568594555,0.0030619295401704827,0.0004143799821520143
3.984375,False,False,False,False,True,False,False,False,0.03175796532672444,0.08632991003281501,0.000298666080732036,0.00599899958912744,0.6379208954110416,0.23467483762956798,0.0008118614939495615,0.0022068644360418764
4.0234375,False,False,False,False,False,False,False,True,0.015115345925386105,0.11169045417079489,0.002855120821218952,0.0010503437470023096,0.01511529837044366,0.007761213430420968,0.02109834429209463,0.8253138792426385
4.0625,False,False,False,False,False,False,False,True,0.25645285111473526,0.0065561712848524935,0.002411630984007989,0.00032637659507603973,0.006555561154927036,0.017820067748000306,0.012767381230170361,0.6971099598882304
4.1015625,False,False,False,False,True,False,False,False,0.18799231333836253,0.03550998747454462,0.18799322948412167,0.0017678648800961447,0.5110097368296903,0.06915335189670811,0.0017678731719114095,0.004805642924565175
4.140625,False,False,False,True,False,False,False,False,0.0008747770597198904,0.002377975849954777,0.017570997672764876,0.6873393331737073,0.25286103220115413,0.0023778798746808853,0.0023778878833246755,0.03422011628469352
4.1796875,False,False,True,False,False,False,False,False,0.09526643292513036,0.00032957176829712825,0.703931260111889,0.00661962069217456,0.0952563878363299,0.002435250182556062,0.09526560953557238,0.0008958669480505252
4.21875,False,False,False,False,False,False,True,False,0.0858440782576948,0.0008072673741005548,0.23334848640788744,0.0002969741587141356,0.011617183394704009,0.031579586785692004,0.6343120487743716,0.002194374846835482
4.2578125,False,False,True,False,False,False,False,False,0.08633254792197377,0.0008118522060416449,0.6379177089471872,0.0002986616870735542,0.00599962631634616,0.03175737305695467,0.23467535758633395,0.0022068722780890734
4.296875,False,False,True,False,False,False,False,False,0.1313989996044817,0.00045457291345128465,0.3571858006761932,0.0012356533016931372,0.13139947301319857,0.017782665704875664,0.35718397009408515,0.00335886469202126
4.3359375,True,False,False,False,False,False,False,False,0.3929172026755314,0.0013592678804477368,0.3929177657107487,0.0036948764298261514,0.14454512646295237,0.053161459271433543,0.010045039602817173,0.0013592619662427612
4.375,True,False,False,False,False,False,False,False,0.6343112313281638,0.0008072520120499449,0.23334978584905355,0.0002969705303183929,0.08584380174510131,0.0315789285665368,0.0116176962192943,0.0021943337494818595
4.4140625,True,False,False,False,False,False,False,False,0.3260042221366395,0.00306563483549673,0.3260036961331915,0.0011277787634141436,0.32600406319217323,0.008333256346233775,0.008333570894962138,0.0011277776978890616
4.453125,True,False,False,False,False,False,False,False,0.7057911663104264,0.002441630924915575,0.09551742016659914,0.00033043714179523316,0.09551805115254039,0.0024416762103703113,0.09551799484133895,0.0024416232520139535
4.4921875,True,False,False,False,False,False,False,False,0.4571956140717663,0.0015816493990321498,0.16819325874100322,0.0005818502327884477,0.031769322694830446,0.16818671620750622,0.004299513059879785,0.16819207559319338
4.53125,True,False,False,False,False,False,False,False,0.766437818123841,0.000975417676944,0.03815754442617746,0.00035883268065424294,0.10372333746156139,0.038154507889838485,0.0381562091048625,0.014036332636120856
4.5703125,False,False,True,False,False,False,False,False,0.26086446108659017,0.0009024479705310173,0.7091066385228115,0.0066682598594542675,0.002453133689597889,0.006668277574188361,0.0066684699452375365,0.006668311351589433
4.609375,False,False,False,True,False,False,False,False,0.004909420069419465,0.02598648288171922,0.19205709001972449,0.5220550283405563,0.19205828552398205,0.025989301323505954,0.0006644122659086389,0.03627997957518383
4.6484375,True,False,False,False,False,False,False,False,0.3163494906371311,0.001094382788630983,0.3163490572680585,0.001094380831794252,0.3163499600793688,0.042813050493110724,0.002974838550016719,0.002974839351888944
4.6875,True,False,False,False,False,False,False,False,0.6379161538567091,0.0008118401355019907,0.0863325106412037,0.0002986580977092481,0.23467573691644403,0.03175953782105194,0.005998756176496617,0.0022068063548833015
4.7265625,True,False,False,False,False,False,False,False,0.31495783695112906,0.0010895660196037409,0.3149577169396803,0.0004008275171996655,0.31495715190254414,0.0426242716357813,0.008050886603319988,0.002961742430741816
4.765625,True,False,False,False,False,False,False,False,0.6479283191227859,0.0008245827475552247,0.08768746332977914,0.00030334568887150493,0.23835928568300419,0.01656249082553544,0.006093072022222578,0.002241440580245916
4.8046875,True,False,False,False,False,False,False,False,0.6544391971291519,0.006154132240936725,0.08856842969025158,0.000832867871312825,0.24075420329483715,0.00615411893303744,0.002264182420688537,0.0008328684197839483
4.84375,True,False,False,False,False,False,False,False,0.6560528479547828,0.0022695769945509773,0.08878661557915316,0.0008349301584086639,0.24134751799154233,0.006169333785779516,0.00226958479769943,0.0022695927380830677
4.8828125,True,False,False,False,False,False,False,False,0.6506451452761597,0.0061185107922081625,0.08805443854944901,0.0008280431756964297,0.23935819963657531,0.011916760720552455,0.0022508616876833172,0.0008280401616755164
4.921875,True,False,False,False,False,False,False,False,0.6447829128892276,0.0008205791686942902,0.08726153732861447,0.0008205768355567948,0.23720212364022525,0.01648240643871283,0.011809286973740164,0.0008205767252284467
4.9609375,True,False,False,False,False,False,False,False,0.6506447831667131,0.0022508514608292375,0.23935841207871245,0.0008280366430107216,0.08805504518288466,0.0061184188320948935,0.01191641617942935,0.0008280364563256621
5.0,False,False,False,False,True,False,False,False,0.1806265350420073,0.1806207458644485,0.06644830948243095,0.0006248636898543011,0.4909945648741795,0.012550894041195644,0.06643552973454839,0.0016985572713355398
5.0390625,False,False,False,False,False,False,True,False,0.24871591696123635,0.002339599958318396,0.03365978944826626,0.0023389568505004818,0.03365846507804581,0.00233892685241152,0.6760879030488105,0.0008604418024106734
5.078125,True,False,False,False,False,False,False,False,0.9015752120595721,0.008478430366811649,0.016509114428757608,0.008478312313381389,0.04488181098237635,0.008479015793256398,0.008479063225904148,0.0031190408299403513
5.1171875,False,False,False,False,False,True,False,False,0.043481804252610085,0.04347633141962736,0.005882504996192718,0.005882538308514251,0.23011574609307084,0.6255304015769277,0.002164076481311911,0.04346659687174507
5.15625,False,False,False,False,False,False,True,False,0.194894001742773,0.19484796007865487,0.02636441670818018,0.013542743270866972,0.026375318798393887,0.013543199567615974,0.5297581250807032,0.0006742347528119857
5.1953125,False,False,False,False,True,False,False,False,0.00438338129294619,0.1714492722624628,0.17146876410259332,0.001612549628614462,0.4660937653373851,0.1714645039167342,0.01191527208960709,0.001612491369656801
5.234375,False,False,True,False,False,False,False,False,0.1714605129714009,0.0016124550688212422,0.46609130444363545,0.011914442954807371,0.17146081191099177,0.17146494375869017,0.004383096757419146,0.0016124321342338768
5.2734375,False,False,False,False,True,False,False,False,0.1483774385624993,0.0037930548234863647,0.028059688494975654,0.001395333306455672,0.40333257967530656,0.40333506267992847,0.010311504256799147,0.001395338200548994
5.3125,True,False,False,False,False,False,False,False,0.7046129915498273,0.0008967721120828596,0.09535856514540571,0.000896751470873657,0.0953561135470392,0.09535578033468985,0.00662627737323788,0.0008967484668436517
5.3515625,False,True,False,False,False,False,False,False,0.09467428564878222,0.6995521465576607,0.0024203363213154347,0.0003275450858286178,0.09465916698124614,0.000890423106119146,0.01281172903484437,0.09466436726420334
5.390625,False,False,False,False,False,False,False,True,0.03421607516611295,0.002377966642209221,0.017570744789263668,0.0023778665121859314,0.2528591780855972,0.0008747900607895199,0.002377952825678807,0.6873454259181627
5.4296875,False,False,False,False,True,False,False,False,0.011366555081047853,0.0015381669861461343,0.06017074667906215,0.011374017218253775,0.4446255193832782,0.44462066542641665,0.004181245441325489,0.02212308378446953
5.46875,False,False,False,False,False,True,False,False,0.01342327890794804,0.0018164989415041678,0.193167182155382,0.03648594896172413,0.1928791621158257,0.5250727828791774,0.0006682530467290698,0.03648689299170945
5.5078125,False,False,False,False,True,False,False,False,0.003709997459317514,0.001364751964045995,0.0037098232104842465,0.003709820888546617,0.3944977956264784,0.05338586291375907,0.39449506047467864,0.1451268874626896
5.546875,False,False,False,True,False,False,False,False,0.04017993392177229,0.001999337992017485,0.07821460233501042,0.5779160641926865,0.005435085516626384,0.21260793278427143,0.005434826327313798,0.07821221693030168
5.5859375,False,False,True,False,False,False,False,False,0.004081726744115306,0.0005523656690187626,0.43402068871593313,0.011094784567444145,0.4340203176826346,0.08198327745142657,0.004081444776488297,0.030165394392939134
5.625,False,False,False,False,True,False,False,False,0.012479161316335478,0.0008672099159345991,0.03392478218417285,0.017418552123966227,0.6814094297062916,0.25067636151445366,0.0008672003810666562,0.0023573028577788717
5.6640625,True,False,False,False,False,False,False,False,0.3929118888426097,0.00369490472481082,0.053174527550098064,0.001359260669235772,0.3929129512872976,0.14454320803598514,0.010044002338843618,0.001359256551119147
5.703125,False,False,True,False,False,False,False,False,0.13254637781302706,0.0004585471866425081,0.3603000421398538,0.003388217226380645,0.13254810082812143,0.3603015589514647,0.009210704992750974,0.0012464508617588202
5.7421875,False,False,False,False,True,False,False,False,0.24871662112768805,0.0023389593794857066,0.033659278689592294,0.0023389265211441433,0.6760887719738158,0.03365764668360954,0.002339363159437787,0.0008604324652267258
5.78125,True,False,False,False,False,False,False,False,0.3769791317948978,0.00047977898625752713,0.051017971439368454,0.0013041655317392346,0.3769808470512008,0.05101497523230886,0.1386780469625313,0.003545083001696101
5.8203125,False,False,False,False,True,False,False,False,0.10120482957126034,0.0003501182111722473,0.03722919491988303,0.002587057253412902,0.7478108698481617,0.0070324248952227586,0.1011984536024431,0.002587051698443966
5.859375,False,False,False,False,False,True,False,False,0.07284937049105873,0.0006850925845593351,0.19803329763406213,0.0018622895494917774,0.01376127198421052,0.538302893667455,0.10168952796909371,0.07281625612006873
5.8984375,False,False,False,False,False,True,False,False,0.007225990832040874,0.0009779128732872466,0.10398786917396254,0.0009779038618949755,0.10398896030919152,0.76838936022,0.007225847200687203,0.0072261555289356415
5.9375,False,False,True,False,False,False,False,False,0.23777813708672035,0.0022360229648297333,0.646347056894741,0.0003026092635421894,0.08747327734775896,0.011837902681036778,0.011788992165566413,0.0022360015958046223
5.9765625,False,False,True,False,False,False,False,False,0.23797934866088225,0.0022379094669395033,0.646895180554876,0.0008232716313443445,0.08754721107636876,0.011847954952367156,0.011845853033764816,0.0008232706234572713
6.015625,True,False,False,False,False,False,False,False,0.5100256433830268,0.004796199031327003,0.18762587310705356,0.0006490874542699284,0.18762840100933456,0.035454709148417064,0.06902392174588264,0.004796165120688542
6.0546875,False,False,False,False,False,False,True,False,0.20001264316853756,0.013898205065082813,0.01389927669932106,0.0006919411131519272,0.2000147933936729,0.013898594027858932,0.5436864784996481,0.013898068032726694
6.09375,True,False,False,False,False,False,False,False,0.6784300668203016,0.0003176356371466277,0.24958129579670615,0.002347018974291304,0.017343027354088564,0.03377121565737781,0.017346323008546757,0.0008634167515411844
6.1328125,False,False,True,False,False,False,False,False,0.23935808873669584,0.002250883086524573,0.6506425632716896,0.0008280460017439623,0.08805457366342193,0.006120973668297541,0.011916827629880047,0.0008280439417465142
6.171875,False,False,True,False,False,False,False,False,0.09535845578012492,0.0008967323435002359,0.7046085248415482,0.0008967268158914111,0.09535853833009952,0.006626123638199087,0.09535817329799336,0.0008967249526432546
6.2109375,False,False,False,False,False,False,True,False,0.23524096557552895,0.0022121550244465966,0.08653912481132855,0.00029938100472072423,0.03183615907160571,0.002212153695570458,0.6394479164739095,0.002212144342889447
6.25,True,False,False,False,False,False,False,False,0.4121891973503269,0.0038762718080564114,0.41218727721809284,0.0005245785292440008,0.055781996924852216,0.05578311298377148,0.055781390927384655,0.003876174258271449
6.2890625,True,False,False,False,False,False,False,False,0.3571859478697632,0.0012356800947235635,0.35718393084251865,0.00045457552015841827,0.1313992294127943,0.13139979762262988,0.017781930693721845,0.003358907943690194
6.328125,False,False,True,False,False,False,False,False,0.23857124323713452,0.000825341483487086,0.6485093316673662,0.0008253313290265363,0.0877654726891433,0.016577402761873864,0.006100548238540426,0.0008253285934281092
6.3671875,False,False,True,False,False,False,False,False,0.23355392394244753,0.0008079851727438699,0.6348712387368446,0.0008079740475246398,0.08591858502348534,0.03160502548629681,0.011627291560154253,0.0008079760305030391
6.40625,False,False,True,False,False,False,False,False,0.09526658271070959,0.0024353710595078197,0.703932126576964,0.0008958774877692782,0.09525727980566977,0.006620146442285882,0.0952630390361205,0.000329576880973082
6.4453125,False,True,False,False,False,False,False,False,0.033232345508330555,0.6674471328020835,0.002309739456767034,0.00031254848169071087,0.0008496755976524428,0.017077794334949742,0.2455618408690606,0.0332089229494654
6.484375,True,False,False,False,False,False,False,False,0.4294233870700601,0.0014856507182977677,0.05811510806846931,0.010977211113890648,0.4294216056566633,0.010978037892886571,0.058113388862590654,0.0014856106171415864
6.5234375,False,False,True,False,False,False,False,False,0.02225751062194237,0.0011080101647608553,0.8705750415662667,0.00818688729502887,0.043339447584811036,0.043334431941070325,0.008186881864373045,0.0030117889617467925
6.5625,False,False,False,False,True,False,False,False,0.14431623364778062,0.0004993493464565986,0.05309803144532944,0.010029924204855685,0.39234595527628396,0.39233085741308976,0.003689893044374258,0.0036897556218295586
6.6015625,True,False,False,False,False,False,False,False,0.4313145940323041,0.0014921690574826868,0.05836990682302776,0.011025586675936802,0.43131361862474715,0.058371481534236117,0.004056489678418032,0.004056153573847188
6.640625,True,False,False,False,False,False,False,False,0.3256072054053902,0.003062239656239434,0.32561224640784886,0.0030620315905113787,0.008328226711533857,0.008323675642703348,0.3255899745255446,0.0004144000602283758
6.6796875,False,False,True,False,False,False,False,False,0.057089184453065905,0.0005369231008630283,0.42186352228921264,0.02931515259910812,0.057089658586940484,0.4218606960456074,0.0014594954159415925,0.010785367509260874
6.71875,False,False,True,False,False,False,False,False,0.056182800578238885,0.0027964990315486773,0.2973602089925349,0.007601532898251857,0.2973632480819984,0.29736708888054625,0.020664163573697856,0.020664457963183232
6.7578125,False,False,False,False,False,False,True,False,0.0017935255343686594,0.001793530990406737,0.013257240135365625,0.19065713838018508,0.013259381618750728,0.07014457568805917,0.51839346886628,0.19070113878658373
6.796875,False,False,False,False,False,False,False,True,0.013266342228703917,0.0017953739879104029,0.013266213308002341,0.07023075887715208,0.18977070282073935,0.19091240167784543,0.0017955889272170099,0.5189626181724294
6.8359375,False,False,False,False,False,True,False,False,0.07471883192132767,0.0007031305453893696,0.07476961060346889,0.014122863098648243,0.20324420983291305,0.5524852439321903,0.005195667375384072,0.07476044269067833
6.875,True,False,False,False,False,False,False,False,0.36030160014150625,0.0004585413939715382,0.13254798440417628,0.0012464419381372942,0.3602995869489495,0.13254589269119627,0.009211735225336805,0.0033882172567260282
6.9140625,False,False,False,False,True,False,False,False,0.01465579817976312,0.0007296289182480933,0.2109042911112807,0.07756207613669415,0.5733000489377609,0.07758701477672056,0.039869823691120757,0.005391318248411697
6.953125,False,False,False,False,False,True,False,False,0.01588676804584477,0.00215003225168136,0.043184585958415324,0.04319062914694764,0.22863039214599806,0.6214881208122742,0.002150087488448419,0.043319384150390286
6.9921875,False,False,False,False,False,True,False,False,0.007799403169897522,0.0010554854849316108,0.04128982828410855,0.057638919509976044,0.04128824869413202,0.8293389355089127,0.0003882867968077674,0.02120089255123389
7.03125,False,False,False,False,True,False,False,False,0.015653433083307328,0.0021184546130480018,0.01565409040677375,0.08279913991248247,0.6123626638457834,0.22527225118296315,0.01565483632997986,0.03048513062566204
