time_sec,Amusement,Anger,Disgust,Fear,Inspiration,Joy,Sadness,Tenderness,prob_Amusement,prob_Anger,prob_Disgust,prob_Fear,prob_Inspiration,prob_Joy,prob_Sadness,prob_Tenderness
0.0390625,True,False,False,False,False,False,False,False,0.6479262750001893,0.0008245768018200939,0.2383586927520578,0.0003033442242829843,0.08768688606197932,0.01656587940125943,0.00609291077298153,0.0022414349854295895
0.078125,True,False,False,False,False,False,False,False,0.6379200476612676,0.0008118423464099857,0.23467771937138918,0.0002986595044056679,0.08633247735791567,0.03175366248947159,0.005998776404102258,0.00220681486503785
0.1171875,True,False,False,False,False,False,False,False,0.6348688324690395,0.0008079587934582287,0.23355515246812789,0.0008079578814566476,0.08591991201589337,0.031606376340945534,0.011625851724205355,0.0008079583068736155
0.15625,True,False,False,False,False,False,False,False,0.6379160596309251,0.0008118367425208609,0.23467619303531362,0.0002986575874641586,0.08633208820779892,0.03175960259038472,0.005998760505342951,0.0022068017002495363
0.1953125,True,False,False,False,False,False,False,False,0.6379163680884823,0.000811839113870758,0.23467637700981633,0.000298658037541718,0.08633203640639582,0.031759179839416625,0.005998736132248144,0.0022068053722282617
0.234375,False,False,True,False,False,False,False,False,0.2555508576083238,0.0008840600209259716,0.6946601733926524,0.00032522518209360626,0.017757801064644845,0.01775706165071302,0.006532457230051632,0.00653236385059486
0.2734375,True,False,False,False,False,False,False,False,0.40412667556873244,0.01033218296991958,0.0073992242775328485,0.14867785263687022,0.404144209414304,0.020121025701134335,0.001398166737109137,0.003800662694397403
0.3125,False,False,True,False,False,False,False,False,0.0030619416995640333,0.0030619976149816657,0.3256004985397284,0.0004143843117031455,0.00833329332139063,0.32560196523921026,0.008323544339878535,0.32560237493354327
0.3515625,True,False,False,False,False,False,False,False,0.6379356163564693,0.0008119091518309697,0.03173119356818871,0.005999434248726698,0.08633442421956745,0.002206931511001226,0.23468181936382632,0.00029867158038934924
0.390625,True,False,False,False,False,False,False,False,0.6485329938895968,0.08772962076951726,0.016579620333507274,0.000825388029966041,0.2385829137537114,0.00609871998609913,0.0008253769125690066,0.0008253663250330526
0.4296875,False,False,False,False,False,True,False,False,0.0077975177098826625,0.005582665558134787,0.11221302942011313,0.007797579013157793,0.015184853590596568,0.8291732329219259,0.0010552634118091066,0.021195858374380094
0.46875,False,False,False,False,True,False,False,False,0.007661106807835791,0.002816522724531441,0.020813298573588292,0.002816529275745831,0.814143664752395,0.11017955359822278,0.001036141844149272,0.04053318242353159
0.5078125,True,False,False,False,False,False,False,False,0.5213871089966031,0.013329542544703685,0.1918075480030654,0.0018037820137387934,0.004903160452303146,0.004903112285334924,0.07056111003933124,0.19130463566491973
0.546875,False,False,False,False,False,False,False,True,0.17736720905056727,0.001667922981165801,0.09106650449937996,0.0045338950819313875,0.17736736994346267,0.06524854625964724,0.0006135978724577107,0.482134954311388
0.5859375,False,False,False,False,False,False,False,True,0.17116324489281248,0.004375289455520141,0.17116377433038024,0.0005921274179559633,0.17116467048285003,0.004375316540732289,0.011893891680069038,0.46527168519967976
0.625,False,False,False,False,False,False,False,True,0.17116411983728583,0.004375329091829674,0.17116160496628072,0.0005921302028904862,0.17116388818037012,0.004375549282506717,0.011893810081497974,0.4652735683573384
0.6640625,True,False,False,False,False,False,False,False,0.7646042224432356,0.0009731461877056075,0.10347012213052877,0.002645168151620822,0.01955136136171508,0.0026455483240077605,0.10346515684872631,0.0026452745524600725
0.703125,False,False,False,True,False,False,False,False,0.0004993137057848404,0.0036896037830160587,0.0036894647889845517,0.39233076200532885,0.053096697973955775,0.010030327347446874,0.3923327606341426,0.14433106976134055
0.7421875,False,False,True,False,False,False,False,False,0.033543431317335934,0.006336256395217387,0.6737434724487502,0.00031543524667655026,0.0023307895881239573,0.2478566547406999,0.0023308332076400714,0.03354312705555604
0.78125,True,False,False,False,False,False,False,False,0.6484755817314182,0.0008252781181041855,0.2385608479922558,0.0003036017570094636,0.011877147065319794,0.08776147949103034,0.006098031830498549,0.006098032014363621
0.8203125,True,False,False,False,False,False,False,False,0.6379160697861365,0.0008118373085529112,0.23467625841435102,0.0002986576086458703,0.08633201668984716,0.031759636413795214,0.005998723401098054,0.0022068003775734036
0.859375,True,False,False,False,False,False,False,False,0.6379159126998554,0.00029865815610480143,0.08633251933635257,0.0022067995302266757,0.23467568358783164,0.03175985026533382,0.0059987402631372245,0.000811836161157936
0.8984375,False,False,True,False,False,False,False,False,0.24053682661926062,0.00030611776427632675,0.6538473894734562,0.002261915506180392,0.006149000040566383,0.08848828083623442,0.006148551098433598,0.0022619186615920263
0.9375,False,False,True,False,False,False,False,False,0.25132130374477296,0.0003198436070640154,0.6831640282904019,0.0008694236516481521,0.017464425442186085,0.03401243183220024,0.00642428515119523,0.006424258280531427
0.9765625,True,False,False,False,False,False,False,False,0.3923335171866394,0.0004993020452186756,0.3923329429331793,0.003689379203421678,0.144330753713101,0.05309587002015194,0.0036893729568124485,0.010028861941475474
1.015625,True,False,False,False,False,False,False,False,0.3149576433355033,0.0029617627934032634,0.314956933494035,0.0004008288735492424,0.3149579390636296,0.0426244493844156,0.0010895663334593675,0.00805087672200457
1.0546875,True,False,False,False,False,False,False,False,0.6394497948317599,0.0022121450755823967,0.08653988157738099,0.0002993770954086671,0.23523836140481694,0.031836191280423656,0.0022121220097687166,0.002212126724858718
1.09375,False,False,True,False,False,False,False,False,0.2385604187145229,0.006098191491600338,0.648476564517174,0.00030360349118001187,0.0060982494799772646,0.011876976886936856,0.0008252819988302256,0.08776071341977838
1.1328125,True,False,False,False,False,False,False,False,0.407916895705197,0.010427239846584732,0.40791655480123107,0.0014111513660674453,0.010427136060479502,0.010427745034474757,0.1500621185238227,0.0014111586621428718
1.171875,False,False,True,False,False,False,False,False,0.24898122260998548,0.0008613304664320851,0.6768020149714726,0.00031686439401506106,0.006364755436607569,0.04703147110428455,0.017300982285516485,0.002341358731686011
1.2109375,True,False,False,False,False,False,False,False,0.4175953544697368,0.0014446348049261474,0.4175966897785639,0.0005314500828407677,0.05651518001008863,0.020790631635148146,0.05650963701954702,0.029016422199148493
1.25,True,False,False,False,False,False,False,False,0.4909853320120564,0.0016985174037141366,0.18062314071375915,0.0006248469687967444,0.18062323018389861,0.012550449219027246,0.06644740756376936,0.06644707593497841
1.2890625,True,False,False,False,False,False,False,False,0.39884959809259457,0.027713729392318382,0.3988492773398787,0.000507592329505683,0.14672223791608516,0.003750649878970745,0.003750650758718251,0.019856264291928445
1.328125,False,False,True,False,False,False,False,False,0.2346762623122118,0.0008118408267213607,0.6379158280988445,0.0002986586829906103,0.08633213874252703,0.03175971966307128,0.005998740673449224,0.00220681100018402
1.3671875,False,False,True,False,False,False,False,False,0.05309665178089748,0.0036893976023229017,0.3923308800246928,0.0004993017598491374,0.39233426304636104,0.1443313414594963,0.0036893824212118668,0.010028781905168397
1.40625,False,False,True,False,False,False,False,False,0.14433154034436985,0.0036893873886172665,0.3923338214600524,0.0004993008527971792,0.392331591097404,0.05309618723682705,0.010028805666867554,0.0036893659530646728
1.4453125,False,False,True,False,False,False,False,False,0.053096511088363066,0.003689383974992172,0.3923322105201168,0.0004992999585812616,0.3923333027938326,0.14433116571596466,0.01002876303434702,0.003689362913802462
1.484375,False,False,True,False,False,False,False,False,0.14454470183011858,0.010043626194984067,0.392912338169364,0.0013592465592691743,0.39291280925813077,0.05317320814562626,0.0036948237183186106,0.001359246124188458
1.5234375,False,False,True,False,False,False,False,False,0.14859579213719595,0.010325409626533418,0.4039252936307509,0.0013973507474293512,0.403925208028688,0.020108406495323753,0.010325196488947036,0.0013973428451316081
1.5625,True,False,False,False,False,False,False,False,0.6506443255236056,0.0022508565993250296,0.08805488255699138,0.0008280368888453351,0.2393586069758773,0.011916812997519536,0.006118441565861974,0.000828036891973825
1.6015625,True,False,False,False,False,False,False,False,0.3234499620095733,0.0030416206097766928,0.323449686656181,0.0011189436407189608,0.3234495483792162,0.016103311020269382,0.008267984416803988,0.001118943267460434
1.640625,False,False,False,False,True,False,False,False,0.1949015264608832,0.013543101805612264,0.194901163781822,0.0018327938456829914,0.5297975554086429,0.026376507591179425,0.036814559482775275,0.0018327916234018062
1.6796875,False,False,True,False,False,False,False,False,0.14297333382946772,0.0036547506895393636,0.3886425076973752,0.0004946067795866175,0.003654782033746438,0.3886378957872812,0.05259443361939975,0.019347689563603748
1.71875,False,False,False,False,False,False,False,True,0.09839457848791197,0.09838932543445054,0.0009252993533479983,0.0003403914744551413,0.002515199941029269,0.036195949890775674,0.03619625250453853,0.7270430029134908
1.7578125,False,False,False,False,False,False,False,True,0.2537455482956482,0.0023862372183773082,0.006486295559137586,0.0003229311101423565,0.03433626263057787,0.006486420954880358,0.006487061184729771,0.6897492430465065
1.796875,True,False,False,False,False,False,False,False,0.29984000743625727,0.020838992531714385,0.2998367907651985,0.00766482980128419,0.29983454234534046,0.0076647101678463106,0.007665966495791863,0.0566541604565669
1.8359375,True,False,False,False,False,False,False,False,0.3769790139704666,0.05101681373999917,0.051014511698266284,0.0013041821739530634,0.13868356667127252,0.0035451753701186204,0.37697696497980326,0.00047977139612032733
1.875,False,False,True,False,False,False,False,False,0.14220572812198948,0.026895633304456944,0.3865598368753493,0.003635109852725823,0.38656023753003893,0.05231420151466672,0.001337295840876403,0.0004919569598964119
1.9140625,True,False,False,False,False,False,False,False,0.6500601069517103,0.002248827542209541,0.08797592085191171,0.00030434370279076124,0.23914264850934427,0.006113246719033481,0.011906091950523291,0.002248813772476509
1.953125,True,False,False,False,False,False,False,False,0.6394491304650413,0.002212120347331865,0.08653995118757986,0.0002993759943389032,0.2352392527526249,0.03183592715473226,0.002212128551035639,0.002212113547315368
1.9921875,True,False,False,False,False,False,False,False,0.727052051136006,0.002515182958746363,0.09839546533165792,0.0003403899903303326,0.09837986130915108,0.03619737937821777,0.0009252824084671109,0.03619438748742337
2.03125,True,False,False,False,False,False,False,False,0.5047107168825515,0.02512711320752542,0.06830461418804398,0.0006423168127377743,0.004746147215661059,0.18567110018149205,0.025127081584581067,0.18567090992740717
2.0703125,False,True,False,False,False,False,False,False,0.021125724362028125,0.4243335823333904,0.42433662125500976,0.000540028639935116,0.05740117725221661,0.010846910056942202,0.003990364490226245,0.057425591610251486
2.109375,False,True,False,False,False,False,False,False,0.0008205927200615584,0.6447841268121807,0.23720453167241062,0.0008205921402992266,0.08725811451282571,0.0008206045932931593,0.01180713965209452,0.016484297896834574
2.1484375,False,False,True,False,False,False,False,False,0.0983956288587022,0.0025152142700762595,0.727057497214386,0.0003403933664733143,0.036187509267621876,0.09838282721375996,0.036195640009993355,0.0009252897989871783
2.1875,False,False,True,False,False,False,False,False,0.03178773322322818,0.0008125699685044094,0.6384825250901727,0.0008125603938274494,0.23488105567977288,0.0008125629563265705,0.006004606730335587,0.08640638595783222
2.2265625,False,False,True,False,False,False,False,False,0.23914278384852203,0.0022488638136172585,0.6500654955096422,0.0003043470035316821,0.08797031256925378,0.00224887047446396,0.011906077134004435,0.0061132496469647885
2.265625,False,False,True,False,False,False,False,False,0.23776616537170386,0.0022359086980115288,0.6463205506461406,0.0003025939286202414,0.011832327137023093,0.011837613864567897,0.002236018040806502,0.08746882231312611
2.3046875,False,False,True,False,False,False,False,False,0.08746834765323763,0.002235968046849343,0.6463188345714569,0.00030259462668670746,0.23776548214112128,0.011837125927628043,0.002235976625922242,0.01183567040709785
2.34375,False,False,False,False,True,False,False,False,0.001076907274584533,0.04212687626737908,0.015495929579506388,0.042118873434080974,0.8461836136604433,0.04211282961031866,0.007957611464996805,0.002927358708690219
2.3828125,False,False,True,False,False,False,False,False,0.06914751624876075,0.004805081866301427,0.5109627449894624,0.0254339627123559,0.18797250385457995,0.18796649535175397,0.013061416172932619,0.0006502788038530656
2.421875,False,False,False,True,False,False,False,False,0.03357359586368486,0.002333081715266403,0.006342228596387384,0.6743799247426119,0.24809426296465278,0.0008582757532170728,0.03356035287150831,0.0008582774926712776
2.4609375,False,False,False,False,False,True,False,False,0.0022489935161618705,0.0008273658643042612,0.23915715170800356,0.0008273566937991684,0.08797537468886343,0.6500953083167998,0.002249011367773115,0.016619437844294826
2.5,False,False,False,False,True,False,False,False,0.0043756574927121,0.0005921461150949013,0.004375517887963304,0.17116501269098786,0.46527859179335657,0.17116116171678836,0.1711580044091788,0.011893907893918022
2.5390625,False,False,False,False,True,False,False,False,0.028218179495391998,0.0007213398096971108,0.014489033285985161,0.028193636622822277,0.5667953284772069,0.20850833843940636,0.07661703460632745,0.07645710926316264
2.578125,True,False,False,False,False,False,False,False,0.42942334072564053,0.010977290250711568,0.05811592090381246,0.42941946562325484,0.010978048437508537,0.05811479072817687,0.0014855688363624995,0.0014855744945326413
2.6171875,False,False,True,False,False,False,False,False,0.0012464824057409098,0.13253632896477974,0.3603065905946446,0.003388275928709841,0.3603075874467027,0.009210304651122459,0.0004585493110033344,0.13254588069729645
2.65625,False,False,True,False,False,False,False,False,0.2346764999088034,0.0008118407497170148,0.6379170283289844,0.0002986587682317321,0.08633239732364865,0.03175799604927693,0.005998767764158671,0.002206811107179321
2.6953125,True,False,False,False,False,False,False,False,0.31495964838624385,0.0010895726525831815,0.31495944472469745,0.0004008299629067106,0.3149586580473588,0.04261913497636964,0.008050945352155182,0.002961765897685105
2.734375,False,False,True,False,False,False,False,False,0.23488335792653914,0.0008125561651717254,0.6384788087156029,0.0008125540394986781,0.08640835376787954,0.0317877563602207,0.006004058114126183,0.0008125549109611874
2.7734375,True,False,False,False,False,False,False,False,0.32307888970246346,0.0011176636296416945,0.3230780319984675,0.003038119461838837,0.3230790409056315,0.02245246928364501,0.0030381249320999954,0.0011176600862118813
2.8125,True,False,False,False,False,False,False,False,0.6855716296706689,0.002371678524306555,0.03413247019452602,0.0008724893597881399,0.252207673076902,0.006446879940507426,0.017524692751438302,0.0008724864818626261
2.8515625,True,False,False,False,False,False,False,False,0.6400151274117946,0.002214078476325097,0.031864314141627555,0.0008145103360096832,0.23544813205808018,0.0022140768835343452,0.0866152514171398,0.0008145092754887688
2.890625,True,False,False,False,False,False,False,False,0.31952373303927173,0.001105371622299624,0.31952261100185925,0.0011053663726678124,0.31952379906618106,0.02220711654525814,0.015906641038828797,0.0011053613136335746
2.9296875,True,False,False,False,False,False,False,False,0.37697867873293944,0.0004797680592593131,0.13867743131805974,0.051016521663457645,0.37698156689674495,0.05101688161902991,0.003545018483041991,0.0013041332274670945
2.96875,True,False,False,False,False,False,False,False,0.650093789167405,0.0022489533873660916,0.0166176940169162,0.0008273431106395854,0.23915639434799715,0.0022489425275846993,0.08797954564330224,0.0008273377987889068
3.0078125,False,False,False,False,True,False,False,False,0.1403881711944969,0.0265237039807384,0.14042469473776634,0.14041624544219553,0.381710020928162,0.003589592741356869,0.14042374072931166,0.02652383024597233
3.046875,False,False,False,False,True,False,False,False,0.015750989199678024,0.005794686832499813,0.08338929747591851,0.015750813781895048,0.6161685672322399,0.005794385200153102,0.03067494332528104,0.22667631695233453
3.0859375,False,False,False,False,False,False,False,True,0.2548663523487721,0.017713526975686688,0.006515459302804854,0.00032435803205469057,0.012688842924709667,0.012688641845467433,0.0023967266604348605,0.6928060919100698
3.125,False,False,True,False,False,False,False,False,0.058104453294564935,0.0014856617752394357,0.4294314848530299,0.4294247982241422,0.010977806518485827,0.05811241524055429,0.001485629159705271,0.010977750934278179
3.1640625,False,False,True,False,False,False,False,False,0.0013952869629921451,0.02809200958128409,0.40332327214424396,0.0037927984350767034,0.4033180703823486,0.14837331662558742,0.0013952746491675834,0.010309971219299368
3.203125,False,False,False,False,True,False,False,False,0.006092966895834254,0.00030335338453640746,0.23835960473728407,0.0008245918968112567,0.6479255159400643,0.08768649708598873,0.002241488246094092,0.01656598181338686
3.2421875,False,False,False,False,False,True,False,False,0.16819199189365325,0.0005818530339107465,0.16819212582543672,0.0015816295154122185,0.16819197588658752,0.45719171669780734,0.0042993514850333415,0.0317693556621588
3.28125,True,False,False,False,False,False,False,False,0.6479285755084069,0.0008245835452350813,0.08768755999497918,0.0003033459301912672,0.2383589875371801,0.016562473496242194,0.006093017950368627,0.0022414560373967074
3.3203125,True,False,False,False,False,False,False,False,0.32162790561942894,0.001112644192274089,0.32162781927598993,0.0004093168178846525,0.32162693440940765,0.022349522849404467,0.008221383367423615,0.003024473468186713
3.359375,True,False,False,False,False,False,False,False,0.32344917133043133,0.00304160120753132,0.3234489440643775,0.0011189381767208234,0.32344886351626184,0.016102894229809477,0.008270649868058151,0.001118937606809598
3.3984375,True,False,False,False,False,False,False,False,0.6720428851615522,0.0008552733772655048,0.24723053521838628,0.0003146356610890493,0.03345863337771402,0.03345843465082226,0.0063199565083056596,0.006319646044865026
3.4375,False,False,True,False,False,False,False,False,0.2513217119959394,0.000869429868341433,0.6831644929816616,0.00031984271819038507,0.017463568055223495,0.034012329846348825,0.006424368513834381,0.006424256020460484
3.4765625,False,False,True,False,False,False,False,False,0.23467649867915177,0.000811850658632446,0.637919287052412,0.00029866020826317056,0.00599884115315849,0.08632926304210874,0.03175864198660407,0.0022069572196694045
3.515625,False,False,True,False,False,False,False,False,0.08633243979935402,0.0008118455283931444,0.6379166036083956,0.0002986598541974594,0.03175950034787573,0.005998919025542022,0.23467520741884323,0.002206824417398749
3.5546875,True,False,False,False,False,False,False,False,0.4027296402606597,0.0005125449035545095,0.4027373364033453,0.0037872890991119644,0.14814068486276274,0.010295655141092888,0.02800961180564939,0.003787237523823693
3.59375,True,False,False,False,False,False,False,False,0.7951385558896328,0.007477493481977645,0.0395875205843,0.0003722707613012658,0.10760962933092413,0.007477316196206545,0.03958647603099353,0.002750737724664076
3.6328125,False,False,False,False,True,False,False,False,0.010158025900246526,0.0005055548714710608,0.14613258363855033,0.001374210494646639,0.3972253479919875,0.027606814920297595,0.39722533131346155,0.019772130869338836
3.671875,False,False,False,False,False,False,True,False,0.08726167383641274,0.0008206054446198424,0.016485601991453405,0.0008206002319653157,0.011807556253027023,0.0008205967486541077,0.644780732415802,0.23720263307806566
3.7109375,False,False,False,False,False,False,False,True,0.09834733417549117,0.00034040853349742934,0.03619679508512486,0.000925325365042164,0.002515455463840723,0.0983963925804755,0.036197964516269186,0.7270803242802589
3.75,True,False,False,False,False,False,False,False,0.31257215431558444,0.0010813370449169835,0.3125726713174888,0.0003977986273222811,0.015561397625270227,0.31257338796930734,0.04230184347206228,0.002939409628047804
3.7890625,False,False,True,False,False,False,False,False,0.23467641055180838,0.0008118461838927629,0.6379165700873481,0.00029865939212443123,0.08633217357554157,0.03175822270745405,0.005999296261223191,0.0022068212406073863
3.828125,False,False,True,False,False,False,False,False,0.1086260582113496,0.0075478407430624285,0.802646489505942,0.00037578178623926575,0.05577872818133685,0.01470033987125753,0.007548024635385284,0.002776737065426995
3.8671875,False,False,True,False,False,False,False,False,0.25132134174445736,0.0008694316579633447,0.6831642981833477,0.00031984298921108574,0.017464121097562662,0.03401232417495236,0.0064242866216702756,0.006424353530835363
3.90625,False,False,True,False,False,False,False,False,0.2333496134876035,0.0008072578513174633,0.6343121040660715,0.0002969721087681912,0.03157799854439887,0.08584423838427362,0.011617445462383679,0.0021943700951830894
3.9453125,False,False,False,False,False,False,True,False,0.2478560586307896,0.00031543919451672975,0.006336686455432296,0.0023307960379147777,0.033542826470934574,0.033542702846724684,0.6737447029350762,0.002330787428611203
3.984375,False,False,False,False,True,False,False,False,0.0038091929851699776,0.02814656294187938,0.0038087932904409347,0.0014011794504722992,0.40501184532325435,0.4050147305217697,0.003808905864280425,0.14899878962273286
4.0234375,False,False,True,False,False,False,False,False,0.23487925321765332,0.0008126071735036479,0.6384829080098292,0.0008126022831840134,0.03178649099860656,0.08640913840574496,0.006004383245706781,0.0008126166657715435
4.0625,False,False,True,False,False,False,False,False,0.2455447181440391,0.0008494511487917811,0.6674597535075937,0.0003124928064165725,0.017066334877167542,0.03322901995944619,0.033229176718612315,0.0023090528379327425
4.1015625,False,False,True,False,False,False,False,False,0.011278304542873986,0.011282163071434998,0.4411742950773407,0.0005614777109478913,0.030670546052134196,0.05970516868279301,0.004148832414610147,0.441179212447865
4.140625,False,False,False,False,False,False,True,False,0.0027509424876671316,0.007477875611363993,0.00037227702030271693,0.10760323897406734,0.03958720822148517,0.03958626992984357,0.7951444526817427,0.007477735073527347
4.1796875,False,False,False,False,True,False,False,False,0.05288214814597805,0.0004973212591367679,0.0013518654742469974,0.009991768088742553,0.3907700166223094,0.00998942498727106,0.1437545133045046,0.3907629421178106
4.21875,False,False,False,False,False,False,False,True,0.20846248245481414,0.0019603430528768485,0.07668522777632732,0.0019603328233463975,0.07668862175181851,0.03937921376609614,0.028203563925122136,0.5666602144495985
4.2578125,True,False,False,False,False,False,False,False,0.4909857407110886,0.000624853568702751,0.06644748954628171,0.0016985297363974936,0.06644616357993409,0.1806231452917594,0.01255102990442313,0.1806230476614128
4.296875,False,False,False,False,True,False,False,False,0.1945144941063543,0.004972151003056509,0.01351582985984015,0.0006729050971235934,0.5287468105174801,0.03673999626121071,0.02632407041584769,0.194513742739087
4.3359375,True,False,False,False,False,False,False,False,0.42186064657118105,0.0014593890613513211,0.421860649475661,0.0005368763659140627,0.057092519728894696,0.010783486816348031,0.057092016970230454,0.02931441501041951
4.375,True,False,False,False,False,False,False,False,0.51833621466111,0.0017931366293296026,0.19068521782469644,0.0006596558852591893,0.19068512565329065,0.025805908777785238,0.03601815670596388,0.03601658386256507
4.4140625,True,False,False,False,False,False,False,False,0.67204312101601,0.0008552705965350015,0.24723080471847206,0.0003146356047274734,0.0334588082112109,0.00631965944900025,0.03345801846265562,0.006319681941388504
4.453125,False,False,True,False,False,False,False,False,0.245759332896054,0.006282165999685325,0.6680461611324441,0.000312764879802848,0.0332592163901109,0.012235419559523385,0.0008501947509082891,0.033254744391471004
4.4921875,False,False,True,False,False,False,False,False,0.0013953801878216169,0.0037930967100759335,0.4033478780294631,0.0013953613385270947,0.028026984593139015,0.14838059857708016,0.01031214405835181,0.40334855650554124
4.53125,False,False,False,False,False,False,False,True,0.0008604240191931597,0.002338898130897302,0.033659641687672014,0.0023388704695346068,0.03365971090598445,0.24871754451400505,0.00234053408398698,0.6760843761887264
4.5703125,False,False,False,False,False,True,False,False,0.0099888637531311,0.001351845949288404,0.14375542992582135,0.0004973112962242542,0.009989827004503052,0.39076567314330624,0.052883792499607105,0.39076725642811866
4.609375,False,False,False,False,False,False,False,True,0.00540197884808947,0.02050095088555557,0.0027743552756951616,0.00037546639988270103,0.02052396422896687,0.10853216743632195,0.039926127696001484,0.8019649892294868
4.6484375,False,False,False,False,False,False,False,True,0.1681931210083856,0.16818529058779674,0.0015816736430552057,0.031770229020007326,0.16819339766388672,0.004299394228799267,0.0005818623201220933,0.45719503152794705
4.6875,False,False,False,False,False,False,False,True,0.0008118730831707135,0.0022070181146853136,0.08633218782238267,0.0002986700793892239,0.0059997654510564975,0.23467753356003296,0.03175841205361295,0.6379145398356696
4.7265625,False,False,False,False,False,False,False,True,0.0008300887561718695,0.0061337384423954585,0.08827066866706722,0.00030537085292597503,0.006133665551448261,0.2399467767385644,0.00613419577108849,0.6522454952203384
4.765625,False,False,False,False,False,True,False,False,0.010155466869549035,0.027607667750446475,0.1461461441222103,0.00050560240516197,0.001374366282710135,0.39727787834168926,0.01965625402027342,0.3972766202079595
4.8046875,False,False,False,False,False,False,False,True,0.012970776532101406,0.068666485234582,0.18664678208806107,0.0006457522215256608,0.03526080608304447,0.18665829319201896,0.0017553516982378682,0.5073957529504284
4.84375,False,False,False,False,True,False,False,False,0.19032534826538738,0.01322516669826826,0.07001542376395119,0.0006584256023347704,0.517359381570905,0.1903252519437455,0.013225563817889878,0.004865438337517893
4.8828125,False,False,True,False,False,False,False,False,0.014123780868594256,0.005195624671490064,0.5524863364197921,0.0007031274161163291,0.2031988712813362,0.07476296219690631,0.0747630341060854,0.07476626303967943
4.921875,False,False,False,False,False,True,False,False,0.190327710596096,0.013225794898036757,0.013226034117913793,0.0700147347040007,0.19032481725146738,0.5173556491413694,0.004866825742771647,0.0006584335483442066
4.9609375,False,False,False,False,True,False,False,False,0.03879741084037728,0.01429977887303786,0.10569664130798026,0.03888286851457835,0.780999618339087,0.019964093772358395,0.0009939390549357958,0.00036564929764499855
5.0,True,False,False,False,False,False,False,False,0.37751281345800486,0.001305984187026135,0.3775143204334149,0.0013059775398278643,0.05109031295315756,0.0013059912749387014,0.05108853833719114,0.13887606181643872
5.0390625,True,False,False,False,False,False,False,False,0.6538474652774998,0.0022619342255582276,0.08848851010750239,0.00030611768318867833,0.2405366584241052,0.0061486987534721165,0.0022619461615127233,0.006148669367160769
5.078125,False,False,False,False,True,False,False,False,0.060170492468027706,0.011365775958454009,0.00418114905554031,0.0015381530893205664,0.44462366064540193,0.4446192569054103,0.01136587122635449,0.022135640651490655
5.1171875,False,False,False,False,False,False,False,True,0.000890375913919283,0.006579152828136785,0.012813092798007178,0.0024203537442030495,0.0024203321055424718,0.2573694371164322,0.017884022036387042,0.6996232334573719
5.15625,False,False,True,False,False,False,False,False,0.05291130803915911,0.0036765626166517904,0.3909664733225957,0.0004975611508270224,0.00999401201071876,0.390966430843052,0.14382737296768894,0.007160279049306741
5.1953125,False,False,True,False,False,False,False,False,0.23467611806704633,0.0008118365646913848,0.6379160260545841,0.0002986574923322245,0.08633211321145798,0.031759718752683824,0.005998729297936241,0.002206800559267986
5.234375,True,False,False,False,False,False,False,False,0.6737442062613449,0.00031543193196744475,0.24785667921842344,0.002330740527914248,0.03354313230160272,0.03354340920380511,0.006335657337607668,0.0023307432173345017
5.2734375,True,False,False,False,False,False,False,False,0.6737444313477979,0.00031543204068712537,0.24785672337631506,0.0023307425239203717,0.0335426747666657,0.03354360520586818,0.006335646596212986,0.0023307441425327305
5.3125,True,False,False,False,False,False,False,False,0.684922471360083,0.00032066556028427387,0.25196894183331187,0.0023694118405627523,0.01750818363258475,0.03410011697900573,0.00644079479738532,0.0023694139967822435
5.3515625,False,False,True,False,False,False,False,False,0.2346760892064608,0.0002986579344708984,0.6379159147464001,0.0022067986049860034,0.08633209153759398,0.03175989717284327,0.005998714674558122,0.0008118361226867972
5.390625,False,False,True,False,False,False,False,False,0.23488304611033808,0.0008125552291084068,0.6384788437313089,0.0008125528477332519,0.08640857759388833,0.03178785288867811,0.006004017264125909,0.0008125543348190586
5.4296875,True,False,False,False,False,False,False,False,0.6720458645977743,0.0008552738156893335,0.24723176232766025,0.00031463671723082,0.033455719796817204,0.03345735000380429,0.006319690224189115,0.006319702516834715
5.46875,False,False,True,False,False,False,False,False,0.09526527645143845,0.000895851000258846,0.7039236212487235,0.0003295621885961784,0.09526545108883668,0.09526560150237667,0.0024351642867970814,0.006619472232972544
5.5078125,False,False,True,False,False,False,False,False,0.23914610626483596,0.0022488752805427123,0.6500652638583779,0.0003043482675959776,0.08797675141336393,0.011896596097157241,0.0022488788026481035,0.006113180015478166
5.546875,False,False,True,False,False,False,False,False,0.10816088652399995,0.014635926702800279,0.7992081524988542,0.0003741779819929884,0.03978847950187124,0.014637646050489641,0.02042991590610176,0.0027648148338897784
5.5859375,False,False,True,False,False,False,False,False,0.007632765239962994,0.02074860717771819,0.8116647327193389,0.0010329631551943305,0.10984579678359016,0.04040950376819339,0.0010329682408923334,0.007632662915109576
5.625,False,False,False,False,True,False,False,False,0.10474199535173358,0.038528751063309614,0.038531984479012384,0.002677776637558446,0.7739504617462644,0.0026774453235679993,0.0385292356335173,0.00036234976503628875
5.6640625,False,False,False,False,False,True,False,False,0.0005456285172629002,0.004031940078431999,0.058021709206685756,0.01095923204537431,0.010959568852687573,0.4287299062229293,0.05802162038936358,0.4287303946872646
5.703125,False,False,False,False,False,False,False,True,0.0008809319447399865,0.0023946245279337355,0.034462465534297604,0.002394616381690867,0.006509847455694444,0.25464602077359777,0.006509362695708099,0.6922021306863374
5.7421875,False,False,False,False,False,True,False,False,0.0009553677300737551,0.002596973231485824,0.037374378053671345,0.0025969681774573477,0.1015927260834748,0.7506919506639153,0.002596965728410867,0.10159467033151083
5.78125,False,False,False,False,False,True,False,False,0.005084397237229993,0.0018704409951215036,0.026913273306008335,0.013821194541229133,0.19890294467718006,0.5406810174772195,0.013821141192113981,0.19890559057389728
5.8203125,False,False,False,False,False,True,False,False,0.2160776389954237,0.002031925390276542,0.015014187253587894,0.015014148070832277,0.07948961882558742,0.5873595742374855,0.00552338069708935,0.0794895265297174
5.859375,True,False,False,False,False,False,False,False,0.7400728108558504,0.0009418508627521671,0.03684557930829355,0.00034648693261078045,0.10015794628348602,0.002560218908946071,0.018917743288685195,0.10015736355937582
5.8984375,True,False,False,False,False,False,False,False,0.22143402982221386,0.22143179636746133,0.22143396257734219,0.0007660328376887728,0.08146086759826728,0.22143374989288978,0.0020823066373475262,0.029957254266789277
5.9375,False,False,False,False,False,True,False,False,0.011837339669150388,0.011837646261752191,0.17035703436125654,0.0016019917768860894,0.17035284387547897,0.4630668371717995,0.0005893397228059004,0.17035696716087045
5.9765625,False,False,True,False,False,False,False,False,0.057426800895606915,0.010847610224084469,0.42435184251447655,0.0005400516223558597,0.021126604669818153,0.057363626298028304,0.0039904982482633225,0.42435296552736645
6.015625,False,False,True,False,False,False,False,False,0.10120429880854043,0.0025869616481918874,0.747804752413092,0.0003501053545439623,0.10120382965625287,0.007032238813445058,0.03723085673309666,0.002586956572837177
6.0546875,True,False,False,False,False,False,False,False,0.6560521857182938,0.000834918259327437,0.24134815583888866,0.0022695400805959384,0.006169335045521822,0.08878677680966951,0.002269542882615272,0.0022695453650875075
6.09375,False,False,True,False,False,False,False,False,0.2346761634208431,0.0002986578897058487,0.6379161098819063,0.002206797701684723,0.08633187058433282,0.03175983088616017,0.005998733883286165,0.0008118357520808063
6.1328125,True,False,False,False,False,False,False,False,0.6379160263977423,0.00029865784820430424,0.23467617132819027,0.0022067973562247558,0.08633216366048958,0.03175961175120427,0.0059987360012625415,0.0008118356566820659
6.171875,True,False,False,False,False,False,False,False,0.6379160318922232,0.0008118364007339071,0.23467612622861606,0.00029865754702765903,0.086332227319829,0.031759562702895185,0.005998757692204854,0.00220680021647025
6.2109375,False,False,True,False,False,False,False,False,0.2555510370809977,0.0008840566691144997,0.6946605585701117,0.0003252247334714289,0.006532427721880589,0.01775691819925226,0.017757422306479104,0.0065323547186927665
6.25,False,False,False,False,False,False,False,True,0.0024203164716920214,0.012813162801125199,0.017886787074987132,0.0008903774268239456,0.0024204236726325322,0.25737542263242813,0.006579299457079514,0.6996142104632315
6.2890625,False,False,False,False,True,False,False,False,0.014165075403910852,0.05374784624836584,0.0009842814192872016,0.0003620960866017998,0.7734073783557767,0.03850370791112685,0.014164973071506493,0.10466464150342421
6.328125,True,False,False,False,False,False,False,False,0.39884556920014136,0.027730176320424352,0.0037507337753270643,0.0005076036129229162,0.3988460188610926,0.0037507300782784266,0.01985298589162611,0.1467161822601872
6.3671875,True,False,False,False,False,False,False,False,0.3621252736302892,0.0034055924416481697,0.1332180933892109,0.0012527501473864595,0.13321782179294142,0.0034053304457118657,0.36212239153556797,0.0012527466172440977
6.40625,False,False,False,False,False,False,True,False,0.09839441282766768,0.0009252720884570956,0.036197146516666424,0.03619056643972377,0.09839451876566954,0.0025151480948656423,0.7270425483609814,0.00034038690596857065
6.4453125,True,False,False,False,False,False,False,False,0.6479279940451302,0.0008245898278099656,0.0876868724644344,0.006093869154905364,0.23835944137638715,0.01656240715165134,0.0022414763288608657,0.000303349650820628
6.484375,False,False,False,False,True,False,False,False,0.10015697797117173,0.000346488973027241,0.03684287661463606,0.01892194258579945,0.7400725082022638,0.0025602171294601284,0.10015713366298608,0.000941854860655549
6.5234375,True,False,False,False,False,False,False,False,0.43655333289131404,0.0015102425696010065,0.030334940147515824,0.03034957135825074,0.43655555228305515,0.059080704062108656,0.004105413030434815,0.0015102436577197516
6.5625,False,False,False,True,False,False,False,False,0.019349037388241317,0.0004946165554846325,0.14297423505052426,0.38862793938226553,0.05259759987547978,0.003654804259037678,0.38864699883786896,0.0036547686510976915
6.6015625,False,False,False,False,True,False,False,False,0.013322514065711721,0.00490096286426082,0.0704696470719566,0.19172467172804752,0.5211634272052948,0.0018029456670682791,0.1917148351005248,0.004900996297135304
6.640625,False,False,False,False,False,True,False,False,0.1632798695733892,0.0005648563926360046,0.16328037693550798,0.0015354321357039262,0.06006713750211307,0.4438213978624803,0.004173821966983995,0.1632771076311855
6.6796875,False,False,True,False,False,False,False,False,0.23467617751441344,0.0008118392056851719,0.6379161644915452,0.0002986581125747418,0.08633230205142942,0.031759240242546914,0.005998810557755428,0.002206807824049757
6.71875,True,False,False,False,False,False,False,False,0.31495779195773477,0.0010895651174561347,0.31495762870466404,0.00040082726449261377,0.3149570778520299,0.042624503091362224,0.008050865336510683,0.0029617406757496746
6.7578125,False,False,True,False,False,False,False,False,0.23467617257141002,0.0008118398675971011,0.6379157885088028,0.0002986580490958619,0.08633220657798518,0.031759757857023674,0.005998771703222108,0.0022068048648632424
6.796875,True,False,False,False,False,False,False,False,0.31533089349350085,0.0010908580485200201,0.3153303862544036,0.0010908558084963018,0.31533060170648247,0.04267513753385681,0.008060412156237916,0.0010908549985018561
6.8359375,True,False,False,False,False,False,False,False,0.6544392104935672,0.002263987585221989,0.08856759237527134,0.0008328722001335723,0.24075503817416996,0.006154209780420531,0.006154221884421741,0.0008328675067936471
6.875,True,False,False,False,False,False,False,False,0.6384789652168514,0.0008125610217344525,0.03178770743067942,0.0008125571782742752,0.2348834313371782,0.08640815748761875,0.006004065222986013,0.0008125551046774615
6.9140625,True,False,False,False,False,False,False,False,0.6379160106134729,0.0008118394687899886,0.08633236652664723,0.00029865851871110736,0.2346761286647782,0.03175946315608708,0.00599872622065299,0.0022068068308603766
6.953125,True,False,False,False,False,False,False,False,0.31495818553530464,0.0010895675894698916,0.31495818331359765,0.00040082814503491343,0.3149575437567273,0.042623055733472845,0.008050888478363565,0.0029617474480292064
6.9921875,False,False,True,False,False,False,False,False,0.25044026979477957,0.0023550796513065113,0.6807673394531492,0.0003187216088229559,0.0338929805940511,0.012468615360572515,0.002355091162085505,0.01740190237523286
7.03125,False,False,False,False,False,True,False,False,0.009315842422708415,0.013002162285228488,0.1871201773886323,0.000647329226449488,0.0688366969693928,0.5086361001960495,0.18711807170569092,0.02532361980584789
