time_sec,Amusement,Anger,Disgust,Fear,Inspiration,Joy,Sadness,Tenderness,prob_Amusement,prob_Anger,prob_Disgust,prob_Fear,prob_Inspiration,prob_Joy,prob_Sadness,prob_Tenderness
0.0390625,False,False,True,False,False,False,False,False,0.003661136547943916,0.0013467003416004141,0.389218181717324,0.05266201096362373,0.019347471983716388,0.3892319631920287,0.0013466968093114836,0.14318583844445132
0.078125,False,False,False,False,False,False,False,True,0.019374999502718104,0.0026212718168252638,0.013863577019574762,0.0009638407677662205,0.10247804807017814,0.10247462561558593,0.0009638242069185031,0.757259813000433
0.1171875,True,False,False,False,False,False,False,False,0.6946467490663677,0.006533592495954546,0.006534102234811988,0.00032525925103403443,0.0177631211820459,0.2555386759998508,0.0008841861338841271,0.017774313636051066
0.15625,False,False,False,True,False,False,False,False,0.04191841554076233,0.01542695708102475,0.007924668275227304,0.8425290938997391,0.007934990619910263,0.04194111512564953,0.04193025745935802,0.00039450199832875274
0.1953125,False,False,False,False,True,False,False,False,0.07711989402027623,0.0053662503931055745,0.20974144393449048,0.01458134885339148,0.5701435610847946,0.10774388831148736,0.0007257466061697923,0.014577866796284403
0.234375,False,False,True,False,False,False,False,False,0.17116795496324436,0.011895397626345616,0.4653000552948116,0.004375742896138349,0.17116895432163673,0.00437583634630112,0.17112386113389844,0.0005921974176236985
0.2734375,False,False,False,False,True,False,False,False,0.033855066482139165,0.017416449778630785,0.012453869849763707,0.002355801404029021,0.6807908298828755,0.25045285708241716,0.00031882671792792406,0.0023562988022166487
0.3125,False,False,False,False,True,False,False,False,0.007462746864502344,0.007225755144430079,0.0009777578102576343,0.0009777486724528157,0.768214369361008,0.1039646508019208,0.10395196290952542,0.007225008435902812
0.3515625,False,False,False,False,True,False,False,False,0.013839699839593633,0.001871101654397241,0.1988583879894446,0.005085810777132781,0.5407479124913762,0.19885349170529562,0.026918733598316195,0.013824861944443738
0.390625,False,False,True,False,False,False,False,False,0.053168208296726555,0.001359522781263543,0.39291920130104335,0.0013594496693914173,0.1445372501154918,0.39291587882770024,0.010045142904504683,0.0036953461038784947
0.4296875,False,False,False,False,True,False,False,False,0.00662307183997869,0.0024366667803226902,0.0024359941278622272,0.0008961230772705685,0.7040038292484712,0.01799988469717837,0.2589820037726172,0.006622426456299126
0.46875,False,False,False,False,True,False,False,False,0.05309426431082351,0.0004993511954173802,0.14433420832860303,0.0036897567051832397,0.392335178767479,0.39232388263299733,0.003689836836496781,0.010033521222999777
0.5078125,False,False,True,False,False,False,False,False,0.23523904410907356,0.00029938720061398904,0.6394529136434391,0.0022121688664882974,0.08653785187024582,0.031834228952869095,0.002212216167276782,0.002212189189993404
0.546875,False,False,False,False,True,False,False,False,0.09526557906033421,0.0003295772162864347,0.09526751668143289,0.0024352554512872093,0.7039211004950069,0.09526515245543037,0.006619934574830007,0.0008958840653919007
0.5859375,False,False,False,False,True,False,False,False,0.17116340117994688,0.0005921519779447414,0.17116397412882775,0.004375405860092354,0.46527140343630835,0.17116386264299296,0.011894339982050901,0.004375460791836144
0.625,True,False,False,False,False,False,False,False,0.4630655176100783,0.0005893626301868287,0.17035165798742535,0.011837400561613236,0.17034596314147007,0.17035080509946723,0.011857277758431933,0.0016020152113271687
0.6640625,True,False,False,False,False,False,False,False,0.40270682160146065,0.02800483316916876,0.0005126322110796455,0.0038082863875876258,0.14814763057168268,0.4027321640460032,0.0037884814048333736,0.010299150608183918
0.703125,True,False,False,False,False,False,False,False,0.38563525808761145,0.001334653122553197,0.3857232661387575,0.07292109101902304,0.14185166395921633,0.009864922008650747,0.0013345764418543665,0.00133456922233348
0.7421875,True,False,False,False,False,False,False,False,0.39232134109510136,0.0004994466328852294,0.14431494437398862,0.05306964689673178,0.3923791203728394,0.00369054178892426,0.0036905575776468628,0.01003440126188248
0.78125,True,False,False,False,False,False,False,False,0.3907799734266664,0.0004973733258506422,0.009990535957666129,0.009990559184195414,0.3907915604809244,0.052883769691405076,0.1437141994301492,0.0013520285031427019
0.8203125,False,False,True,False,False,False,False,False,0.009098672877684452,0.13071582993373304,0.35554073686474374,0.00909077205510579,0.35555435024856846,0.024711163695418693,0.06718607573081145,0.04810239859393429
0.859375,True,False,False,False,False,False,False,False,0.36212510670895265,0.0012528301206728763,0.1332193552646413,0.001252797279341921,0.3621221069101042,0.13321674259327576,0.0034055055315281987,0.0034055555914830884
0.8984375,False,False,False,False,True,False,False,False,0.09526464930672025,0.00032957202746294976,0.09526536139817725,0.0024352158959169115,0.7039259734057403,0.09526186492430268,0.006621498839338037,0.000895864202341599
0.9375,True,False,False,False,False,False,False,False,0.390767722484488,0.009989303947322585,0.009992492802874538,0.0013518728714494391,0.3907713653977942,0.05288202096892226,0.1437478976835876,0.0004973238435612879
0.9765625,True,False,False,False,False,False,False,False,0.7974740447863968,0.007500657655144684,0.00037337904603204234,0.0010150289786588643,0.10792666286429348,0.020386541398804758,0.007502081663946571,0.0578216036067227
1.015625,True,False,False,False,False,False,False,False,0.7895782943048464,0.10683638359897217,0.03930853944144256,0.0027316947457742004,0.0074253733122600215,0.00036968106263615387,0.01445407743834189,0.03929595609572672
1.0546875,False,False,False,False,True,False,False,False,0.0866095299294394,0.0008145855938993232,0.031863608156193816,0.002214233930783361,0.6400225362823195,0.23544671286196686,0.002214236409134612,0.0008145568362631477
1.09375,True,False,False,False,False,False,False,False,0.3892208917717979,0.0013466353145390481,0.14318854858308364,0.003660375919782577,0.01937514923256817,0.052646587723609535,0.38921522375907747,0.0013465876955417182
1.1328125,True,False,False,False,False,False,False,False,0.403335937578802,0.0037934617190684113,0.1483772694895827,0.01031148341833696,0.020048498737515606,0.010316835452503805,0.40330315125681443,0.0005133623473759872
1.171875,True,False,False,False,False,False,False,False,0.36212104679818036,0.0012528600285977548,0.13322070470122208,0.003405674982288566,0.36212542454123314,0.13321594769334033,0.003405526025193582,0.0012528152299441505
1.2109375,False,False,True,False,False,False,False,False,0.23698853712689813,0.00030162278401941035,0.6442193547256351,0.002228704988015872,0.08718429508285337,0.01646956295777636,0.01178803660292842,0.0008198857318732753
1.25,False,False,False,False,True,False,False,False,0.0049731553425663095,0.03675102999172434,0.19453822973171253,0.03674953418791094,0.5288184083690152,0.1945106982070427,0.0018294648788759458,0.0018294792911520404
1.2890625,False,False,True,False,False,False,False,False,0.09131746715252459,0.006345935596735341,0.6747905290547684,0.12746582538201165,0.017257120362201568,0.03359425051915828,0.04689435784644981,0.0023345140861504993
1.328125,True,False,False,False,False,False,False,False,0.31634832895658954,0.0029752046262042273,0.31636124675539234,0.0010944568051152541,0.042801327206676384,0.001094473617392602,0.31634979198788893,0.0029751700447407567
1.3671875,False,False,False,False,False,False,True,False,0.0022709412416459414,0.002270184424021294,0.0022702172309674064,0.006172702355633671,0.24135042411861599,0.0887712526177699,0.6560590875388488,0.0008351904724970293
1.40625,False,False,False,False,False,True,False,False,0.05959976229910093,0.0005615495912250915,0.011279704360346268,0.004151059593082337,0.011297203899548624,0.4411927992775905,0.03070994369693615,0.44120797728217026
1.4453125,False,False,False,False,False,False,False,True,0.07468972482717126,0.0019158746422184663,0.01415777605721661,0.0019158872231320157,0.07493389739253316,0.20372182200210542,0.07492961367636157,0.5537354041792615
1.484375,False,False,False,False,False,True,False,False,0.0003839564514653178,0.020968532752347516,0.020964573264415004,0.020967219606633242,0.0028372964574124564,0.8200665701606441,0.11097442948629731,0.002837421820785039
1.5234375,False,False,True,False,False,False,False,False,0.1015936491554248,0.0025972233221240397,0.7506963860882039,0.002597135725997626,0.1015906551545963,0.0373724890028724,0.002597067582455904,0.0009553939683250917
1.5625,False,False,True,False,False,False,False,False,0.23488112040421125,0.0008125788043807662,0.6384807976667615,0.0008125715766235383,0.08640854359285743,0.03178755560112874,0.006004262913095139,0.0008125694409417083
1.6015625,False,False,False,False,True,False,False,False,0.033374481820264756,0.0023191649760468513,0.033365953757052196,0.000853154443439109,0.6703555943175967,0.24660898509182505,0.012269512205172629,0.0008531533886026933
1.640625,False,False,False,False,True,False,False,False,0.007628475616050558,0.10970884759871177,0.020755465566683857,0.04035305747847682,0.8107430450076021,0.0003796096650513486,0.0028058190940658447,0.007625679973357573
1.6796875,False,False,False,False,True,False,False,False,0.21089265320039463,0.03984654210275363,0.07758667516507159,0.0007296417327718112,0.573310220029013,0.01465658131470535,0.0775862521163837,0.005391434338906437
1.71875,False,False,False,False,True,False,False,False,0.005746062992387886,0.015620072864047246,0.08268926984385952,0.0424575610839945,0.6109824156321931,0.22477165239224373,0.0021138348090915626,0.015619130382182399
1.7578125,False,False,False,False,True,False,False,False,0.14373736064536488,0.0004973536836007479,0.052885365926438,0.009989849465321306,0.3907783547459567,0.3907695114757013,0.009990245286869336,0.0013519587707478435
1.796875,False,False,False,False,True,False,False,False,0.2480868323465484,0.00233305342645089,0.03357252446515662,0.0008582671642926201,0.6743732865389934,0.03357454872174841,0.006343213144878247,0.0008582741919313213
1.8359375,True,False,False,False,False,False,False,False,0.32709871209359626,0.00307632403157494,0.32710322829278926,0.0030760479551623513,0.003076246087823924,0.008362202240171276,0.3270756094823909,0.0011316298164912204
1.875,False,False,True,False,False,False,False,False,0.13868131693674085,0.00047979789920013673,0.37698843612741495,0.001304213308472352,0.05101025670644595,0.376985638622857,0.0035452438198239514,0.05100509657904472
1.9140625,False,False,False,False,True,False,False,False,0.24163967474000908,0.0003075273821119799,0.032702288683395024,0.0008359413929886853,0.6568425320940916,0.03270198626756026,0.03269770096909501,0.0022723484707484654
1.953125,True,False,False,False,False,False,False,False,0.39291215393080353,0.0013592790012727596,0.05317490866555316,0.0013592686118414153,0.3929126214444653,0.14454279145475693,0.010044056251006815,0.003694920640300095
1.9921875,False,False,False,False,True,False,False,False,0.23466562085836687,0.0002986742769365962,0.03175995386975859,0.002206895683810605,0.6379247302973191,0.0863330294125488,0.005999214901881536,0.0008118806993776885
2.03125,False,False,False,False,False,True,False,False,0.19850561137150904,0.005075469748526476,0.005075397180645774,0.037501047446943235,0.013869512692435495,0.5396024083030763,0.19850344613765272,0.0018671071192110798
2.0703125,False,False,True,False,False,False,False,False,0.253729533366145,0.0023866677101135113,0.6897325257008702,0.00032295831481039155,0.034337261744311044,0.006487535742112892,0.00651514704280204,0.006488370378834757
2.109375,False,False,False,False,False,False,False,True,0.2577233055061047,0.002424678234129979,0.0008917511150667865,0.0024280090810164657,0.02277105830071756,0.006590286853341574,0.006590936417930771,0.7005799744916921
2.1484375,False,False,False,False,True,False,False,False,0.03353988780872987,0.00031544951458209897,0.03353853110156146,0.0023309024565561307,0.6737501422373874,0.2478575130047355,0.006336689348838335,0.0023308845276091153
2.1875,False,False,False,False,True,False,False,False,0.09526372513638587,0.0003295742039241097,0.0952649562442456,0.002435230840604356,0.7039259182493194,0.095264758428889,0.006619965799462654,0.0008958710971689439
2.2265625,False,False,False,False,True,False,False,False,0.10015624770642986,0.0003464952967421001,0.10015646360793483,0.0025602777555906223,0.7400749412975295,0.03684458219195021,0.018919118915181894,0.0009418732286411452
2.265625,False,False,False,False,True,False,False,False,0.03175838886745994,0.00029867145991202993,0.08633133818437493,0.0022069029883184745,0.637918282420425,0.23467544361823886,0.005999110583350521,0.0008118618779202157
2.3046875,False,False,False,False,True,False,False,False,0.23334280810683455,0.0021946094449549333,0.031579423479063694,0.0008073029412398854,0.6343218467481763,0.08584225822278413,0.011614761853811596,0.0002969892031349719
2.34375,True,False,False,False,False,False,False,False,0.7615545992659988,0.0003565840111022001,0.10305868925293404,0.0026349174325921328,0.01954451028256338,0.10305211592579674,0.007163270228502595,0.002635313600510188
2.3828125,False,False,True,False,False,False,False,False,0.2580540439106759,0.00032843157218342565,0.701468216941835,0.006596581094354254,0.0065969476107712935,0.017932089903421766,0.0024269540744773473,0.006596734892281053
2.421875,True,False,False,False,False,False,False,False,0.2876172244840538,0.0009951611709837292,0.054416523600795776,0.007353450343545284,0.2876098726208076,0.28763650609070357,0.05437949805705927,0.019991763632050935
2.4609375,True,False,False,False,False,False,False,False,0.39232546044850974,0.0004993495751352543,0.39234198427241174,0.0036896437868518847,0.14432647164688578,0.05309648607571801,0.00368981651581431,0.010030787678673428
2.5,False,False,False,False,True,False,False,False,0.17114914831034356,0.0005921980331231086,0.17115644709158004,0.004375710045060522,0.46528499824208347,0.17117055623495436,0.00437593905411742,0.011895002988737604
2.5390625,True,False,False,False,False,False,False,False,0.2736364262150411,0.006997021850175289,0.019021190078423525,0.051695493660945786,0.2734381289424039,0.10065244385670806,0.2736125883563113,0.0009467070399909991
2.578125,False,False,False,False,True,False,False,False,0.05905682162089906,0.03062896427220946,0.0015104561385669722,0.030338332951030854,0.43641924756841016,0.4364314515510615,0.0015100384710437177,0.004104687426778169
2.6171875,True,False,False,False,False,False,False,False,0.6544397040975587,0.002264149036639459,0.08856879486207475,0.0008329061084082035,0.24075201702627044,0.006154923848818282,0.006154606621920118,0.000832898398309988
2.65625,False,False,False,False,True,False,False,False,0.19852081183347495,0.005075265495878779,0.19852310203192836,0.005074910951643128,0.5396381528406682,0.03750354886440232,0.013797269013731841,0.0018669389682724588
2.6953125,False,False,False,False,False,False,True,False,0.1818916679012148,0.06679321493252835,0.18189701613590792,0.0046498551435340055,0.06690769859848508,0.0017105917495723983,0.4944393396805467,0.001710615858210627
2.734375,False,False,False,False,True,False,False,False,0.006136091554941282,0.0003053864800697193,0.08826876567545457,0.0008301178819162667,0.6522436279027836,0.23994654809709673,0.006135401611112001,0.006134060796625915
2.7734375,False,False,False,False,True,False,False,False,0.002674035387312516,0.0026741587469253903,0.007268795462631588,0.0026744407077996797,0.772851380913286,0.10459627080778675,0.10458692676391644,0.002673991210341649
2.8125,False,False,False,False,False,False,True,False,0.0007416865394633064,0.014899857982137828,0.07884421823138008,0.21427101010978597,0.014901598354652029,0.014902871502790094,0.5826208512970351,0.0788179059827556
2.8515625,False,False,False,False,True,False,False,False,0.0013396435224306703,0.0036415505296333735,0.0036414592690544954,0.07314750588559939,0.3872228429133689,0.38722075161436426,0.14244663302701852,0.001339613238530454
2.890625,True,False,False,False,False,False,False,False,0.7616065183536807,0.103052351392534,0.007167006442202635,0.01947697440675735,0.0026355240200513193,0.0026367844338027703,0.10306820502625019,0.00035663592472116363
2.9296875,False,False,True,False,False,False,False,False,0.13305430458429457,0.0004604127644808553,0.3616658017658032,0.0034019697398507483,0.003402233788459888,0.36170429957217237,0.13290859712265496,0.003402380662283343
2.96875,False,False,False,False,False,False,False,True,0.08626282816538403,0.006001709111706896,0.0002987141892077332,0.0008120392849158612,0.031752996147822,0.23468521420835828,0.0022072708474452614,0.63797922804516
3.0078125,False,True,False,False,False,False,False,False,0.25219300628923613,0.6854760332549658,0.03412503397161368,0.002374347874162498,0.00032100476620409117,0.006514310349786911,0.012546950438643407,0.00644931305538752
3.046875,False,False,False,False,True,False,False,False,0.0015385804453445081,0.0041832978463973245,0.060157980670283245,0.011367658279437448,0.44462548812688524,0.022127130676159464,0.011369244831949139,0.4446306191235437
3.0859375,False,False,False,False,True,False,False,False,0.019339930314165466,0.0004946446250649692,0.14297401075275454,0.0036550062847636343,0.388651311282921,0.3886530492316829,0.003654997528251415,0.0525770499803961
3.125,False,False,False,False,True,False,False,False,0.0955187324335313,0.00033045279638330664,0.0955196538033985,0.0024417151426249766,0.7057887951247948,0.09551716635945182,0.002441754557190329,0.0024417297826249307
3.1640625,False,False,False,False,True,False,False,False,0.03183100490847982,0.00029939185034353195,0.08654045689634478,0.0022122330660239594,0.6394514256432104,0.23524104939853,0.002212224247638666,0.0022122139894286915
3.203125,False,False,False,False,True,False,False,False,0.23335182104742083,0.0002969864483437716,0.031580040728131434,0.0008072832729864307,0.6343113542886027,0.08584298783260966,0.011615084270760394,0.0021944421111446946
3.2421875,False,False,True,False,False,False,False,False,0.016621114635946375,0.0008275574011449014,0.6500935657124614,0.0022492913764763866,0.2391547505445702,0.0022494696520216698,0.08797677790225811,0.0008274727751209905
3.28125,True,False,False,False,False,False,False,False,0.3769970289762436,0.00047990955372880905,0.37703641057051424,0.13862666050888958,0.051008723130051295,0.0035460942100061107,0.0013045951454789446,0.0510005779050875
3.3203125,True,False,False,False,False,False,False,False,0.3572207570555498,0.0004546697181579321,0.13141135999168715,0.003359505684207266,0.35721136871817444,0.13135807298076138,0.01774836043760378,0.001235905413858306
3.359375,False,False,True,False,False,False,False,False,0.002242209042841564,0.00030341378036563614,0.647946890826356,0.08765267602165897,0.23836203073493523,0.006097959452390769,0.0008250748913949543,0.016569745250056757
3.3984375,False,False,False,False,True,False,False,False,0.10120093455224446,0.00035015190389429263,0.10120555257608997,0.0025873259180854004,0.7478100300584192,0.0372250375530863,0.002587297497415332,0.007033669940765047
3.4375,False,False,False,False,True,False,False,False,0.09526108062174923,0.0003295778312347923,0.09526507761325588,0.002435275736839349,0.703927575447506,0.09526556399957661,0.006619970727228687,0.0008958780226095106
3.4765625,False,False,False,False,True,False,False,False,0.16327348799794214,0.004174101624787128,0.16327542070858572,0.0005648810264772725,0.4438425581396003,0.1632683389621717,0.06006570681833263,0.0015355047221030328
3.515625,True,False,False,False,False,False,False,False,0.3925233107322476,0.14404740097714325,0.0036968683356029004,0.05310152525532481,0.3923976331059407,0.00369270715766534,0.0004997213840910562,0.010040833051984348
3.5546875,True,False,False,False,False,False,False,False,0.31597570527319696,0.0004021675469091216,0.04276201423940476,0.31596720386479515,0.3159777832159968,0.0029718147411910783,0.0029716320494995573,0.0029716790690066178
3.59375,True,False,False,False,False,False,False,False,0.3607915544776757,0.0012481556383231141,0.13272810785238728,0.0012481443345944646,0.36079338333424404,0.13271916904670825,0.00922333843685521,0.0012481468792119967
3.6328125,False,False,False,False,True,False,False,False,0.10198220516356005,0.0003528267887851221,0.10198545460716069,0.0026070409376457663,0.7535806379438021,0.01926587027658958,0.01926690503847034,0.0009590592439863028
3.671875,False,False,False,False,True,False,False,False,0.1437531398685353,0.00998970213590301,0.052884376499514885,0.0013518726773285182,0.39077037193391606,0.009989222025722326,0.39076398287683267,0.0004973319822471875
3.7109375,True,False,False,False,False,False,False,False,0.4909958801477843,0.0006248987015737982,0.18061084093011592,0.0016986319181804034,0.06644641820878118,0.18062540229082347,0.0664460599873277,0.012551867815413297
3.75,True,False,False,False,False,False,False,False,0.8823493507984358,0.04391957843056038,0.016130602552097868,0.001123000285495175,0.003052729284019597,0.02255760136781616,0.008298588310150169,0.022568548971424806
3.7890625,False,False,False,False,True,False,False,False,0.25220228884778856,0.0023717846726336524,0.0341316444287721,0.0008725375443935848,0.6855657074746087,0.006447563244267617,0.017535956201249793,0.0008725175862859309
3.828125,False,False,True,False,False,False,False,False,0.17165498473641047,0.004388595852951297,0.46661920918920297,0.004388163369319458,0.17165954877730338,0.011929219951216152,0.16876640786266678,0.0005938702609293943
3.8671875,False,True,False,False,False,False,False,False,0.007977566429834448,0.8475374856948072,0.11468599585598069,0.00798492462503668,0.00797274869775083,0.002932905740724357,0.00797550745382297,0.0029328655020427665
3.90625,False,False,True,False,False,False,False,False,0.14588841790397059,0.0013725401916372178,0.3966874902307162,0.027574007430100463,0.39667129947892954,0.027570543874863147,0.000504916670602657,0.0037307842191802486
3.9453125,False,False,True,False,False,False,False,False,0.14432915409833608,0.0004993205452739074,0.39233722583568054,0.0036894746723471154,0.3923310928940535,0.053095116919802246,0.010029131219868145,0.0036894838146385774
3.984375,False,False,False,False,True,False,False,False,0.08789859456835461,0.0003040977974423416,0.23894147689474235,0.002246990508609604,0.6495092205765991,0.016605608454816633,0.002247016730979657,0.0022469944684556415
4.0234375,True,False,False,False,False,False,False,False,0.41046090746322283,0.000522403082082409,0.055550249900675176,0.010492678700901379,0.4104657575444091,0.05554798761140583,0.055539977524296194,0.0014200381730070973
4.0625,True,False,False,False,False,False,False,False,0.2261220236324503,0.22611258703877643,0.22612184227510987,0.005780456985057513,0.22611748012985,0.005780451159622883,0.08318286440940212,0.0007822943697308022
4.1015625,False,False,False,False,False,True,False,False,0.07757296983580689,0.00539246225468929,0.014659792626857893,0.03985059806734211,0.21090944105797216,0.5733192604726493,0.0007297244340215086,0.07756575125066081
4.140625,False,False,True,False,False,False,False,False,0.1903276082605953,0.0006584745403365798,0.5173757501108364,0.01322561605198329,0.1903292047266433,0.06999003869395586,0.013227907904354833,0.00486539971129438
4.1796875,False,False,False,False,True,False,False,False,0.24660894253385887,0.0008531718664089454,0.03337444434351791,0.002319118186221003,0.670344717578312,0.012277348381825471,0.0333690864731713,0.0008531706366845056
4.21875,True,False,False,False,False,False,False,False,0.5396891871338356,0.005075719171984778,0.19854661733830659,0.005075430317550742,0.013797055556500053,0.03751048710089554,0.19843830263244625,0.0018672007484802878
4.2578125,True,False,False,False,False,False,False,False,0.6379172511362298,0.0022069682312667233,0.08633200294198584,0.0008118741516470184,0.23467586054553322,0.005999081287197636,0.03175829183697682,0.0002986698691630651
4.296875,False,False,False,True,False,False,False,False,0.23833714209147527,0.00030339608788786685,0.006093979739503541,0.6479430922503461,0.08768940840327627,0.016566420929055106,0.0008247240360927094,0.002241836462363229
4.3359375,True,False,False,False,False,False,False,False,0.76235575923079,0.00263818070499261,0.10317284328922757,0.0003569726510837808,0.10317447317996267,0.007170809310808998,0.007171945425004119,0.013959016208130242
4.375,False,False,False,False,True,False,False,False,0.1711649785773028,0.0005921650678973041,0.17116526730116358,0.004375551356857535,0.46527008578880147,0.17116220293554466,0.01189419258583538,0.0043755563865971675
4.4140625,True,False,False,False,False,False,False,False,0.3769814001490066,0.00047978217280791,0.13868167653589555,0.0013041682538045443,0.37697503106065117,0.0510168301321467,0.051015977066401354,0.0035451346292862153
4.453125,False,False,False,False,True,False,False,False,0.18797889861014183,0.013063421177826022,0.02542888525336903,0.0006503375578378876,0.5109551576123739,0.18796848513449269,0.06914936513245418,0.004805449521504621
4.4921875,True,False,False,False,False,False,False,False,0.43986366874784316,0.05952697213478537,0.021901944359205023,0.0015220482206583803,0.021898716895911198,0.011246952263898505,0.004138065261873764,0.4399016321158246
4.53125,False,False,False,False,True,False,False,False,0.14434982379568362,0.0004994277976004699,0.052911092034321025,0.010032553266894664,0.39241392503020556,0.3924124168968222,0.0036903340909778364,0.0036904270874946344
4.5703125,False,False,False,False,True,False,False,False,0.0952650889237983,0.00032956749133209584,0.09526535099529208,0.002435187317169007,0.7039242716347639,0.09526502759331214,0.006619648553882384,0.0008958574904500654
4.609375,True,False,False,False,False,False,False,False,0.6384791804892606,0.0008125654250202355,0.031787551687976624,0.0008125622718519157,0.23488340473548397,0.08640802516543347,0.006004141207925463,0.0008125690170477959
4.6484375,True,False,False,False,False,False,False,False,0.637915396924486,0.00029866384560381734,0.031759959288980226,0.0022068404913343047,0.23467743493059265,0.08633096025802708,0.005998893448523791,0.0008118508124522823
4.6875,False,False,False,False,True,False,False,False,0.09526494032779813,0.0003295694411148382,0.09526521973963457,0.002435208410534956,0.7039265033639157,0.09526300429727154,0.006619695334916893,0.0008958590848133591
4.7265625,False,False,False,False,True,False,False,False,0.0952635079460347,0.00032957703499163964,0.09526438269886525,0.0024352472169280014,0.7039284407254035,0.09526316468176962,0.006619808449266822,0.0008958712467405748
4.765625,False,False,False,False,True,False,False,False,0.09476262672440693,0.0008912239295191053,0.09475435379166819,0.0008912358328495744,0.700237127733942,0.09476222320248288,0.012810016224222285,0.0008911925609090302
4.8046875,False,False,False,False,False,False,True,False,0.18187077569935525,0.001710670248878437,0.06690487807048923,0.004649693290250592,0.1818708233891051,0.06687432308994816,0.4944082379010239,0.0017105983109492857
4.84375,True,False,False,False,False,False,False,False,0.7635943944691664,0.0009718458921947173,0.10333981836167618,0.000357510345538171,0.038011041941563704,0.0380144851398292,0.00264192073254056,0.05306898311749092
4.8828125,False,False,False,True,False,False,False,False,0.0028210877839704744,0.002819817999791698,0.0010363570088865906,0.8141626287412524,0.020828995054018355,0.0076644346111711305,0.11015425538047097,0.04051242342043846
4.921875,False,False,False,True,False,False,False,False,0.1907451242566758,0.013261913769627322,0.07010835732097677,0.5183141978300069,0.0017948031783815179,0.19072065690732296,0.0017948388795894187,0.013260107857419313
4.9609375,False,False,False,False,False,False,False,True,0.03351895632264097,0.0023331062602394053,0.24786336090054437,0.033510490323852296,0.00233159746412337,0.00031550899149045694,0.006364074485198551,0.6737629052519105
5.0,False,False,False,False,False,True,False,False,0.07046819253649517,0.013325863299410446,0.0018033800050301994,0.004902040310973151,0.19171741003994358,0.5211816638068935,0.004903553263085479,0.19169789673816845
5.0390625,True,False,False,False,False,False,False,False,0.6379197661617412,0.00029868159244922756,0.23467130587561724,0.0022069855310935483,0.031757899648692474,0.006002153085713483,0.08633131244883141,0.0008118956558613436
5.078125,False,False,False,False,True,False,False,False,0.0705240962030247,0.0018030274154414874,0.19170780114584202,0.004901021793196927,0.5211298616658668,0.1917106049096681,0.004901056427752494,0.013322530439207388
5.1171875,True,False,False,False,False,False,False,False,0.3930142477723766,0.01005648630807237,0.003697118669809658,0.0013599759108474357,0.053167872632270144,0.3930290831573575,0.0013599922777909016,0.14431522327147542
5.15625,False,False,False,False,True,False,False,False,0.0015291733680406476,0.0015291656197721824,0.01129942072669684,0.030773632928956903,0.44188664483696677,0.44191624805367125,0.05976741545300658,0.01129829901288869
5.1953125,False,False,False,False,False,True,False,False,0.007638503853644718,0.0003800482828933477,0.007635370838788368,0.04039217233052848,0.0076341604211348476,0.8116421792968014,0.014844014338288252,0.10983355063792047
5.234375,False,False,False,False,False,True,False,False,0.005074475657245505,0.0018668119917252827,0.19848796606027516,0.037591590633998216,0.19850270517874324,0.5396059767272422,0.013795821555407711,0.005074652195362584
5.2734375,False,False,False,False,False,True,False,False,0.04025592163972278,0.0003785929296924972,0.10942340479839986,0.02067390738370012,0.005447008478033665,0.8086122433754374,0.007604552853339659,0.007604368541674135
5.3125,True,False,False,False,False,False,False,False,0.4611121974882419,0.001595528961587361,0.16964522785198155,0.004336730523716981,0.16950733587637914,0.1696417448342934,0.022565814892962385,0.0015954195708373154
5.3515625,True,False,False,False,False,False,False,False,0.577927940378174,0.07820904510754419,0.0782127455872591,0.001999420211574589,0.04017045232693962,0.21261020722232732,0.005435175212890649,0.005435013953290627
5.390625,True,False,False,False,False,False,False,False,0.6720522359430371,0.0003146576260987702,0.24723688791740475,0.0063200842839901865,0.03345929656548772,0.006320131368246545,0.033441385538366536,0.0008553207573684061
5.4296875,True,False,False,False,False,False,False,False,0.8945717063885223,0.00841501166316158,0.008447456872573365,0.008417580761743138,0.008415261895247852,0.0011386173386044043,0.008423097331160798,0.06217126774898648
5.46875,False,False,False,False,True,False,False,False,0.021678343330368714,0.11465306782833985,0.11469475324740912,0.0029319642385902665,0.3116301178771382,0.007970178326761349,0.31175662666676673,0.11468494848462588
5.5078125,True,False,False,False,False,False,False,False,0.36163549526286193,0.0004602495605585328,0.13303873943334046,0.0034007917648146927,0.36162747632546216,0.1330355553899163,0.0034008309225480367,0.0034008613404978246
5.546875,False,False,False,False,True,False,False,False,0.03183537808573927,0.00029939006017629636,0.08654126022981276,0.002212205125200693,0.6394473416871905,0.2352400038744105,0.0022122097991191777,0.0022122111383507757
5.5859375,False,False,False,False,True,False,False,False,0.17116179358531386,0.0005921500759071768,0.17116512415803395,0.0043754118739443865,0.46527114492469746,0.17116486732806255,0.004375551049379054,0.01189395700466149
5.625,False,False,False,False,True,False,False,False,0.03183519047512836,0.000299390529742025,0.08654021642033904,0.002212209294291763,0.6394487899296275,0.23523975904254266,0.0022122350786735637,0.0022122092296551314
5.6640625,False,False,False,False,True,False,False,False,0.09535458826448974,0.0008967876290517044,0.095358542791226,0.0008967677138726757,0.7046105025935981,0.09535923835212137,0.006626794867149603,0.0008967777884908668
5.703125,False,False,False,False,False,True,False,False,0.03443978177985942,0.0008810811141394425,0.254645174050227,0.0065102230779624315,0.0023950463595814844,0.6922233400855871,0.006510436546257202,0.0023949169863858926
5.7421875,True,False,False,False,False,False,False,False,0.326009759021877,0.0011279247457570414,0.32600764545053645,0.0030658598229776454,0.32598986512878636,0.0083360467849861,0.00833502923809785,0.001127869806981459
5.78125,False,False,False,False,True,False,False,False,0.17737358581511575,0.0006136535306742255,0.09108614471336877,0.17733959540458843,0.48216481054953103,0.004534328638976047,0.06521981640762249,0.0016680649401233497
5.8203125,False,False,False,False,True,False,False,False,0.043340579737619817,0.022276779200273916,0.0011081461628494145,0.0030119161403339796,0.870551322088813,0.008186979781738494,0.008193701379551572,0.04333057550881981
5.859375,False,False,True,False,False,False,False,False,0.05231517812795594,0.0004919983396373581,0.386577485162089,0.003635466788864002,0.14220745588475805,0.3865687273513936,0.026866297932547755,0.0013373904127544224
5.8984375,False,False,True,False,False,False,False,False,0.04262290575573374,0.0010896289089130159,0.3149598402121505,0.0029618883430412098,0.31495771302659203,0.31495583043090813,0.00805134753168933,0.00040084579097205336
5.9375,False,False,False,False,True,False,False,False,0.09839218025207451,0.0009253190576840639,0.03619386130055539,0.0025152405068085307,0.7270453258598762,0.03619602605458466,0.09839164694261489,0.00034040002580154355
5.9765625,False,False,False,False,True,False,False,False,0.100257547403041,0.000943085911463276,0.10022004317354091,0.018971909152869035,0.7408687011058203,0.03685251462092071,0.000943171876737415,0.0009430267556072457
6.015625,False,True,False,False,False,False,False,False,0.010475737543779824,0.40955110997202404,0.15070038735105776,0.40966966470768384,0.010476770886893971,0.0038536255675169022,0.0014174584461035089,0.0038552455249401415
6.0546875,False,False,False,False,True,False,False,False,0.03186250472399413,0.0008146733437817865,0.08661518334321004,0.002214874967830736,0.6400195551787844,0.2354442393183804,0.0008146143051677827,0.002214354818850742
6.09375,False,False,True,False,False,False,False,False,0.03713757079217188,0.005015774477656417,0.7459921229828912,0.0025808762598808397,0.10095949305556219,0.007015660148129484,0.10094922463207114,0.0003492776516370083
6.1328125,False,False,False,False,True,False,False,False,0.007724140733617441,0.0028405575807046763,0.0408643492331231,0.007727299300604752,0.8209818652397738,0.11109572007358844,0.0010449654659662893,0.007721102372621427
6.171875,True,False,False,False,False,False,False,False,0.38920692651235933,0.0036606542389291726,0.38921616047088353,0.001346513244485715,0.14318190000187997,0.052664784194872,0.01937655737299898,0.0013465039635912636
6.2109375,False,False,False,False,False,True,False,False,0.000878804737857699,0.0008788008084575562,0.0008788594352473492,0.01765455697760127,0.0176576420601439,0.6904448555883028,0.017654776561105603,0.25395170383128385
6.25,False,False,False,False,False,False,False,True,0.006449901697352442,0.00032103053710023607,0.03405589609354637,0.012554831143851778,0.25220509159371507,0.0064482210148850815,0.0023721073256452816,0.6855929205939036
6.2890625,True,False,False,False,False,False,False,False,0.321620715201317,0.0004093276724925974,0.32162836912370263,0.003024628219902963,0.3216282176602223,0.02235441087569797,0.008221671811980242,0.001112659434684266
6.328125,True,False,False,False,False,False,False,False,0.31495685084761804,0.00040083963826920225,0.31495809154613735,0.0010895870620658155,0.31495839934002234,0.042623164872817414,0.008051254283711572,0.0029618124093582932
6.3671875,True,False,False,False,False,False,False,False,0.36163357797703394,0.0034008086804164462,0.13303584270441157,0.00046023654647220515,0.3616329980444201,0.0034007529062710356,0.13303505331751433,0.0034007298234603055
6.40625,True,False,False,False,False,False,False,False,0.6109857382825234,0.015619806568325557,0.22476830114327512,0.042466399142948835,0.08268174276628479,0.005745679906625772,0.015618635994617066,0.0021136961953994904
6.4453125,False,False,False,False,True,False,False,False,0.103283934002815,0.0071770818122002,0.10328418368268345,0.0009712765747333899,0.7631810816390794,0.01392567881601172,0.007205490552348067,0.0009712729201287787
6.484375,False,False,True,False,False,False,False,False,0.051017708569643716,0.0035452292233344876,0.37697976126158883,0.0013041673758899714,0.37697744890838314,0.13868025659199615,0.05101565082699809,0.0004797772421655016
6.5234375,True,False,False,False,False,False,False,False,0.22612984458279045,0.22611884989635125,0.2261400378337435,0.0057808929393384206,0.08318784813145458,0.005780903159251458,0.2260792613383785,0.000782362118691852
6.5625,False,False,True,False,False,False,False,False,0.042443513222807004,0.0010854628154649388,0.8527218330967359,0.008020280222833763,0.008021317890335587,0.042450984462838744,0.002950774845729564,0.042305833443254594
6.6015625,True,False,False,False,False,False,False,False,0.39291222521483193,0.0013592923656345402,0.3929137939314136,0.0013592678823805863,0.14454215384819574,0.05317411426017666,0.01004425275669703,0.00369489974066991
6.640625,False,False,True,False,False,False,False,False,0.0885682689802432,0.0008329072231065206,0.6544434813520996,0.0022640221698757477,0.24074945216518992,0.006154425188173934,0.006154556411582515,0.0008328865097284472
6.6796875,False,False,True,False,False,False,False,False,0.08584372397238298,0.00029697935509447537,0.6343125800449668,0.002194384823471176,0.233349150975234,0.011617213521017689,0.0315786924589479,0.0008072748488850235
6.71875,False,True,False,False,False,False,False,False,0.07071213149845716,0.5224661432381139,0.1922224498928775,0.0018076483345221207,0.07070624893058117,0.07071369685924893,0.07070668607171471,0.0006649951744845169
6.7578125,False,False,False,False,True,False,False,False,0.17115671523210618,0.000592179591831273,0.17116645600205388,0.004375826427564395,0.4652775195204494,0.1711607494452631,0.011894895807223471,0.0043756579735083016
6.796875,True,False,False,False,False,False,False,False,0.7564725139337646,0.0003541786197036595,0.10237648953323633,0.002617009159077489,0.013850684664422162,0.10237155797396486,0.0193405427735729,0.0026170233422579915
6.8359375,False,False,True,False,False,False,False,False,0.05708903212368224,0.000536910839443925,0.42186604917398957,0.01078411075719812,0.057085794385917626,0.4218614845507915,0.029317157710755593,0.0014594604582214034
6.875,True,False,False,False,False,False,False,False,0.4104597778664753,0.0014200708878471455,0.41046916260918864,0.010492777337208006,0.055544073330033444,0.05554737811289546,0.0555443540079292,0.0005224058484227752
6.9140625,False,False,False,False,False,False,True,False,0.2530881997996733,0.0023801646315096646,0.012600389337544765,0.006469706377132603,0.034245098964922616,0.0008755669230579346,0.6879607521264176,0.002380121839741605
6.953125,False,False,False,False,True,False,False,False,0.05309603325122863,0.0004993095943292488,0.14433120215289927,0.0036894181919579724,0.39233254411524604,0.39233308671667655,0.003689434740347192,0.010028971237315016
6.9921875,False,False,False,False,True,False,False,False,0.011798960790187883,0.00030160930872383756,0.08718398042576887,0.0008198563123715649,0.6442087732616104,0.23699059011511328,0.002228614855464576,0.01646761493075984
7.03125,False,False,False,False,True,False,False,False,0.03175951207207253,0.00029866297230087425,0.08633213080011135,0.0022068373977280364,0.6379165728727836,0.23467552596846725,0.005998905904573921,0.0008118520119625163
