time_sec,pred_label,Amusement,Anger,Disgust,Fear,Inspiration,Joy,Sadness,Tenderness,prob_Amusement,prob_Anger,prob_Disgust,prob_Fear,prob_Inspiration,prob_Joy,prob_Sadness,prob_Tenderness
0.0390625,Fear,False,False,False,True,False,False,False,False,0.15130794114257645,0.003869057706836675,0.0038689435606199217,0.41132970789899964,0.010517323004425936,0.4113686631873347,0.003869175755196112,0.0038691877440104874
0.078125,Inspiration,False,False,False,False,True,False,False,False,0.00772793967579967,0.11104416721575482,0.0028425145856828993,0.00775614246455484,0.8213655075523857,0.04048718675922529,0.0010456593456125152,0.007730882400984238
0.1171875,Disgust,False,False,True,False,False,False,False,False,0.23912416838749692,0.0008277365133209089,0.6501166784785869,0.0022506823077524138,0.08797516635789623,0.01662787090362772,0.000827649269447127,0.002250047781871757
0.15625,Joy,False,False,False,False,False,True,False,False,0.006255693589523834,0.01670569575609031,0.23975922273133032,0.016694084468706693,0.016682194715672,0.6523296271436745,0.006138802506666654,0.04543467908833579
0.1953125,Disgust,False,False,True,False,False,False,False,False,0.0371258152894623,0.0049892755338324475,0.7461143557305786,0.0025856478980335993,0.007029916609771027,0.10095018779536369,0.1008552753726068,0.00034952577035158634
0.234375,Disgust,False,False,True,False,False,False,False,False,0.03974525415843603,0.0010173462196736024,0.7985889811699071,0.039593314766811036,0.10800414305029203,0.007519600300945908,0.0027665722053218096,0.0027647881286124837
0.2734375,Disgust,False,False,True,False,False,False,False,False,0.015004236099875364,0.0077412850519136605,0.8199842365711885,0.11093490719695621,0.002839261985369594,0.02120904435133299,0.021902864890405903,0.00038416385295775204
0.3125,Amusement,True,False,False,False,False,False,False,False,0.3774177945786072,0.0013072089239885196,0.3774698622515865,0.051067111090710354,0.0035534266535293467,0.13881850753047523,0.0498854120136299,0.0004806769574729781
0.3515625,Disgust,False,False,True,False,False,False,False,False,0.02017071928312226,0.001002201756806275,0.7865015239651221,0.039045451935437805,0.007440748742943331,0.03913343861707541,0.10633735558893384,0.0003685601105590281
0.390625,Disgust,False,False,True,False,False,False,False,False,0.10879620865960471,0.0027831043288799877,0.8039765772422977,0.020706011875751076,0.0027843642706703317,0.020566151812151663,0.040011022578312426,0.00037655923233207653
0.4296875,Fear,False,False,False,True,False,False,False,False,0.07751468554064422,0.0007303763849136766,0.07726543384493745,0.5732697153449533,0.21063393060582677,0.014677660819761233,0.04049497136583513,0.00541322609312822
0.46875,Inspiration,False,False,False,False,True,False,False,False,0.07869119914068896,0.040888804561232124,0.029215116508972704,0.0007486322189443666,0.5878766311983699,0.04094842618396935,0.005551911113832129,0.2160792790739905
0.5078125,Inspiration,False,False,False,False,True,False,False,False,0.032421558422046144,0.000315219528383599,0.006346434668886629,0.0008568031878662365,0.6728551770883353,0.0063332650753565685,0.033430301440488835,0.24744124058863667
0.546875,Inspiration,False,False,False,False,True,False,False,False,0.0395603350866222,0.10655605062982187,0.03960062498848266,0.007500175763881525,0.7961605161005909,0.007491067565010903,0.0027582558069821944,0.00037297405860785954
0.5859375,Amusement,True,False,False,False,False,False,False,False,0.6739027097724565,0.0003159085038077545,0.24774917230185084,0.006345003842133517,0.033538574208232606,0.002333271883487488,0.033481711843624244,0.002333647644406971
0.625,Inspiration,False,False,False,False,True,False,False,False,0.03925794823219333,0.001007063894783768,0.1068475522050648,0.0027338744040735965,0.7896137442932694,0.0010056211664329071,0.03924612053238996,0.020288075271792334
0.6640625,Inspiration,False,False,False,False,True,False,False,False,0.0003023904192662908,0.006088330464367806,0.011773389163482537,0.000822059882103532,0.6453742661804208,0.01162119536891483,0.08678331786948135,0.2372350506519627
0.703125,Inspiration,False,False,False,False,True,False,False,False,0.0026430805052496844,0.007198140779746717,0.0009729401817489049,0.0009719584257808478,0.7630448067616753,0.019827765143215183,0.10241998195884551,0.10292132624373773
0.7421875,Inspiration,False,False,False,False,True,False,False,False,0.03982641953766759,0.0010215346292893187,0.021066141683383086,0.00037569296416769,0.8018382211338815,0.02059242654297415,0.007579168296577505,0.10770039521205922
0.78125,Inspiration,False,False,False,False,True,False,False,False,0.0026695903538600067,0.0009829125263815651,0.0026699460102745168,0.00725578116489379,0.7707252108177494,0.10418030103168906,0.007261893145488698,0.1042543649496629
0.8203125,Inspiration,False,False,False,False,True,False,False,False,0.1329892975400959,0.003409150969226732,0.0034063113580524353,0.00046077021745691336,0.36167146539029077,0.13305722280230914,0.00341287258693851,0.36159290913562964
0.859375,Amusement,True,False,False,False,False,False,False,False,0.3988431866154842,0.027800637835960814,0.00375444769439746,0.0005079482864974908,0.3988032095507044,0.01979591750976724,0.0037555302368111674,0.1467391222703772
0.8984375,Joy,False,False,False,False,False,True,False,False,0.03411774640955363,0.000873445918612274,0.017548418829812836,0.0023730710159229644,0.2521385740184412,0.6856208296809686,0.0064548404002269955,0.000873073726461595
0.9375,Amusement,True,False,False,False,False,False,False,False,0.3864783100262281,0.14206108981061027,0.003637953173176742,0.0004921493960947886,0.05226964164750742,0.38653810528994276,0.0013378366648821069,0.027184913991557872
0.9765625,Tenderness,False,False,False,False,False,False,False,True,0.07456554215962391,0.0746865226321241,0.005202767276295775,0.0007038560182138693,0.20324913937671193,0.07477227727602472,0.014174797983317167,0.5526450972776885
1.015625,Anger,False,True,False,False,False,False,False,False,0.1681548755493232,0.45701308840952737,0.0005824850948163427,0.00430351017905471,0.16820549355426964,0.16820886901587032,0.031948610683000485,0.0015830675141378162
1.0546875,Inspiration,False,False,False,False,True,False,False,False,0.07042680632864336,0.19156078073281177,0.00491464598078477,0.004905319691439457,0.5212937653259531,0.19175421148960342,0.001804444594622185,0.013340025856141899
1.09375,Anger,False,True,False,False,False,False,False,False,0.14197530550967263,0.38723403246215804,0.3873485474384314,0.0004933569989495789,0.019269843004086868,0.052414062621780916,0.0013412065158124205,0.0099236454491082
1.1328125,Anger,False,True,False,False,False,False,False,False,0.02966256312690533,0.42432144269383715,0.05740024145812818,0.0014690401072205458,0.003995734996077621,0.42442152107849285,0.0572604219622113,0.0014690345771269067
1.171875,Joy,False,False,False,False,False,True,False,False,0.015255996228937444,0.21908867165978196,0.04147803731947045,0.005610516963876174,0.04145882731359962,0.5960046407115598,0.08034440197458102,0.0007589078281934822
1.2109375,Anger,False,True,False,False,False,False,False,False,0.019658246734231867,0.28238059138042504,0.28241104920094445,0.019683789252833594,0.2823351547006,0.10363719271035161,0.002661202105502424,0.00723277391511101
1.25,Sadness,False,False,False,False,False,False,True,False,0.01663277405795492,0.08187518704039645,0.04220778237383489,0.015495035074496273,0.015495620789752081,0.22258086052927342,0.6049417605762701,0.0007709795580217911
1.2890625,Anger,False,True,False,False,False,False,False,False,0.16841802505904094,0.45817453995428975,0.0005838052146543849,0.16831212218326297,0.011862976129972452,0.168396927941351,0.022664229291217357,0.0015873742262112666
1.328125,Anger,False,True,False,False,False,False,False,False,0.13252508647032804,0.3601570239704658,0.0012498543445423787,0.3604212520285902,0.13254513147382802,0.009242803617361845,0.0033994871198364755,0.000459360975047308
1.3671875,Fear,False,False,False,True,False,False,False,False,0.039119632153279967,0.059475838460501466,0.0027250324711438315,0.7858337920541292,0.10639588053860276,0.002724094671619037,0.0027241469049160295,0.0010015827458077107
1.40625,Amusement,True,False,False,False,False,False,False,False,0.6942343000168506,0.002407302711517767,0.002404853552847017,0.03442271344735781,0.0024052925117791675,0.2551704401245749,0.002410425681430888,0.006544671953641677
1.4453125,Amusement,True,False,False,False,False,False,False,False,0.6922517367181098,0.0065320393554282145,0.0023975226969111716,0.25459948694866275,0.034417121952661674,0.0023975215665040686,0.006522746996532928,0.0008818237651892971
1.484375,Amusement,True,False,False,False,False,False,False,False,0.6784192036324003,0.01750806595550859,0.0023501044867623114,0.03374413079663287,0.2494040618811514,0.017392330887466115,0.0008643036174959966,0.00031779874258265747
1.5234375,Amusement,True,False,False,False,False,False,False,False,0.7042782258828741,0.006652386392809511,0.0024428724917260687,0.09516615207960837,0.0008979150983148121,0.09509785322151289,0.09513456566807382,0.00033002916508043984
1.5625,Amusement,True,False,False,False,False,False,False,False,0.4018067975929734,0.0038068164558553246,0.4016548834917386,0.019880210384812493,0.003784264311236773,0.14778829959397732,0.01988700719254902,0.001391720976856919
1.6015625,Disgust,False,False,True,False,False,False,False,False,0.03343506942139874,0.0008562244147491078,0.6720516077293069,0.033321450432119815,0.006580022843290686,0.006326981267629605,0.24711379397876287,0.00031484991274234576
1.640625,Amusement,True,False,False,False,False,False,False,False,0.6395609461957953,0.0022196086893291806,0.03181917936913189,0.23516617843346932,0.08650073019835834,0.002216676139353695,0.0022169783304176864,0.00029970264414461883
1.6796875,Disgust,False,False,True,False,False,False,False,False,0.01985007957508445,0.01974727568051703,0.3994633256467116,0.0005092012640886559,0.14682341378828084,0.3996029857112433,0.010240121090887967,0.0037635972431861705
1.71875,Disgust,False,False,True,False,False,False,False,False,0.0013430289858079865,0.0036543799375105025,0.3874122406717628,0.38617295166068566,0.14151087790336286,0.052392740523199345,0.000493549235197929,0.02702023108247306
1.7578125,Disgust,False,False,True,False,False,False,False,False,0.0013410497390429824,0.05222445158880599,0.3871796821243375,0.026978864986676176,0.3871579703941493,0.1424358430559347,0.0013412653511346087,0.00134087275991865
1.796875,Anger,False,True,False,False,False,False,False,False,0.005480054353848307,0.5796798562651633,0.028545961409691626,0.002011691122353832,0.07853873421631594,0.21345136278002833,0.07743093510672866,0.014861404745869994
1.8359375,Amusement,True,False,False,False,False,False,False,False,0.6900006649876952,0.0008803034449203586,0.2539410733535785,0.0065143749054238165,0.006502796698830001,0.0008794323651504392,0.03432624956053341,0.006955104683868389
1.875,Disgust,False,False,True,False,False,False,False,False,0.17117253472197758,0.0043820055457151645,0.46529689537993224,0.011900794629453393,0.17115496761921808,0.0005924428747664751,0.17111915188453125,0.004381207344405883
1.9140625,Amusement,True,False,False,False,False,False,False,False,0.8668708670124422,0.0030031314884650007,0.022249566138939737,0.0030030761380627127,0.043148930447419236,0.0030025812785814017,0.042878194651061664,0.015843652845027978
1.953125,Amusement,True,False,False,False,False,False,False,False,0.39149521953029404,0.00136006464362351,0.010067665280121797,0.0013580938156900774,0.007048171266769914,0.39160366150612164,0.05292886134822418,0.14413826260915477
1.9921875,Inspiration,False,False,False,False,True,False,False,False,0.00658056206628715,0.0027117170927923226,0.017884368118612836,0.006574765286946972,0.6977043494837742,0.25655404033898527,0.0003269451231663026,0.011663252489434743
2.03125,Joy,False,False,False,False,False,True,False,False,0.006446219923506847,0.0003210378482186061,0.01754586138622858,0.0023723213472872924,0.2519606132858138,0.6849322955119765,0.0023722226038044372,0.03404942809316392
2.0703125,Anger,False,True,False,False,False,False,False,False,0.0013064184062906363,0.376718914509208,0.003553908381517131,0.0004804786677086583,0.377248374087334,0.05101687311930575,0.1386953751573008,0.05097965767133495
2.109375,Inspiration,False,False,False,False,True,False,False,False,0.03189752167034358,0.1680100913854446,0.0015844177129208867,0.0005827130998809385,0.45724964144353863,0.16820189636198032,0.004343045410836665,0.1681306729150544
2.1484375,Anger,False,True,False,False,False,False,False,False,0.05240826064119985,0.2758872620522123,0.007089210043737046,0.002607174545243576,0.2765583474530613,0.2766717709486563,0.007095522795158336,0.10168245152073127
2.1875,Anger,False,True,False,False,False,False,False,False,0.01650030045816927,0.2361289442243562,0.006047524022754807,0.000818271501118087,0.23606569983483272,0.2363073964655519,0.031918160704147706,0.23621370278906934
2.2265625,Amusement,True,False,False,False,False,False,False,False,0.3118157788046094,0.31147363244327453,0.0010798604786688972,0.000397245539918568,0.04213484631452445,0.0057049593726508,0.3118802102566684,0.015513466789685026
2.265625,Anger,False,True,False,False,False,False,False,False,0.03556179266948938,0.5102032320889971,0.004807332646396718,0.000650508989732224,0.004810206829983964,0.18784402622193802,0.18750797200448044,0.06861492854898209
2.3046875,Anger,False,True,False,False,False,False,False,False,0.030707151709920732,0.6182638098908816,0.04312475542722538,0.005824216128884774,0.02927215392587284,0.22756945800499156,0.002142631243336995,0.04309582366888616
2.34375,Joy,False,False,False,False,False,True,False,False,0.02696286209488871,0.07473600496824347,0.1989479816854726,0.0007039070902167259,0.03941348594451861,0.5527114787799486,0.10460915148437004,0.0019151279523412163
2.3828125,Anger,False,True,False,False,False,False,False,False,0.006813901319449472,0.6975866855836762,0.017867660437955134,0.0008884016624642863,0.006567925436504611,0.25665426223898147,0.01273273471975114,0.0008884286012177013
2.421875,Joy,False,False,False,False,False,True,False,False,0.013275852442289663,0.19064339021355706,0.19055260846097327,0.0017948066310857292,0.0701401035984794,0.5185327007785964,0.013265347017863692,0.0017951908571547644
2.4609375,Inspiration,False,False,False,False,True,False,False,False,0.007045543718241172,0.1012862567513148,0.10130571570029907,0.0009532112658480399,0.7486079835603116,0.03725648146414602,0.002591033932027008,0.000953773607812287
2.5,Joy,False,False,False,False,False,True,False,False,0.03556481590566816,0.18798854842056878,0.06915787041641698,0.00176901866479901,0.18790108618144524,0.5110417181155923,0.004808023513522191,0.0017689187819874197
2.5390625,Joy,False,False,False,False,False,True,False,False,0.013731465527557583,0.19734883263094524,0.19740993107901172,0.0018577854372617587,0.037385800999908875,0.5366801009186835,0.01372849517206064,0.001857588234570605
2.578125,Inspiration,False,False,False,False,True,False,False,False,0.011926439924494076,0.17143791534083694,0.1715034560852272,0.0016144121195301204,0.4660242146549342,0.1714924368225736,0.004386603624668409,0.001614521427735463
2.6171875,Joy,False,False,False,False,False,True,False,False,0.04247895485888864,0.08266468789855937,0.2247306794845624,0.01567458333398904,0.015630444713001537,0.6109589838251805,0.005747460656678716,0.00211420522913974
2.65625,Joy,False,False,False,False,False,True,False,False,0.008368309921544964,0.003093614509649367,0.044264038812691336,0.022748340171323503,0.022742346145371833,0.8892852415479572,0.008366098266205584,0.001132010625256196
2.6953125,Joy,False,False,False,False,False,True,False,False,0.007172838832979689,0.002638901923533199,0.10319550038969974,0.0009708111160949038,0.10300540319474509,0.7625479745973394,0.01949790758578787,0.0009706623598202472
2.734375,Disgust,False,False,True,False,False,False,False,False,0.08777221930249338,0.002248180219402409,0.6495956408572588,0.0022478244520767834,0.016615214233945224,0.23896911160274678,0.0022476304803940527,0.0003041788516824574
2.7734375,Fear,False,False,False,True,False,False,False,False,0.029216333274906484,0.040835438008965434,0.2160348348718427,0.5871452045755503,0.041015458065207004,0.07948097369134377,0.0055241867261049595,0.0007475707860793097
2.8125,Disgust,False,False,True,False,False,False,False,False,0.10339772793135113,0.002646881627197416,0.7646437659320827,0.002647310037975034,0.01956809882904295,0.1034762700477542,0.002646474601405038,0.0009734709931913939
2.8515625,Disgust,False,False,True,False,False,False,False,False,0.10315433716569054,0.0071806384715969755,0.7624135279333346,0.01395525728273414,0.10311732189872967,0.0026396035650646872,0.007182155267081747,0.00035715841576755726
2.890625,Disgust,False,False,True,False,False,False,False,False,0.148130918434273,0.0037944249491352225,0.40270618137297864,0.402622527195476,0.0037948023709445753,0.028068071216286013,0.010370106675173808,0.0005129677857328786
2.9296875,Amusement,True,False,False,False,False,False,False,False,0.6019731638415063,0.042537820463118985,0.2214074382094213,0.015418916746123472,0.02992388677061019,0.07247389485956285,0.015498017146583139,0.0007668619630737281
2.96875,Disgust,False,False,True,False,False,False,False,False,0.2478789077825364,0.03321571119638723,0.6740288659210462,0.00031592273860501824,0.033550103964192494,0.006343575311923161,0.002333384534955085,0.0023335285503544093
3.0078125,Inspiration,False,False,False,False,True,False,False,False,0.16845927624161197,0.0227483620757022,0.16843045336410264,0.0005831177127494327,0.4580125251733846,0.16846780149497909,0.011713483234499016,0.001584980702970951
3.046875,Inspiration,False,False,False,False,True,False,False,False,0.010053397590396173,0.14444076172252576,0.05313937409092836,0.0013600014086756675,0.3929703124286757,0.39297915948195034,0.003696915555410308,0.0013600777214376678
3.0859375,Inspiration,False,False,False,False,True,False,False,False,0.0072517828400036595,0.007257441613587289,0.10429145798191855,0.0026671319453441906,0.7706191547995551,0.1042637096543751,0.0009810420291655577,0.0026682791360505263
3.125,Disgust,False,False,True,False,False,False,False,False,0.003402861883218464,0.1329836790610465,0.36166255726878116,0.00046046483671501796,0.3616519228023829,0.1330332757586823,0.0034022097617929467,0.003403028627380639
3.1640625,Joy,False,False,False,False,False,True,False,False,0.002250309317590489,0.011880184312344468,0.08796621569606126,0.00030445668929078,0.23913558738235752,0.6500972745870457,0.006116145209438205,0.002249826805871704
3.203125,Inspiration,False,False,False,False,True,False,False,False,0.0026669222975134795,0.007258608943531564,0.10427546822631184,0.0026669398751492574,0.7706125288278861,0.10428756870798564,0.0009809824270904954,0.007250980694531641
3.2421875,Anger,False,True,False,False,False,False,False,False,0.00123800626110242,0.357617713254987,0.357731216250041,0.0012382797968168507,0.13157788843532103,0.13156602355370006,0.0012379812649454985,0.01779289118308611
3.28125,Inspiration,False,False,False,False,True,False,False,False,0.0038166105353381555,0.02011461682780525,0.1491737376765571,0.0014041500477293492,0.40559835600846367,0.4056894718343189,0.0038176250661286224,0.010385432003658922
3.3203125,Disgust,False,False,True,False,False,False,False,False,0.001382781278028882,0.019743390741838483,0.39946511111732824,0.0013828496186881576,0.1469377002347098,0.3995334881911947,0.027789037135612937,0.003765641682598824
3.359375,Joy,False,False,False,False,False,True,False,False,0.007044902561698217,0.0026105407793833085,0.10129620229228121,0.0009535858204453837,0.10126668450564653,0.7486564014335022,0.0009533681859534665,0.03721831442108963
3.3984375,Inspiration,False,False,False,False,True,False,False,False,0.00426374223401719,0.0116089027467972,0.022445066412989007,0.031566482806410764,0.4529966372436777,0.45303601371402774,0.0015684880018883712,0.02251466684019189
3.4375,Inspiration,False,False,False,False,True,False,False,False,0.006749773015359665,0.006842505327266742,0.09661308565773065,0.0024808509906972067,0.2634209355271586,0.2635730330587778,0.09685318443024832,0.263466631992761
3.4765625,Inspiration,False,False,False,False,True,False,False,False,0.17843330418354802,0.06550478728466227,0.0016821850029236766,0.0006186967230555955,0.48546296267237454,0.06565593643946706,0.17857064109217097,0.024071486601797917
3.515625,Inspiration,False,False,False,False,True,False,False,False,0.0025948373229818535,0.10123282296649476,0.007063913587721849,0.0009551699878369671,0.7486366114558105,0.037246530582516334,0.0009545905185417195,0.10131552357809603
3.5546875,Anger,False,True,False,False,False,False,False,False,0.07946331201380818,0.5872835072657345,0.015042605149074807,0.002035043350417146,0.07945150993275457,0.21612373040079136,0.005540928363958743,0.015059363523460568
3.59375,Amusement,True,False,False,False,False,False,False,False,0.3150314025540136,0.3148927321369922,0.0010945351323460293,0.00040140766674623624,0.0426253352649163,0.002969195530211819,0.31490129502005115,0.008084096694722686
3.6328125,Anger,False,True,False,False,False,False,False,False,0.08630966473645427,0.6379190091177267,0.00029908914389908877,0.0008127711288989169,0.23469144604130193,0.031738020204214845,0.006020524051584681,0.0022094755759194803
3.671875,Anger,False,True,False,False,False,False,False,False,0.011074822372199835,0.43210801440296337,0.012057003548415334,0.004070174084448361,0.43228434830017215,0.011076443706364231,0.0005507130509548371,0.09677848053448178
3.7109375,Anger,False,True,False,False,False,False,False,False,0.03932324818958642,0.7906290579487071,0.03927966520324179,0.0010075328854354543,0.10696028970136869,0.0010072900901407853,0.014335050638495519,0.007457865343024254
3.75,Anger,False,True,False,False,False,False,False,False,0.039153717989381116,0.7868965820348264,0.007485164142661967,0.0010023699032162309,0.10642519620749358,0.055300575593055075,0.002734016558015534,0.0010023775713501775
3.7890625,Anger,False,True,False,False,False,False,False,False,0.04842296347695492,0.69523709975126,0.04851588022929112,0.006547096767781165,0.09408132875990678,0.09410363162386486,0.006546433528329905,0.006545565862611213
3.828125,Inspiration,False,False,False,False,True,False,False,False,0.010053117268877622,0.14447472797003733,0.05316188500452942,0.0013604392136644494,0.3929424958989353,0.3929489901882463,0.0036977422414325722,0.0013606022142768543
3.8671875,Disgust,False,False,True,False,False,False,False,False,0.00574916970988127,0.08258319154476561,0.6110063253630827,0.04250174880089795,0.015650115116467574,0.22475955948360635,0.002114709366807168,0.015635180614491383
3.90625,Disgust,False,False,True,False,False,False,False,False,0.011643028157889763,0.022642184482144032,0.4549768971058936,0.0316511562674473,0.011644171222696053,0.4552194507915543,0.011643607944818623,0.0005795040275563372
3.9453125,Joy,False,False,False,False,False,True,False,False,0.0178126121742663,0.002411877626363574,0.2561759536427645,0.0024225355122178874,0.017847645371389664,0.6964500090095213,0.006553207814236683,0.00032615884924009497
3.984375,Disgust,False,False,True,False,False,False,False,False,0.0023815670596826375,0.006475214501993954,0.6880640419278795,0.034179533570450615,0.01256106324459619,0.253081021303098,0.0008759436791416416,0.0023816147131572513
4.0234375,Joy,False,False,False,False,False,True,False,False,0.01402853273225796,0.015468139312533628,0.19958818679950432,0.19963057147809765,0.013881773763481218,0.5428262533765006,0.013885457998851596,0.0006910845387730211
4.0625,Disgust,False,False,True,False,False,False,False,False,0.0036253742830590205,0.0036269738819242944,0.3846265046991344,0.07816305338494196,0.003619919637833041,0.14147790841272972,0.38437052586229414,0.0004897398380834499
4.1015625,Disgust,False,False,True,False,False,False,False,False,0.10128282623786365,0.002592579518630995,0.748717902529988,0.037174108036732226,0.007074831882867004,0.10125058781919438,0.0009536625533727946,0.0009535014213509058
4.140625,Disgust,False,False,True,False,False,False,False,False,0.033526636410583,0.006353965052925247,0.673773496701868,0.2478535252627328,0.002332819717713512,0.033509542162071214,0.0023343700522815724,0.0003156446398247598
4.1796875,Amusement,True,False,False,False,False,False,False,False,0.4122256990196374,0.0038827728490853793,0.412261362297201,0.05567990280003962,0.0038799176274358894,0.055789819499160336,0.05575552537507268,0.0005250005323675593
4.21875,Disgust,False,False,True,False,False,False,False,False,0.03396163829390649,0.00032007117060067243,0.6831899571861049,0.006432495595476083,0.01752830709345232,0.00643253107458593,0.25126511646037397,0.0008698831254996472
4.2578125,Disgust,False,False,True,False,False,False,False,False,0.10025478994894202,0.0009440134692569443,0.7408923574811612,0.1002142952941187,0.0025664905929565418,0.05161950133117012,0.0009439388353220694,0.002564613047072424
4.296875,Amusement,True,False,False,False,False,False,False,False,0.4371835678471728,0.0015152494310840937,0.437078799660959,0.021735124575917128,0.011187757034995218,0.059118470268222784,0.030667626519726172,0.0015134046619228589
4.3359375,Amusement,True,False,False,False,False,False,False,False,0.32151965224976153,0.0004094952148980996,0.32149348473618206,0.008557240586941047,0.022366134156867973,0.0030256436330093808,0.32151536838134986,0.0011129810409900385
4.375,Disgust,False,False,True,False,False,False,False,False,0.20149663667029297,0.0018976387806221866,0.5478245320778082,0.014037261959949589,0.20153663650465306,0.014015407202099714,0.01403384116141377,0.0051580456431604286
4.4140625,Amusement,True,False,False,False,False,False,False,False,0.4409698537142241,0.011521196142201135,0.05964873351510369,0.004156893115994817,0.4411329640869981,0.030709555155429738,0.0005622314538860463,0.011298572816162375
4.453125,Amusement,True,False,False,False,False,False,False,False,0.4217614239798884,0.0005377699300733046,0.4219103870007015,0.010802339884624904,0.057090732994047044,0.0014614158046867304,0.057010536556161014,0.029425393849817176
4.4921875,Inspiration,False,False,False,False,True,False,False,False,0.11145702706686089,0.0010502531350948523,0.021302481564846043,0.0028538904561377747,0.8243052040489001,0.0028541434289964833,0.015054946134521716,0.021122054164642187
4.53125,Inspiration,False,False,False,False,True,False,False,False,0.02092363693288578,0.000383224436379904,0.02098152183634246,0.00104131412447129,0.8176201349988798,0.007701452658628733,0.02100609259309463,0.1103426224193175
4.5703125,Inspiration,False,False,False,False,True,False,False,False,0.008067214180460169,0.022134947089225195,0.002964558932572707,0.00040101699484157454,0.8558792007899323,0.06003939165888448,0.008067435370721486,0.04244623498336207
4.609375,Inspiration,False,False,False,False,True,False,False,False,0.0027533298303214094,0.00037313863087559077,0.03952681114275744,0.00749008296314266,0.7953160248406931,0.10751655720238369,0.007488855871486736,0.039535199518339344
4.6484375,Inspiration,False,False,False,False,True,False,False,False,0.0205922713861883,0.000376900727796843,0.03979625706672262,0.002784887439151707,0.8042552870223214,0.020626400680386747,0.002787418007408473,0.10878057767002387
4.6875,Inspiration,False,False,False,False,True,False,False,False,0.0025915694397607523,0.03713029864011379,0.002592510151853407,0.00035047029989718816,0.7481276879010486,0.10108147076509895,0.0070634445900791265,0.10106254821214829
4.7265625,Inspiration,False,False,False,False,True,False,False,False,0.002452413891392528,0.012841811471750092,0.006653412206837547,0.0024468434195444254,0.7066886373596205,0.00244722665457365,0.2598060241504698,0.0066636308458113865
4.765625,Inspiration,False,False,False,False,True,False,False,False,0.002603676995980805,0.002603189001490605,0.037368507197318324,0.0009577368194857874,0.7513648368097299,0.10097566697341097,0.10152417757950716,0.002602208623076421
4.8046875,Inspiration,False,False,False,False,True,False,False,False,0.10764937967262887,0.014405739806487966,0.002756761340149001,0.00037289352337433406,0.7959722653341926,0.002759809182076693,0.020425574100588595,0.05565757704050179
4.84375,Inspiration,False,False,False,False,True,False,False,False,0.18065063369805773,0.18064307772033408,0.0017007321508716688,0.000625609521550409,0.491213331817949,0.012637082363694565,0.06621243908413414,0.06631709364340845
4.8828125,Sadness,False,False,False,False,False,False,True,False,0.00442004080192768,0.1725306429057067,0.004419676289606304,0.0016258675153879144,0.17246157692845204,0.004421671183183349,0.4677628502149041,0.17235767416083195
4.921875,Inspiration,False,False,False,False,True,False,False,False,0.0781804320963471,0.2124414826236068,0.002003248532921543,0.005444088811467055,0.578053639102868,0.0781622174336896,0.04026419895819098,0.005450692440908869
4.9609375,Amusement,True,False,False,False,False,False,False,False,0.49356539955686984,0.0667505044670099,0.0046514403713820785,0.0006290035192350894,0.18156504337745144,0.004653228021872045,0.06668712186308588,0.18149825882309373
5.0,Anger,False,True,False,False,False,False,False,False,0.1434893800922917,0.39117533718839165,0.0004985156956392046,0.0013549913071705078,0.052264459559439765,0.010105849726146197,0.3910892207980154,0.010022245632905455
5.0390625,Anger,False,True,False,False,False,False,False,False,0.1501114164564289,0.40981021566459347,0.001420129348220827,0.010509103026557928,0.4099115485089497,0.010508313112102935,0.003861772961302838,0.0038675009218434547
5.078125,Inspiration,False,False,False,False,True,False,False,False,0.03182852497456846,0.08661484845598624,0.002220791692291044,0.0008163689343872613,0.6405219567441635,0.0022195757770600427,0.2349611723311483,0.0008167610903952288
5.1171875,Inspiration,False,False,False,False,True,False,False,False,0.016712759110646475,0.08732402989650782,0.0868306836692442,0.0008229631600605213,0.6452499108230969,0.03205870249509598,0.08588387883829272,0.045117072007055364
5.15625,Inspiration,False,False,False,False,True,False,False,False,0.041276462945612026,0.04162139812977195,0.0010658963063100923,0.04140785322807093,0.8366894229706427,0.015277783825993072,0.0010659538398581508,0.021595228753741116
5.1953125,Inspiration,False,False,False,False,True,False,False,False,0.015972776393623007,0.01590066468541747,0.008261573820405634,0.016009573774237774,0.8767308579387579,0.04356765705522984,0.022440102619393058,0.0011167937129352523
5.234375,Disgust,False,False,True,False,False,False,False,False,0.007720660869701579,0.007724193218845513,0.301650882532869,0.110720875762832,0.3016239876575602,0.11043414717276512,0.15728536655366512,0.0028398862317615832
5.2734375,Disgust,False,False,True,False,False,False,False,False,0.004169471257116071,0.0113986407762512,0.4417974546409589,0.03134953215385734,0.011327133184813962,0.4427083165030814,0.056685720628987656,0.0005637308549333718
5.3125,Joy,False,False,False,False,False,True,False,False,0.002364175646986963,0.002365391808143014,0.25114613506166067,0.04788025715388078,0.006442524846023145,0.6828292792033854,0.006652338098663957,0.0003198981812561379
5.3515625,Disgust,False,False,True,False,False,False,False,False,0.0945867299231207,0.000891224122209196,0.6997044486579899,0.09461448028130111,0.0127798766870064,0.09467070175713908,0.0024247729129202524,0.0003277656583135494
5.390625,Fear,False,False,False,True,False,False,False,False,0.10060959860069556,0.0070086792579417976,0.019301509913888272,0.27344137098872595,0.051857165081070626,0.2734312775726657,0.2734028329109459,0.0009475656740661408
5.4296875,Sadness,False,False,False,False,False,False,True,False,0.004913394725024115,0.0018057786675481531,0.07051097714884696,0.19167718992677094,0.004907088410412281,0.1917843324189072,0.5210597162581363,0.013341522444354006
5.46875,Disgust,False,False,True,False,False,False,False,False,0.09522367963912931,0.0008969367783149862,0.7040596564079454,0.09517650208137951,0.002438833516528791,0.09522903339529952,0.006645566304520164,0.0003297918768822842
5.5078125,Disgust,False,False,True,False,False,False,False,False,0.16350472028119944,0.004187520318616945,0.4445577636497495,0.1635311922526046,0.06003814965732931,0.1620744614241305,0.000566631006814489,0.0015395614095551425
5.546875,Disgust,False,False,True,False,False,False,False,False,0.18674398942142345,0.03541697187464146,0.5070485638259197,0.01299685598010539,0.18671193570388964,0.06867637774554854,0.0017586898318385873,0.0006466156166331741
5.5859375,Disgust,False,False,True,False,False,False,False,False,0.007636745706126786,0.0003803525446166859,0.8108210066392129,0.040172040081822714,0.10971532252769,0.0076374151066492665,0.020828137226232373,0.0028089801676493796
5.625,Anger,False,True,False,False,False,False,False,False,0.2334713175232264,0.6344252441268792,0.011614455931398033,0.03128679203326684,0.08589516614213703,0.0021994063618033374,0.0008101747315033441,0.0002974431497856623
5.6640625,Joy,False,False,False,False,False,True,False,False,0.006153013295952672,0.0022644673128850994,0.2404704444260658,0.0022632117074484668,0.08848262889787689,0.6539078813695579,0.006152085068701963,0.0003062679215112641
5.703125,Disgust,False,False,True,False,False,False,False,False,0.0008510217474294159,0.033067807648849076,0.668205242670942,0.0008513118736035915,0.24583266279700014,0.033241739474625887,0.0008510320335274248,0.01709918175402257
5.7421875,Amusement,True,False,False,False,False,False,False,False,0.7408855301123782,0.013354794600950307,0.036882727953767194,0.006987407904672636,0.10032011566092701,0.0009443854285749095,0.10027753221702543,0.00034750612170441784
5.78125,Inspiration,False,False,False,False,True,False,False,False,0.012889649579965547,0.00665625842631244,0.002448491412678564,0.0024466795625701695,0.706824385243232,0.006653561080579969,0.002451888347295118,0.25962908634736603
5.8203125,Amusement,True,False,False,False,False,False,False,False,0.8040377507702473,0.0010238751645535939,0.02061195551669446,0.04000954183416678,0.025048863876405085,0.002783154608770222,0.10546103500309204,0.001023823226070463
5.859375,Inspiration,False,False,False,False,True,False,False,False,0.23824952884958456,0.00030355205109219467,0.08768581245802208,0.0008250949406417299,0.6479922681813717,0.0022432636849732367,0.006116996589943875,0.016583483244370575
5.8984375,Inspiration,False,False,False,False,True,False,False,False,0.0008613504966811363,0.00234140555991897,0.03348795408038932,0.002341358833874177,0.676469542316895,0.03337672266087625,0.002342448723780448,0.24877921732758462
5.9375,Inspiration,False,False,False,False,True,False,False,False,0.005997809023839361,0.0861465419208081,0.08623770370999462,0.0022063728413781888,0.6372719072550552,0.07961933000718192,0.08621406791183941,0.01630626732990318
5.9765625,Inspiration,False,False,False,False,True,False,False,False,0.0003559683341933144,0.007172314645121948,0.10277494374165193,0.01944899009945607,0.7597806017534391,0.005097147627947639,0.10273609601641784,0.0026339377817723
6.015625,Inspiration,False,False,False,False,True,False,False,False,0.007485004128307076,0.0003725632083697109,0.0074822832881513215,0.0027546311121056603,0.7952209142258558,0.10759756307215287,0.039531116202375954,0.039555924762681556
6.0546875,Sadness,False,False,False,False,False,False,True,False,0.00239586347293583,0.0008815036221873809,0.0065147040466851545,0.002396046942043444,0.006513629498478582,0.25466555915799427,0.692172269111938,0.03446042414773731
6.09375,Sadness,False,False,False,False,False,False,True,False,0.002797237615263568,0.10934165995795879,0.01479563073299969,0.0010289260723750963,0.0027982688630308343,0.02067715314969258,0.8083307400566389,0.04023038355204055
6.1328125,Disgust,False,False,True,False,False,False,False,False,0.0020328790933315014,0.015033392631198265,0.5873704899769476,0.015027851046570765,0.07948591191047581,0.005527346744503851,0.07945810514350816,0.21606402345346404
6.171875,Joy,False,False,False,False,False,True,False,False,0.01925787903556636,0.009912899995853161,0.0013397797872159915,0.0004928202447784909,0.14236887418168775,0.3871108089649823,0.3871266730955517,0.05239026469436438
6.2109375,Inspiration,False,False,False,False,True,False,False,False,0.00480847774156752,0.013074281936656858,0.06916281692676533,0.000650633894580607,0.5108713225462449,0.025446033671053764,0.18795562549173456,0.18803080779139636
6.25,Joy,False,False,False,False,False,True,False,False,0.011860407113997617,0.00612105734312499,0.0879422667800686,0.0022497147278996528,0.23912756586250286,0.6501434634773866,0.0022510892125292095,0.00030443548249054603
6.2890625,Joy,False,False,False,False,False,True,False,False,0.03725430210169788,0.007064786354609416,0.10128426259603962,0.0009530463684661398,0.10126803160981708,0.7486318021235971,0.0009530333473860642,0.0025907354983866356
6.328125,Joy,False,False,False,False,False,True,False,False,0.006433620041497632,0.00451389312365438,0.25071072878680567,0.00031933290114020475,0.04752014328594423,0.6816823809848053,0.002360399074602085,0.0064595018015505806
6.3671875,Joy,False,False,False,False,False,True,False,False,0.04152887417328458,0.21955749264129562,0.08074432734377064,0.002067070677214796,0.0415407135481686,0.5972170588725504,0.015277545640249817,0.0020669171034655176
6.40625,Joy,False,False,False,False,False,True,False,False,0.00820525259170288,0.005826259915218351,0.022335437734024317,0.022309260248381743,0.06066014440750471,0.8720473171005849,0.008207892001342547,0.00040843600124053033
6.4453125,Joy,False,False,False,False,False,True,False,False,0.04179165964988413,0.005656161667296843,0.22100055948989214,0.04179965442646104,0.08116065287836252,0.600858719281566,0.005652775465027801,0.002079817141509482
6.484375,Joy,False,False,False,False,False,True,False,False,0.004910621170361474,0.19183968750799338,0.1919058132517248,0.06931984207641166,0.004910373580140133,0.521942275506033,0.013364960823715185,0.0018064260836201708
6.5234375,Joy,False,False,False,False,False,True,False,False,0.00775415931596372,0.04087428811773579,0.002851546803296132,0.007754207570549256,0.0028507893267031986,0.8236666717252532,0.11139759608907811,0.002850741051420671
6.5625,Joy,False,False,False,False,False,True,False,False,0.0029344842780382545,0.007982732438988581,0.0029338392036582154,0.11468272735484802,0.007981743592217655,0.8475192076654228,0.00797801266515563,0.007987252801670803
6.6015625,Anger,False,True,False,False,False,False,False,False,0.021830052036346047,0.3126163552510257,0.11491912496765577,0.3113964029199728,0.00800175847864261,0.11503561089544036,0.11325737947491192,0.0029433159760048236
6.640625,Anger,False,True,False,False,False,False,False,False,0.1110789052414706,0.1563841048550823,0.00773838416788827,0.11102468726944321,0.007733216926659241,0.30205263192641557,0.30114450743486476,0.0028435621781759883
6.6796875,Amusement,True,False,False,False,False,False,False,False,0.3303158697934922,0.003113109499103488,0.06265094927476425,0.33029150374551935,0.0084539965118151,0.12149805700387012,0.12065812512936148,0.023018389042073963
6.71875,Amusement,True,False,False,False,False,False,False,False,0.3300959665151683,0.11909466679461381,0.025176697228516027,0.008446998217256764,0.12132845855539998,0.32993016773705097,0.0031080058365541953,0.06281903911544003
6.7578125,Fear,False,False,False,True,False,False,False,False,0.026720978748930393,0.013751557036329737,0.19709870447686179,0.5365452329426922,0.1973888362607691,0.013744186886152232,0.014066813563525757,0.000683690084738744
6.796875,Amusement,True,False,False,False,False,False,False,False,0.46015144121821744,0.004330400509067256,0.03201055175017587,0.011771664205739642,0.022897544526245574,0.4601764626861716,0.0043307455258136535,0.004331189578569157
