time_sec,pred_label,Amusement,Anger,Disgust,Fear,Inspiration,Joy,Sadness,Tenderness,prob_Amusement,prob_Anger,prob_Disgust,prob_Fear,prob_Inspiration,prob_Joy,prob_Sadness,prob_Tenderness
0.0390625,Inspiration,False,False,False,False,True,False,False,False,0.007219598932384305,0.10386424797584153,0.0003594022605635786,0.007219337853720541,0.767583570235817,0.007219748780864564,0.10387827753514481,0.0026558164256636776
0.078125,Joy,False,False,False,False,False,True,False,False,0.0040348732385836325,0.05799207204553628,0.01096303648035987,0.010977615977272474,0.05801340748076878,0.42876542043172783,0.42870777371049634,0.0005458006352548335
0.1171875,Fear,False,False,False,True,False,False,False,False,0.006629630770649995,0.000897171568312511,0.2591912009611279,0.7046778543103994,0.006633158896951723,0.01290164642549439,0.006630532090768939,0.002438804976294984
0.15625,Joy,False,False,False,False,False,True,False,False,0.06017806940616252,0.0011014397646936043,0.11701232713403159,0.06023905576709292,0.117027754751351,0.3181944251195908,0.3181059453423972,0.008140982714680412
0.1953125,Disgust,False,False,True,False,False,False,False,False,0.003642166273090962,0.003644330978902673,0.38703229035037934,0.07346539043130419,0.0013397272337819454,0.38712658771200975,0.1424096822505951,0.0013398247699359562
0.234375,Fear,False,False,False,True,False,False,False,False,0.06003649937674671,0.0005652605981365965,0.16332227916355274,0.44392584903942656,0.001536628979991534,0.1633378271663705,0.16309873188986546,0.004176923785909897
0.2734375,Amusement,True,False,False,False,False,False,False,False,0.3868505211914395,0.0004927848039458759,0.3869243282338806,0.026978361271169298,0.051542511695116665,0.003642478743678897,0.14222925931678546,0.0013397547439837401
0.3125,Sadness,False,False,False,False,False,False,True,False,0.08141408230430318,0.02937526865974189,0.22161132383533275,0.00566959273002221,0.015420437972499987,0.041943447455171354,0.6024802336218743,0.002085613421054235
0.3515625,Amusement,True,False,False,False,False,False,False,False,0.26604885746302326,0.0009212224954429816,0.050484877902056934,0.05036153637805368,0.09760740150709378,0.26600285624488595,0.2660694358315885,0.002503812177855095
0.390625,Amusement,True,False,False,False,False,False,False,False,0.754415295117449,0.00035341609360143726,0.10207119230859263,0.0071011581971974855,0.10198176345769368,0.01380736430232631,0.019309270369016755,0.0009605401541228208
0.4296875,Amusement,True,False,False,False,False,False,False,False,0.7683721021423588,0.007234234180575364,0.10398315153359841,0.0009783391982357502,0.10396388574686094,0.007230833308616565,0.007259127232784062,0.000978326656969987
0.46875,Amusement,True,False,False,False,False,False,False,False,0.3572528326547944,0.001236781231966196,0.13132004600847486,0.0033604275552607337,0.01778208922027736,0.3571971368219726,0.13139591261554703,0.0004547738917069227
0.5078125,Amusement,True,False,False,False,False,False,False,False,0.74573392558922,0.0009493400895574405,0.1009070884619066,0.0070143564009017305,0.10091149521013272,0.0371181437578495,0.00701644918773071,0.0003492013027011952
0.546875,Amusement,True,False,False,False,False,False,False,False,0.39452376336090633,0.00371143962890436,0.3945070056849139,0.0037107820988050095,0.1451267605982178,0.053344251320959046,0.0037108956818728365,0.0013651016254206704
0.5859375,Amusement,True,False,False,False,False,False,False,False,0.36081074845822997,0.0012486499637798687,0.3607609572579908,0.001248372667825615,0.1327292413699158,0.13272663881817864,0.009227013503517659,0.0012483779605617102
0.625,Joy,False,False,False,False,False,True,False,False,0.10131183054326842,0.0009529539211982878,0.10129965759531406,0.002590111006874015,0.037263205704933175,0.7485878787310647,0.007041525677077512,0.0009528368202698887
0.6640625,Amusement,True,False,False,False,False,False,False,False,0.3945078791320378,0.0013650791291436538,0.3944909943144297,0.003710360720680957,0.053385618175676185,0.14511947365552855,0.00371030971221119,0.0037102851602919917
0.703125,Amusement,True,False,False,False,False,False,False,False,0.468327946037535,0.004405542058246919,0.17228177086930305,0.004404714473923227,0.17228209634041522,0.1722726804686286,0.0016203898661653867,0.004404859885782562
0.7421875,Joy,False,False,False,False,False,True,False,False,0.1013098326941827,0.000953022273338241,0.0372650771945129,0.0025900848775563985,0.10128800627048484,0.7485988218524287,0.007042295415928752,0.0009528594215675478
0.78125,Disgust,False,False,True,False,False,False,False,False,0.14513542624498585,0.0013653500795040548,0.3944910383763385,0.0037107026515549807,0.05335326158054371,0.3945230052068084,0.003710589903436021,0.0037106259568285374
0.8203125,Disgust,False,False,True,False,False,False,False,False,0.14899783935862132,0.0038105008155346776,0.4050027002789461,0.0038101833737647327,0.028162965416601113,0.40500375292041985,0.001401433162331779,0.0038106246737803864
0.859375,Joy,False,False,False,False,False,True,False,False,0.10160798810210189,0.0009564029108084039,0.03718763843656453,0.002599197812381304,0.10154701282867025,0.750902924691751,0.002598554008328777,0.002600281209393784
0.8984375,Joy,False,False,False,False,False,True,False,False,0.020716568045762485,0.014566597822562768,0.10757088891636582,0.014455346528656179,0.0010204282073333203,0.8012058412325539,0.0010209835944944752,0.03944334565227109
0.9375,Fear,False,False,False,True,False,False,False,False,0.03004035898975968,0.002100676566345031,0.08185183052516828,0.6051353271596837,0.11507262952572833,0.08187014933915823,0.0020979830180425946,0.0818310448761141
0.9765625,Amusement,True,False,False,False,False,False,False,False,0.6055259347982846,0.0007725285213393665,0.015528324380382147,0.08178133636095787,0.22308985101632542,0.04224288286948063,0.015536772143891792,0.015522369909338196
1.015625,Amusement,True,False,False,False,False,False,False,False,0.6380157234674805,0.0002989235569302062,0.2346967199376604,0.006004868701147842,0.0863386639515728,0.031624055645409994,0.0022086246577319715,0.0008124200820662832
1.0546875,Amusement,True,False,False,False,False,False,False,False,0.7402322680159719,0.036602116516967674,0.10018055113148,0.0003467457057102353,0.10018210953277581,0.018950678138152082,0.0025629173295197817,0.0009426136294227116
1.09375,Amusement,True,False,False,False,False,False,False,False,0.44405085536184635,0.0015376283789074875,0.16294690016032276,0.004177518866148478,0.06009094682368032,0.16332982731552995,0.1633009995690371,0.0005653235245275118
1.1328125,Amusement,True,False,False,False,False,False,False,False,0.3603177576735324,0.0012471442554541502,0.360287735739449,0.003389281958734769,0.132548403787074,0.13253514539906228,0.009215848876225475,0.0004586823104678766
1.171875,Disgust,False,False,True,False,False,False,False,False,0.2348883798158879,0.0008133659454197328,0.6384789325581428,0.0008128943801566585,0.08641008363901556,0.03177547039252962,0.006007981207190936,0.0008128920616566265
1.2109375,Inspiration,False,False,False,False,True,False,False,False,0.03339736400364346,0.008022078789126155,0.0063265004933314,0.0008541988026730275,0.6709016232301505,0.24678689581031413,0.03339710371223025,0.0003142351585310002
1.25,Amusement,True,False,False,False,False,False,False,False,0.4935093584475848,0.004645644551271369,0.06676184655513573,0.004643866418789068,0.18155211841207475,0.18152299887869686,0.06673575763546519,0.000628409100982208
1.2890625,Amusement,True,False,False,False,False,False,False,False,0.22160073166048108,0.22110101955454248,0.08145860047645598,0.0007674680279936446,0.029941287210549193,0.2215915474258556,0.22145330370101238,0.0020860419431096163
1.328125,Sadness,False,False,False,False,False,False,True,False,0.0008339660247635123,0.24062585981499343,0.006167190491176498,0.0008339828383627367,0.0061681475085097375,0.08855259478537239,0.6545456329930814,0.00227262554374025
1.3671875,Joy,False,False,False,False,False,True,False,False,0.0005082587719488,0.003762028354767208,0.003760281172374423,0.019318686115307973,0.028704992744089056,0.39878685616989495,0.3988127098913667,0.14634618678025102
1.40625,Sadness,False,False,False,False,False,False,True,False,0.0008342564860731989,0.006172850767370389,0.006180308491733058,0.002269605010217621,0.08860868791007957,0.24073507741983055,0.6543646534557013,0.0008345604589944842
1.4453125,Sadness,False,False,False,False,False,False,True,False,0.002567195302287335,0.036743206425233134,0.01895255187244906,0.0003469448115192042,0.10015453870751519,0.10007699891731991,0.740215420163713,0.0009431437999630995
1.484375,Joy,False,False,False,False,False,True,False,False,0.0013971750338934226,0.0013985812515534787,0.028130556832746137,0.0037977380748497455,0.14819926444330775,0.40344812062801944,0.4032951844904854,0.01033337924514458
1.5234375,Joy,False,False,False,False,False,True,False,False,0.003717239632215966,0.0037161131043466755,0.14500396891867737,0.003715380700526391,0.05316603159649766,0.3946309560671956,0.3946826719529831,0.0013676380275572774
1.5625,Amusement,True,False,False,False,False,False,False,False,0.377107664209105,0.0004806181909741435,0.05090030923697126,0.0035516497061550563,0.13856636433292677,0.37706492320989576,0.051022627146492965,0.0013058439674788755
1.6015625,Joy,False,False,False,False,False,True,False,False,0.002413805754089478,0.00241172531896002,0.018092375400983914,0.006556388714925953,0.017831373960836897,0.6962430580424253,0.2561250067571185,0.0003262660506599772
1.640625,Sadness,False,False,False,False,False,False,True,False,0.007639503895298352,0.0003798288234507341,0.10969821303382053,0.0076345169205581246,0.020886718528339513,0.040342116708628424,0.8106126468590981,0.0028064552308063356
1.6796875,Disgust,False,False,True,False,False,False,False,False,0.042410501068145666,0.008026888216067198,0.8526703977279038,0.002951039942497645,0.0010856676388754088,0.042442326287387616,0.04238567041579721,0.008027508703325524
1.71875,Fear,False,False,False,True,False,False,False,False,0.03355867123359322,0.0008589684830876695,0.03356083299013734,0.6743719406098819,0.0008586415052497424,0.24810687218820368,0.006349993344285736,0.002334079645560602
1.7578125,Fear,False,False,False,True,False,False,False,False,0.010992039810261329,0.0005466035588492211,0.05798449273319682,0.42842548646697165,0.011036314361142554,0.4289984095191695,0.05797805957862992,0.004038593971778988
1.796875,Sadness,False,False,False,False,False,False,True,False,0.0028954382407162488,0.007895133094729445,0.112927077639372,0.021383612038941936,0.0028942703916758194,0.014072408630326556,0.8350378948096457,0.002894165154592241
1.8359375,Amusement,True,False,False,False,False,False,False,False,0.8150711568302689,0.0077276245621142915,0.040530922014918334,0.007702988951998339,0.0028233967273231008,0.014811303820779727,0.11029419710752508,0.0010384099850724157
1.875,Joy,False,False,False,False,False,True,False,False,0.19038915488917238,0.01326688014809203,0.004881245743575793,0.06991283015290405,0.013267510725541633,0.5174926235593371,0.19013046264626918,0.00065929213510778
1.9140625,Amusement,True,False,False,False,False,False,False,False,0.6379726648226356,0.0002991522693304966,0.08629857768181086,0.2346563286276874,0.006009266583822614,0.031739942048073067,0.0008128749699083385,0.002211192996731691
1.953125,Fear,False,False,False,True,False,False,False,False,0.011053841342170675,0.011051677209081835,0.00404700237322648,0.42915723639446346,0.0005470465854486811,0.4287980101328655,0.05738036508316013,0.057964820879583115
1.9921875,Fear,False,False,False,True,False,False,False,False,0.0008270904206009805,0.006315653104905443,0.006109090616745893,0.6485654931469421,0.00030394072583258094,0.08764016772209633,0.01183342425725846,0.23840514000561822
2.03125,Fear,False,False,False,True,False,False,False,False,0.007809603580313203,0.001053686566315544,0.007792452881854876,0.8265790697597176,0.022671946406358223,0.02134910782928225,0.0010533437260760667,0.11169078925008223
2.0703125,Inspiration,False,False,False,False,True,False,False,False,0.002438721174801954,0.0008971696134295544,0.0024374280925048195,0.25889809263555214,0.7039225449713559,0.006630049338975323,0.006627308442195796,0.018148685731184517
2.109375,Fear,False,False,False,True,False,False,False,False,0.027859208112208343,0.0013836297158241059,0.019787789396994236,0.3993823131216912,0.3996048350553311,0.0037611106269086828,0.0013835127063588958,0.14683760126468334
2.1484375,Inspiration,False,False,False,False,True,False,False,False,0.019459811284056598,0.0009681640044109545,0.10281784830852744,0.019466164122980304,0.7598653655697569,0.0009674493371792178,0.0009675180914862426,0.09548767928160226
2.1875,Inspiration,False,False,False,False,True,False,False,False,0.08768160616350673,0.0008253106797173181,0.23820363050119284,0.006096885436707203,0.6480556423480325,0.0022426359333945086,0.01659077759538101,0.0003035113420679895
2.2265625,Amusement,True,False,False,False,False,False,False,False,0.44190745799593345,0.0015297295481067196,0.0597206461263131,0.03072535431703593,0.4419795872728055,0.011302625856194317,0.011305170744602295,0.0015294281390086254
2.265625,Amusement,True,False,False,False,False,False,False,False,0.32450544239758444,0.00041320784883877733,0.324521809431979,0.008298774582088999,0.3245412731616004,0.008298143778218466,0.008298344813001351,0.0011230039866884612
2.3046875,Inspiration,False,False,False,False,True,False,False,False,0.08855984087899255,0.0022661674688779694,0.2407442270021817,0.0008330386105111203,0.6544513409812963,0.00615574355757007,0.006156574771724095,0.0008330667288462885
2.34375,Inspiration,False,False,False,False,True,False,False,False,0.09536593144875763,0.0008976357708542777,0.09525022504342823,0.0008971202752540401,0.7047712399731815,0.006630093105155988,0.09529062862697944,0.0008971257563889434
2.3828125,Amusement,True,False,False,False,False,False,False,False,0.3216252064171482,0.0011133536229247483,0.3215845365333889,0.00302551251942146,0.32165305157567153,0.02236220732333758,0.008226670768433543,0.0004094612396741062
2.421875,Disgust,False,False,True,False,False,False,False,False,0.0876769804517507,0.006144640259192514,0.6478765319483868,0.0003034272314920196,0.23836140118378038,0.016569364830171185,0.0022428167701398238,0.0008248373250866037
2.4609375,Inspiration,False,False,False,False,True,False,False,False,0.09468417382660695,0.002432455347040127,0.09458139317581994,0.0008906347826800553,0.6996637353746916,0.09461433122722376,0.012805629030304104,0.00032764723563350113
2.5,Disgust,False,False,True,False,False,False,False,False,0.09537724286524239,0.000897368159068979,0.7045337421449676,0.0008971489963966961,0.09537782734102077,0.09536770326499353,0.0066518332343153885,0.0008971339939947494
2.5390625,Disgust,False,False,True,False,False,False,False,False,0.23489599947040432,0.0008134608637806895,0.6384745055710586,0.000812816589154715,0.08639983074219794,0.03178218245340442,0.006008407808615628,0.0008127965013837952
2.578125,Joy,False,False,False,False,False,True,False,False,0.09540658115959923,0.09523626404990046,0.004739225095442989,0.0008974630002479699,0.0954023278834895,0.7049794051404549,0.0024412550825321823,0.0008974785883328825
2.6171875,Joy,False,False,False,False,False,True,False,False,0.10944032995665018,0.0028011660253099264,0.020690827864437406,0.0027986422257063313,0.039694837350217727,0.8087623044165585,0.01478233341918874,0.0010295587419312624
2.65625,Joy,False,False,False,False,False,True,False,False,0.25218921860778554,0.0023747064276794703,0.03410812710049572,0.0008728439435798506,0.017540794708078847,0.6855769649230005,0.006464491947157123,0.0008728523422229807
2.6953125,Amusement,True,False,False,False,False,False,False,False,0.24058129301578987,0.2402563696711313,0.24056130952458515,0.0022641482346897274,0.016730405979241542,0.2406013223105775,0.016741150989703416,0.002264000274281552
2.734375,Joy,False,False,False,False,False,True,False,False,0.0395096974389491,0.007531061315275715,0.10757916555836974,0.002765840723348262,0.0010174909427829114,0.7990826392116037,0.039746698386131755,0.002767406423538785
2.7734375,Joy,False,False,False,False,False,True,False,False,0.037213621570056685,0.007046747786909181,0.10113735690790246,0.0003503605508803046,0.002588681496682777,0.7479081446291764,0.10116608077898753,0.0025890062794046496
2.8125,Disgust,False,False,True,False,False,False,False,False,0.1483073426115919,0.0038129716030377747,0.4032934935415671,0.010340603850337282,0.0013964319664979171,0.4033650775904665,0.02808758392754758,0.0013964949089539213
2.8515625,Joy,False,False,False,False,False,True,False,False,0.002861108343010118,0.0028567252165533556,0.007762423724550491,0.0408567846543164,0.0028529891369802377,0.8236543128826019,0.11137410170661806,0.00778155433536935
2.890625,Sadness,False,False,False,False,False,False,True,False,0.0009290757699706743,0.0009286314073311147,0.036178514718717615,0.09835778199692517,0.0009274946718997515,0.09854486602446114,0.7279323025732909,0.036201332837403545
2.9296875,Tenderness,False,False,False,False,False,False,False,True,0.02289815094158923,0.0016011286727905796,0.16969741605413197,0.1695527308791472,0.0015972643821271296,0.004429394594845998,0.1697011380925382,0.4605227763828297
2.96875,Anger,False,True,False,False,False,False,False,False,0.01137117817514497,0.44458857285483677,0.4446366794116677,0.004187342046694931,0.0015389998206126235,0.022133068834204628,0.011373878683342498,0.060170280173495926
3.0078125,Disgust,False,False,True,False,False,False,False,False,0.05676242159201733,0.002795158307050705,0.29714035101297015,0.020670255091649697,0.29715581721510764,0.2971386169777178,0.0075976248447714115,0.02073975495871518
3.046875,Amusement,True,False,False,False,False,False,False,False,0.33007254236942113,0.02295335648410631,0.33019505038618013,0.12140035206838147,0.12143290709821908,0.06239491457417145,0.003105780209985724,0.008445096809534706
3.0859375,Fear,False,False,False,True,False,False,False,False,0.007539217242548867,0.002764682867493594,0.10804728949108003,0.7985317107822489,0.03964244368672622,0.0027637690171893434,0.0010168298773880226,0.03969405703532491
3.125,Amusement,True,False,False,False,False,False,False,False,0.3875818189760566,0.0004937989996085353,0.1415044392253423,0.387421561648641,0.01927248639311795,0.052443235821434404,0.009940537064554944,0.0013421218712443166
3.1640625,Amusement,True,False,False,False,False,False,False,False,0.6855128375270451,0.0008730789116793849,0.2521561370413089,0.006452057346794541,0.017642296506447528,0.03411757443059054,0.0008729252275140465,0.002373093008619882
3.203125,Amusement,True,False,False,False,False,False,False,False,0.5327118399358899,0.03707129625127742,0.026421372210149088,0.0018436473197032807,0.19595827015123074,0.19596815471318615,0.005012612951401406,0.0050128064671619565
3.2421875,Joy,False,False,False,False,False,True,False,False,0.23939050105392376,0.0022528049020135946,0.08787346274916377,0.0008284263695508329,0.011913874086196333,0.6507856237814758,0.006126772153841746,0.0008285349038343368
3.28125,Amusement,True,False,False,False,False,False,False,False,0.4073083871683039,0.0038320149130983967,0.40727086688863406,0.003831148711021868,0.02026470639261082,0.14983044278975638,0.0038310493586886677,0.0038313837778858714
3.3203125,Amusement,True,False,False,False,False,False,False,False,0.3945331788510572,0.003712141369500313,0.39449626216085587,0.0037114743747143557,0.05333678361877007,0.14513317807649745,0.0013651785392959689,0.003711803009308962
3.359375,Joy,False,False,False,False,False,True,False,False,0.10160514289864031,0.0025992412161277567,0.037311890973123485,0.0009558589377530211,0.10149040710146147,0.7508392132059738,0.002598438049386518,0.0025998076175337906
3.3984375,Joy,False,False,False,False,False,True,False,False,0.2553161939207534,0.0024027715018180044,0.034477128135289574,0.002402080640032324,0.002403494323574412,0.6940645828734276,0.002402233177807462,0.006531515427297137
3.4375,Disgust,False,False,True,False,False,False,False,False,0.15067312797862256,0.0038544475683972203,0.4095534668553637,0.01059241562821155,0.0038539018158146145,0.40957213720055063,0.001417419978176786,0.010483082974862964
3.4765625,Disgust,False,False,True,False,False,False,False,False,0.09683390029049539,0.006743570867390181,0.2633502632451242,0.006763688130221945,0.0968653546368494,0.2635151226514806,0.0024794529695891187,0.26344864720884914
3.515625,Joy,False,False,False,False,False,True,False,False,0.02269408166204892,0.001122423082432063,0.022567764840207807,0.003051091639306732,0.02254616186488181,0.8811930937120608,0.0030522404480047513,0.04377314275105718
3.5546875,Disgust,False,False,True,False,False,False,False,False,0.0704280327654608,0.0018051169351109243,0.5212043944073226,0.19166495780181708,0.00490534760211996,0.19174858522601806,0.004904491209134976,0.013339074053015551
3.59375,Fear,False,False,False,True,False,False,False,False,0.007496137124761142,0.00748669646245366,0.10759287326212641,0.7951763604517462,0.039585807627653194,0.03953078657303099,0.0003725737136220724,0.0027587647846062232
3.6328125,Disgust,False,False,True,False,False,False,False,False,0.020835286126578038,0.007666808992339456,0.299266176472905,0.007686869344646528,0.299560884678672,0.2994836055102,0.0076712644671519175,0.0578291044075071
3.671875,Sadness,False,False,False,False,False,False,True,False,0.00036172273795109853,0.03836675547118626,0.03841750415587869,0.0072725838280869115,0.10436261100573899,0.03841731248546517,0.7718173322452566,0.000984178070436324
3.7109375,Inspiration,False,False,False,False,True,False,False,False,0.01489639925216699,0.0020074373103286824,0.028707132732042527,0.2130439877676287,0.5792686310390831,0.07829794557289085,0.0783242872324736,0.005454179093385604
3.75,Inspiration,False,False,False,False,True,False,False,False,0.0029789712274893632,0.00040293545252110445,0.04271863030988099,0.04199902526075726,0.8594424771218921,0.02208889366939419,0.022277225575206318,0.00809184138285859
3.7890625,Sadness,False,False,False,False,False,False,True,False,0.02279718061628328,0.16801103914136448,0.16868223644179373,0.0005844322241570688,0.1685479005234388,0.00839476677417232,0.458663255543996,0.00431918873479434
3.828125,Joy,False,False,False,False,False,True,False,False,0.013451219738490647,0.1002155950480883,0.006977390595497212,0.0009435958744334637,0.036851240989307185,0.7409720650162713,0.10024171399617403,0.00034717874173801624
3.8671875,Joy,False,False,False,False,False,True,False,False,0.0395791655159778,0.002754773996433577,0.007491294931349732,0.007487197722758681,0.038969539129481263,0.795705161267644,0.10764015890881189,0.00037270852754299835
3.90625,Amusement,True,False,False,False,False,False,False,False,0.31503047865040995,0.0029657080342207717,0.3150085465048184,0.00040115920693306855,0.008060648201810851,0.3150631807266018,0.042379778482357904,0.0010905001928471993
3.9453125,Joy,False,False,False,False,False,True,False,False,0.036079769898840514,0.0361307554467438,0.09837374141358415,0.00034074533814915423,0.0025180602454813908,0.7273813261016813,0.09824933994478273,0.0009262616107371108
3.984375,Joy,False,False,False,False,False,True,False,False,0.04070599093053838,0.0028530582122170147,0.007753455145381018,0.007752941790719879,0.0028514981881738967,0.8237788627917292,0.11145209324186756,0.00285209969937319
4.0234375,Joy,False,False,False,False,False,True,False,False,0.03718648915240225,0.007048768959405032,0.10061072075310806,0.00035059692011148,0.0025915952023096048,0.7483644991336214,0.10125583064470851,0.0025914992343336754
4.0625,Joy,False,False,False,False,False,True,False,False,0.03701963925832115,0.007027430774729146,0.10092156792537951,0.007022984514459677,0.00034940318173601944,0.7458707701308446,0.10083822422157808,0.0009499799929517201
4.1015625,Joy,False,False,False,False,False,True,False,False,0.007938152307093778,0.0029191649461009386,0.04183266886604686,0.04144801181933566,0.0010733222909505586,0.8430487834324846,0.058812812743308414,0.0029270835946791163
4.140625,Joy,False,False,False,False,False,True,False,False,0.002786917258551322,0.001025018840369963,0.02081148673014165,0.02060312438655612,0.001024660315939247,0.8048439504177031,0.04005352007909708,0.10885132197164149
4.1796875,Disgust,False,False,True,False,False,False,False,False,0.2039701217259879,0.0019232497553850606,0.5553602423783205,0.07501466039994954,0.001922224598359867,0.07516383227273805,0.014294132752297004,0.07235153611696196
4.21875,Fear,False,False,False,True,False,False,False,False,0.002821497098675935,0.020851029028012454,0.11014037560265687,0.8141433410988735,0.002817670764642505,0.04052475114965637,0.0010366786833366022,0.007664656574145748
4.2578125,Joy,False,False,False,False,False,True,False,False,0.01333616621730138,0.0018045628916632263,0.0705264124416914,0.19172985866034853,0.004904985931418812,0.521248371327689,0.004905747683386748,0.19154389484650083
4.296875,Disgust,False,False,True,False,False,False,False,False,0.06739698889356353,0.009111853238739618,0.3556573920419362,0.35505797537053674,0.00909685027123064,0.13081290555012412,0.04808614740168146,0.02477988723218765
4.3359375,Fear,False,False,False,True,False,False,False,False,0.015074980694692196,0.0028539002436531154,0.11155347910065384,0.8243788793982959,0.002853184568742826,0.0211488004764432,0.001049562830445745,0.021087212687073288
4.375,Fear,False,False,False,True,False,False,False,False,0.02076182970177347,0.0010333772409217082,0.04039486758358455,0.8116487836370091,0.007657832589152522,0.10982913942244762,0.0010333569406226852,0.007640812884488344
4.4140625,Fear,False,False,False,True,False,False,False,False,0.01323991791596589,0.0006589680923199754,0.1902871484976029,0.5174218299677156,0.004870222257310071,0.1902474915711838,0.013289343600528273,0.06998507809737341
4.453125,Fear,False,False,False,True,False,False,False,False,0.006641018000405286,0.0008975540720883013,0.006746248129076848,0.7046507464804026,0.0024392195960732557,0.25922420568259685,0.012768704706007574,0.0066323033333491425
4.4921875,Fear,False,False,False,True,False,False,False,False,0.00664281987841498,0.006624164811079899,0.0024373682587242648,0.7037993267693474,0.0024364614478134196,0.258870327930945,0.0008962311523549438,0.018293299751320147
4.53125,Disgust,False,False,True,False,False,False,False,False,0.011478469049834293,0.004217349697786055,0.4476198668337715,0.4477991153883707,0.011466252355158845,0.015346197695885999,0.0015508897751736887,0.060521859204018875
4.5703125,Fear,False,False,False,True,False,False,False,False,0.0025972074572747704,0.0009549125396825504,0.0009547095459920777,0.7493487016911059,0.036324077499725604,0.10136663604727755,0.007066750040828209,0.1013870051781135
4.609375,Fear,False,False,False,True,False,False,False,False,0.03695485677272949,0.001836695460856702,0.013574217830301832,0.5300807220398198,0.19453766722675492,0.026203533993360506,0.0018370032076684302,0.19497530346850844
4.6484375,Fear,False,False,False,True,False,False,False,False,0.00370445457200886,0.0013646228214556683,0.05300067620931212,0.3930784565006213,0.39300621874133446,0.01007111780189731,0.0013624796187177463,0.1444119737346526
4.6875,Inspiration,False,False,False,False,True,False,False,False,0.006573182469082794,0.0003265927134221589,0.0024155499072938467,0.2560734861930295,0.6964773024522187,0.002413047650263177,0.017838637965627614,0.017882200649062256
4.7265625,Inspiration,False,False,False,False,True,False,False,False,0.04209175963771786,0.00039749819301897107,0.0029486309740496875,0.059602873955380595,0.8481272463713462,0.0029387811204845994,0.022047308746875084,0.021845901001126967
4.765625,Inspiration,False,False,False,False,True,False,False,False,0.042213388085626614,0.005659381914725535,0.0806877700072373,0.002081100411824968,0.6007021588964622,0.042002385242822855,0.22098154231831954,0.005672273122980983
4.8046875,Disgust,False,False,True,False,False,False,False,False,0.04550916782109345,0.041803053074553495,0.5945796692036422,0.002061066007784944,0.08024429989440403,0.2185151181884973,0.015228299134124693,0.002059326675899882
4.84375,Inspiration,False,False,False,False,True,False,False,False,0.002647556030971732,0.0009714115323218451,0.00720471088018632,0.10312864902505309,0.7624581609499925,0.1030863410446438,0.01953183778669148,0.0009713327501391053
4.8828125,Inspiration,False,False,False,False,True,False,False,False,0.011343560456509775,0.004171240784647187,0.059828853261503834,0.004176690942832953,0.4429150438116376,0.4426783786033488,0.03335202257932866,0.001534209560191337
4.921875,Sadness,False,False,False,False,False,False,True,False,0.00030221499564886655,0.08726429282227165,0.01179409298500976,0.006073245082452561,0.23718280174759757,0.01179712470002701,0.6447622384508434,0.0008239892161493793
4.9609375,Inspiration,False,False,False,False,True,False,False,False,0.010528508490872418,0.0005236990707523973,0.05505878969782208,0.05547561952473676,0.41087880061857696,0.41055664870259834,0.05555521262177004,0.0014227212728711762
5.0,Inspiration,False,False,False,False,True,False,False,False,0.0008345223237845432,0.0022706345302798132,0.006173278571064333,0.006174488818197297,0.6547045813228427,0.24068289784010627,0.08832576491957705,0.0008338316741479467
5.0390625,Sadness,False,False,False,False,False,False,True,False,0.0008267120156934817,0.08770050317604762,0.011812451936127816,0.000304073945576816,0.23850037389997103,0.006122219201259573,0.6486256032851494,0.006108062540174293
5.078125,Sadness,False,False,False,False,False,False,True,False,0.00031593803229326716,0.03332954408805978,0.002335816711596088,0.006351912471637248,0.24789286626671364,0.03355000640056389,0.67388765913476,0.002336256894376179
5.1171875,Joy,False,False,False,False,False,True,False,False,0.0008290003334114779,0.002254006108193616,0.002252172699319315,0.016762250965380136,0.08792923395607456,0.6500334939047566,0.23911083906522496,0.0008290029676393639
5.15625,Sadness,False,False,False,False,False,False,True,False,0.002559746752263431,0.05155576723946982,0.006971864992708703,0.0003460805341116664,0.09984306761982421,0.09979654863964042,0.737986337606066,0.0009405866159157438
5.1953125,Sadness,False,False,False,False,False,False,True,False,0.002249737710058639,0.23886569975292243,0.002249690237323135,0.00030479173215662065,0.016637272040523312,0.08790286545784681,0.6495392208168066,0.00225072225236238
5.234375,Sadness,False,False,False,False,False,False,True,False,0.0003265609232107753,0.002412836221237952,0.0024126707169757123,0.00664558264082853,0.017832612353570275,0.2562229948861564,0.6962136668560314,0.01793307540198911
5.2734375,Sadness,False,False,False,False,False,False,True,False,0.002451346139603538,0.006696142024485526,0.002446742799516476,0.002447592551597789,0.018129129654379777,0.2596839268486702,0.7056964635849214,0.002448656396825172
5.3125,Sadness,False,False,False,False,False,False,True,False,0.0062379880047548795,0.0008271395362806651,0.01661801942138212,0.0008263998261254553,0.08758523398554409,0.23848991883666562,0.6485890072049523,0.0008262931842949508
5.3515625,Sadness,False,False,False,False,False,False,True,False,0.0029063010562689596,0.0010679758162756613,0.00789028386750685,0.007909178501154395,0.007893275305165783,0.11330819632830344,0.8375502933916579,0.021474495733667102
5.390625,Sadness,False,False,False,False,False,False,True,False,0.013829278135357894,0.0009792162585137907,0.10090452454188828,0.0026641132016076174,0.002662345990902037,0.10376227986776568,0.7679584516068931,0.007239790397071538
5.4296875,Sadness,False,False,False,False,False,False,True,False,0.034388518149887096,0.006842395462215622,0.2545578217785641,0.0008819198987919603,0.0023970812901540415,0.0024043436178183587,0.6919983781317804,0.006529541670788358
5.46875,Sadness,False,False,False,False,False,False,True,False,0.0337849377000098,0.017411552885395074,0.000866000002962916,0.24962632341054627,0.006413700875048804,0.012404980044243393,0.6791742866861746,0.00031821839561904674
5.5078125,Joy,False,False,False,False,False,True,False,False,0.0017263571338768866,0.0017259845327555182,0.06722546451043435,0.1831651363685099,0.004691897816608819,0.4982938456627528,0.18316633582308467,0.060004978151976925
5.546875,Sadness,False,False,False,False,False,False,True,False,0.005029285177217305,0.01398789434580209,0.19639326216387612,0.19590763760366148,0.001848675735808232,0.02657276111790386,0.5338519376312089,0.026408546224522038
5.5859375,Fear,False,False,False,True,False,False,False,False,0.08608430822394586,0.006007221678003725,0.08611921006321822,0.6380337119283941,0.006004607047907177,0.08632165410501241,0.08542374580387922,0.0060055411496393275
5.625,Fear,False,False,False,True,False,False,False,False,0.007729170313581213,0.002844363735212887,0.04074672940474064,0.8211853077334849,0.007739776659340664,0.11097462536028413,0.0010462210343306435,0.007733805759024793
5.6640625,Fear,False,False,False,True,False,False,False,False,0.004907917955661646,0.0018049460805869104,0.0704473767720275,0.5213304227258202,0.004911550547138025,0.19155101556520082,0.013346954275909484,0.1916998160776554
5.703125,Fear,False,False,False,True,False,False,False,False,0.0028907722361510564,0.007855008870015097,0.015256176584731817,0.8340248491410207,0.0028874368892120267,0.11279841895333799,0.0028902258039709646,0.02139711152156029
5.7421875,Fear,False,False,False,True,False,False,False,False,0.020235229745144308,0.0010071097370792036,0.03517802477811847,0.7910183910169398,0.00532327062771259,0.10687181089007844,0.0010071694078009935,0.03935899379712618
5.78125,Disgust,False,False,True,False,False,False,False,False,0.003971983369160615,0.0005372978252969928,0.42200101583415384,0.4218980187374433,0.057050726507395504,0.010797777199458916,0.07976757115982724,0.003975609367263677
5.8203125,Fear,False,False,False,True,False,False,False,False,0.050343735577614006,0.0009211981080843013,0.05033902248837617,0.2661156535696628,0.26602171057615837,0.09788618011797004,0.26586774522204615,0.0025047543400880954
5.859375,Fear,False,False,False,True,False,False,False,False,0.1313862070289917,0.0012363491228867668,0.017779680580510434,0.3572015049071152,0.35718241432371783,0.13139795755057804,0.0004547843109551704,0.00336110217524486
5.8984375,Fear,False,False,False,True,False,False,False,False,0.052840647939227534,0.0013529167008673006,0.14377198229448593,0.3907647493291836,0.39076409343712,0.00999995950744738,0.0004976323270069752,0.010008018464661197
5.9375,Amusement,True,False,False,False,False,False,False,False,0.40259574634740936,0.0005130792422114984,0.003792642509279928,0.147877073437585,0.40278260820329653,0.010307023846237561,0.028337512397217757,0.0037943140167622804
5.9765625,Amusement,True,False,False,False,False,False,False,False,0.3864891598394509,0.0004927822058520866,0.0036422332162482094,0.14216616636028698,0.386715136496903,0.05217304045651083,0.0013399490289572125,0.026981532395790885
6.015625,Joy,False,False,False,False,False,True,False,False,0.02262172581940685,0.0011251482945058215,0.022660935237494764,0.003060101487255912,0.008318758136858267,0.8823824748643385,0.0437196250678389,0.01611123109230111
6.0546875,Disgust,False,False,True,False,False,False,False,False,0.07995155885512052,0.005585036596231923,0.5914279109226064,0.21672211186243123,0.005569064580123061,0.08002332848356965,0.015143436521740264,0.005577552178177006
6.09375,Joy,False,False,False,False,False,True,False,False,0.013344257418272583,0.004907014649183229,0.06586122913440372,0.19172317270890532,0.1917327057931673,0.5211979032348991,0.0018049091358228154,0.009428807925346021
6.1328125,Inspiration,False,False,False,False,True,False,False,False,0.022961780221065514,0.0031068736291517975,0.12141112375617577,0.06253670633241966,0.330052047581308,0.3300957367242117,0.008448499348137477,0.1213872324075299
6.171875,Sadness,False,False,False,False,False,False,True,False,0.0010553749569659487,0.04103363487408173,0.04119644895466341,0.031011523091731046,0.015147513791984007,0.0412410443432025,0.8282589704064286,0.0010554895809428083
6.2109375,Fear,False,False,False,True,False,False,False,False,0.023980396987364202,0.06516200034457431,0.12662268415203445,0.34448737560640613,0.3444876366130979,0.046456666514664305,0.04556077205550458,0.003242467726354018
6.25,Inspiration,False,False,False,False,True,False,False,False,0.003000092564747779,0.0029902524970127986,0.03866476084976939,0.002998930405143429,0.3176010369845661,0.31693591369836915,0.3174044844754224,0.0004045285249688795
6.2890625,Sadness,False,False,False,False,False,False,True,False,0.0022103069564656614,0.08634032090079538,0.006034870303767946,0.0008130674447215988,0.23474743276385773,0.03130267993163509,0.6382522674975429,0.00029905420121350575
6.328125,Joy,False,False,False,False,False,True,False,False,0.0004925646058914087,0.14208285467041595,0.0036412369325582597,0.026953140671904425,0.05228921504483955,0.38667533126962583,0.3865264510298152,0.0013392057749493363
6.3671875,Sadness,False,False,False,False,False,False,True,False,0.0008707626866326141,0.006440105458048382,0.006433748956633944,0.017517807794414034,0.033971787771839554,0.2512704417542095,0.683174940236789,0.00032040534143294675
6.40625,Joy,False,False,False,False,False,True,False,False,0.03682152560103909,0.006998850170131899,0.10019192811275732,0.0003473104647379159,0.013532038197915177,0.7409117030914333,0.10025266328140636,0.0009439810805788655
6.4453125,Sadness,False,False,False,False,False,False,True,False,0.006212726170912691,0.08848755174467096,0.006172826106493875,0.0008340874577143125,0.0022666350224566437,0.24076971862906038,0.6544226545654365,0.0008338003032547029
6.484375,Joy,False,False,False,False,False,True,False,False,0.002420525117985082,0.018988385011772514,0.017877913621034348,0.0008895698351389519,0.0024179432909338574,0.6982736985739373,0.25671374134469194,0.0024182232045059896
6.5234375,Joy,False,False,False,False,False,True,False,False,0.1011564151130838,0.007049721674740858,0.03721880277847304,0.00035037057559179766,0.0025887491054251855,0.7478325856207135,0.10121420321946357,0.0025891519125081247
6.5625,Disgust,False,False,True,False,False,False,False,False,0.2383196908074694,0.0003036304483933603,0.6479094859227466,0.0008252556140920143,0.002242897155026789,0.0876945654724389,0.016606035641139646,0.006098438938693197
6.6015625,Joy,False,False,False,False,False,True,False,False,0.1709852498889356,0.011989395222169755,0.1711935414839603,0.004383138283798868,0.004382289246130782,0.4654669417588899,0.17100651816412227,0.0005929259519924545
6.640625,Sadness,False,False,False,False,False,False,True,False,0.0699897421732339,0.01335652953402531,0.19177426327574512,0.0018061258797363521,0.004908800600413676,0.19178223196209843,0.5214689573341222,0.004913349240625003
6.6796875,Disgust,False,False,True,False,False,False,False,False,0.003713238912974516,0.010065947045349844,0.3930228015175427,0.0013609096300568246,0.0013604799307695948,0.14456646514551047,0.39278492639366375,0.053125231424132315
6.71875,Disgust,False,False,True,False,False,False,False,False,0.05809305085920112,0.05799312615000061,0.42938930667981784,0.4295112835413355,0.0014868203064792777,0.011044723026693053,0.010994313016145582,0.00148737642032719
6.7578125,Joy,False,False,False,False,False,True,False,False,0.013338867510664138,0.0018056497192511566,0.0705149222877727,0.1916738668047675,0.004905785777171979,0.5212174079897537,0.004908509188983127,0.1916349907216357
6.796875,Fear,False,False,False,True,False,False,False,False,0.03562854661251991,0.0017750333749405403,0.18799824212788607,0.5111524730969585,0.001769873168920569,0.004818319272902359,0.06910717778246492,0.18775033456340706
