time_sec,pred_label,Amusement,Anger,Disgust,Fear,Inspiration,Joy,Sadness,Tenderness,prob_Amusement,prob_Anger,prob_Disgust,prob_Fear,prob_Inspiration,prob_Joy,prob_Sadness,prob_Tenderness
0.0390625,Joy,False,False,False,False,False,True,False,False,0.03903341822418436,0.054552336082239514,0.00036717346869281854,0.007382279959461818,0.10611558658325644,0.7841732729821289,0.0009981074553030362,0.007377825244733166
0.078125,Inspiration,False,False,False,False,True,False,False,False,0.03312210393159668,0.006277748438943278,0.0008484711327897155,0.2451921071518182,0.6665114245777055,0.046351289813121255,0.0008484029041685691,0.0008484520498567675
0.1171875,Amusement,True,False,False,False,False,False,False,False,0.45717782919068006,0.0005822701609814833,0.16811025891344092,0.16773660666830234,0.001582548501016445,0.1679932547458153,0.032513528790302004,0.00430370302946138
0.15625,Disgust,False,False,True,False,False,False,False,False,0.055662999508284315,0.05410180702341843,0.4108393483657849,0.010537731456905142,0.05545241951172969,0.41145651613228224,0.0005244613400071578,0.001424716661588137
0.1953125,Fear,False,False,False,True,False,False,False,False,0.002378561878035312,0.006480418866751385,0.2518905331718166,0.6849315911061917,0.033987941758065396,0.0023733328452849103,0.017636616129335675,0.0003210042445190816
0.234375,Disgust,False,False,True,False,False,False,False,False,0.10353565055595813,0.0009759021820717566,0.7654628687223727,0.10352395288048905,0.013990268614014378,0.007207972792546123,0.002652613185173455,0.002650771067374452
0.2734375,Disgust,False,False,True,False,False,False,False,False,0.21621279514916733,0.015079865154207795,0.5877276835347669,0.005580942598926026,0.0788160195942036,0.07944521258011966,0.015101213446197786,0.0020362679424108924
0.3125,Amusement,True,False,False,False,False,False,False,False,0.4129774730506367,0.0014324817068286665,0.41334354119133127,0.05515463449855503,0.055835784453822514,0.0038920664685281356,0.05593125993238195,0.0014327586979158045
0.3515625,Inspiration,False,False,False,False,True,False,False,False,0.0029164116981689834,0.002911292452395638,0.11362263735017135,0.007948314718796524,0.8401731100734567,0.00291057709912442,0.007929002256728969,0.021588654351157418
0.390625,Disgust,False,False,True,False,False,False,False,False,0.045660172774147016,0.025093244242053465,0.3394937675080301,0.1777732559784087,0.045977370191593765,0.33912369683347116,0.003203834060184274,0.02367465841211145
0.4296875,Amusement,True,False,False,False,False,False,False,False,0.3256435991936469,0.0004153325302663719,0.3254443730450031,0.00834138246251124,0.3256418374688968,0.0030680303203052747,0.008375719612318555,0.0030697253670517607
0.46875,Inspiration,False,False,False,False,True,False,False,False,0.039076860310683095,0.0003686857763958977,0.039081497430031295,0.0074039674793416055,0.7865319473079481,0.0010019313909268347,0.10634460860934919,0.020190501695324027
0.5078125,Inspiration,False,False,False,False,True,False,False,False,0.0023735463434238825,0.0003211271535443411,0.0064527438503317915,0.002372915721282453,0.6851116808334198,0.03396261371437318,0.017555127191858942,0.2518502451917655
0.546875,Inspiration,False,False,False,False,True,False,False,False,0.09958112189981938,0.002553840924556903,0.0009382514438469638,0.0003450330213428166,0.7362303319366087,0.05392367030966244,0.006937898405916547,0.0994898520582463
0.5859375,Inspiration,False,False,False,False,True,False,False,False,0.01952466375898368,0.0003574247902551779,0.007173932603685925,0.002640112996634716,0.7617773357221669,0.10284704343066634,0.002639189403770881,0.1030402972938365
0.625,Inspiration,False,False,False,False,True,False,False,False,0.10112563706532011,0.002594409947313076,0.000954318094236283,0.00095392990584983,0.7489416302555372,0.037168449851211934,0.007056299484062317,0.10120532539646944
0.6640625,Inspiration,False,False,False,False,True,False,False,False,0.23520251358071806,0.0022195093319320753,0.0022153746920195116,0.00029966414491542953,0.6395887139336971,0.031813645002543016,0.0022150551334322423,0.08644552418074249
0.703125,Inspiration,False,False,False,False,True,False,False,False,0.2556640595123702,0.010545083064976247,0.0008852405919045834,0.0008852039276378257,0.6948824803398921,0.012713651197508365,0.0178229750837722,0.00660130628193863
0.7421875,Inspiration,False,False,False,False,True,False,False,False,0.014960984760603098,0.007824711256245714,0.0003846395488803795,0.0028423549053805757,0.8207749219455593,0.11107096923978271,0.021059483391629136,0.02108193495191909
0.78125,Anger,False,True,False,False,False,False,False,False,0.1681953105445093,0.45691019822536394,0.004305381599111737,0.0005825305093088316,0.1682259977856427,0.168256536421727,0.0015839620373227503,0.031940082877013776
0.8203125,Amusement,True,False,False,False,False,False,False,False,0.22160223922653685,0.22156758521522096,0.0020879368866907715,0.0007679196859640447,0.22156925008049103,0.02999507886181853,0.2216433196463421,0.08076667039693568
0.859375,Anger,False,True,False,False,False,False,False,False,0.052274547148932926,0.3865740377435089,0.0004925738319479455,0.003640011779238373,0.02722564554382614,0.3866279669882691,0.14182589396695466,0.00133932299732193
0.8984375,Inspiration,False,False,False,False,True,False,False,False,0.008375953013292367,0.04329073218053283,0.003015893743308123,0.0011092644411123786,0.8703280622037329,0.043328130818988446,0.008198553410282907,0.022353410188750034
0.9375,Anger,False,True,False,False,False,False,False,False,0.057993439951238436,0.4288469701479785,0.05784003093025206,0.0005466174979523691,0.42863765748159083,0.011042319793335418,0.00407462425929189,0.011018339938360622
0.9765625,Anger,False,True,False,False,False,False,False,False,0.14295552554684454,0.38894222308550214,0.003663693451342924,0.0004954977776543693,0.01901729410661007,0.052432668035781026,0.3888308978852414,0.003662200111023505
1.015625,Inspiration,False,False,False,False,True,False,False,False,0.19092902742559495,0.19087437442895472,0.00179924382927097,0.07004548980436055,0.518866001951349,0.013290803828323162,0.004890117279355067,0.009304941452791593
1.0546875,Anger,False,True,False,False,False,False,False,False,0.14375830115599508,0.39071904326429874,0.000498179608519438,0.010024599152873903,0.39091103649723696,0.001353830216370835,0.05271273568472846,0.010022274419976624
1.09375,Sadness,False,False,False,False,False,False,True,False,0.10128230564306392,0.101283864699088,0.00259612051354557,0.0009547559661679167,0.03713519629001986,0.00706869488646312,0.7487245906508337,0.0009544713508178118
1.1328125,Anger,False,True,False,False,False,False,False,False,0.0130312065184234,0.5077984176502888,0.03535463550095532,0.1865613143945256,0.0017599155820302696,0.1869147545377482,0.0679322979020416,0.0006474579139868075
1.171875,Amusement,True,False,False,False,False,False,False,False,0.23812085684894557,0.23976573952167693,0.018059947876732926,0.2400388048787164,0.24012909540390806,0.01690352196945729,0.0061502000147420095,0.0008318334858207127
1.2109375,Anger,False,True,False,False,False,False,False,False,0.032394456479553434,0.35720099782743886,0.13138273721253327,0.35699186796244,0.06812923769887894,0.025600252261560215,0.0033717572509201262,0.024928693306675246
1.25,Amusement,True,False,False,False,False,False,False,False,0.5931507283334032,0.11301993421268859,0.015193268971852462,0.015253847794971435,0.015180412783304814,0.21825549924848797,0.029190540834807818,0.000755767820483677
1.2890625,Anger,False,True,False,False,False,False,False,False,0.10497089925986103,0.2855358899689246,0.10511543142848766,0.28588397080160793,0.007343496223530354,0.10517277844649459,0.10498615887728384,0.0009913749938100119
1.328125,Amusement,True,False,False,False,False,False,False,False,0.3770289772166857,0.0035551096089413508,0.13871584726941227,0.37698085301560613,0.05097061456840519,0.05096186069153004,0.00048060307385355177,0.0013061345555658531
1.3671875,Fear,False,False,False,True,False,False,False,False,0.03722109078460866,0.10092492283860482,0.10120227574714002,0.7479623063433527,0.0025905390854529128,0.0026397216119629706,0.007108589784471297,0.00035055380440661475
1.40625,Disgust,False,False,True,False,False,False,False,False,0.06679657583224718,0.004657834473384785,0.49370786490138835,0.0667338926393354,0.004649294214327026,0.18165910650605868,0.18116628535808857,0.0006291460751700379
1.4453125,Disgust,False,False,True,False,False,False,False,False,0.039572195620987946,0.0074976865491602025,0.7952611409095267,0.039546982249313196,0.007508477696895384,0.002756856466461041,0.10748393323415542,0.00037272727350007306
1.484375,Disgust,False,False,True,False,False,False,False,False,0.10316415347464655,0.0009732295753486131,0.7623501161279187,0.10315572055866612,0.002642444049597539,0.01954377524916337,0.007199338473039716,0.0009712224916194108
1.5234375,Amusement,True,False,False,False,False,False,False,False,0.3929715472465235,0.001362803219518176,0.3929180671636843,0.05314162061476582,0.003703017701273284,0.14445529820172798,0.01008640230200243,0.0013612435505043247
1.5625,Disgust,False,False,True,False,False,False,False,False,0.014723315586216028,0.007583131940720651,0.8049654167797624,0.03999833979973024,0.020649201416432644,0.0027873266569814125,0.10891601987772943,0.0003772479424271505
1.6015625,Amusement,True,False,False,False,False,False,False,False,0.3907110625235284,0.010089246223220018,0.39082949101070436,0.0528007556370492,0.1437084985282671,0.0013534342122427986,0.01000966418261001,0.0004978476823780527
1.640625,Amusement,True,False,False,False,False,False,False,False,0.44087310480112124,0.011330322213737714,0.05970692432372589,0.011314013131493897,0.44130505711972845,0.030752387975036377,0.0005624797814393756,0.004155710653717087
1.6796875,Amusement,True,False,False,False,False,False,False,False,0.7983612470899492,0.0010183363847546306,0.10811144037678949,0.007541343679271849,0.039670627639508876,0.002766658718853554,0.039760654365457365,0.0027696917454150625
1.71875,Inspiration,False,False,False,False,True,False,False,False,0.07747302151745573,0.014687122000670438,0.2108747413583488,0.0053977538889772615,0.5733794944551326,0.000730262741262616,0.07754489692914249,0.039912707109010105
1.7578125,Inspiration,False,False,False,False,True,False,False,False,0.017886509813131682,0.0008855096585919617,0.017804359654050732,0.006549891699223598,0.6947057206099362,0.006540740726572623,0.0003256050810170358,0.2553016627574764
1.796875,Inspiration,False,False,False,False,True,False,False,False,0.11186984327264075,0.00038768245758621635,0.021232727223733566,0.0077862311814654705,0.8268835970575201,0.021174826357988612,0.0028665816880616814,0.0077985107610034875
1.8359375,Inspiration,False,False,False,False,True,False,False,False,0.11105936533842424,0.00038474355205604633,0.007747898345711022,0.0028429371437554835,0.8209999949871193,0.021026443218231754,0.014898183447545333,0.021040433967156658
1.875,Inspiration,False,False,False,False,True,False,False,False,0.016627378711119193,0.00030382171137481557,0.006103445918433149,0.0008256391863018176,0.6481032571062024,0.08749654865732585,0.0022444484535915094,0.2382954602556514
1.9140625,Inspiration,False,False,False,False,True,False,False,False,0.031848052699412766,0.0022191992743838284,0.0022163379132947394,0.0002999235803422077,0.6401207779322096,0.08619188012545248,0.0022166788460947387,0.2348871496288095
1.953125,Amusement,True,False,False,False,False,False,False,False,0.6401429579641933,0.0022186074627175015,0.0008153839425021716,0.0008153710235810394,0.235435902294118,0.08657230715710396,0.031782378921358975,0.0022170912344249153
1.9921875,Inspiration,False,False,False,False,True,False,False,False,0.03706102833949466,0.0025948213141626865,0.0009539575035222953,0.0009538732171185852,0.7489373860480436,0.10133085153265708,0.007053270024118347,0.10111481202088263
2.03125,Amusement,True,False,False,False,False,False,False,False,0.44525041293416456,0.163156279186802,0.004192143125626427,0.0005671003513630823,0.16380356284355382,0.060237343549100125,0.001541763916406543,0.16125139409298347
2.0703125,Amusement,True,False,False,False,False,False,False,False,0.5052580020808007,0.18571325364554792,0.0017499207422722793,0.0006435820848364842,0.1858480576518392,0.012973057042008773,0.03963515009004412,0.06817897666265049
2.109375,Anger,False,True,False,False,False,False,False,False,0.05708686396192315,0.423570726774966,0.0005401423653663322,0.003991521239092152,0.4238839332513582,0.05737572979048673,0.029553847159980683,0.003997235456826602
2.1484375,Anger,False,True,False,False,False,False,False,False,0.058369954462088036,0.43110620243334447,0.004063094147103764,0.004061310192140534,0.43147643135814046,0.05838152902704221,0.0014946983854365631,0.01104677999470401
2.1875,Sadness,False,False,False,False,False,False,True,False,0.011734627176034998,0.08748307818730972,0.002239574103906024,0.00030302471765718573,0.23782017603098568,0.011824311038450705,0.6463518666697897,0.002243342075866005
2.2265625,Anger,False,True,False,False,False,False,False,False,0.020522993552335056,0.7901339589143185,0.002737436491060342,0.0010070084785174238,0.039222576785818836,0.03851581028525891,0.10685310981818603,0.0010071056745049928
2.265625,Inspiration,False,False,False,False,True,False,False,False,0.19716725278789005,0.19732378207461293,0.00185952458924494,0.037450724796804565,0.5366590899777637,0.0018597482458347077,0.013752481415082536,0.013927396112766681
2.3046875,Amusement,True,False,False,False,False,False,False,False,0.38634539855580874,0.142017234865627,0.003641831483881812,0.0013390961446664627,0.3863708888736853,0.0004923485070764812,0.052231554649839584,0.027561646919414484
2.34375,Amusement,True,False,False,False,False,False,False,False,0.4446892689222508,0.16336759773905862,0.00154047652797996,0.0015400875943835902,0.16361025647606886,0.1635580104797207,0.06015396515650157,0.0015403371040358773
2.3828125,Tenderness,False,False,False,False,False,False,False,True,0.011735580360985659,0.16843447096215783,0.0015868833118514532,0.02271890620225294,0.16850291694324002,0.1684566623424454,0.0005837108741286024,0.457980869002938
2.421875,Amusement,True,False,False,False,False,False,False,False,0.404928071192649,0.1486789789920219,0.0014031153316032472,0.003824143890928557,0.40509076476865524,0.028445329542339116,0.003815369505666454,0.0038142267761364424
2.4609375,Sadness,False,False,False,False,False,False,True,False,0.10159286077644614,0.10151674424105812,0.000959396546100179,0.002606987504915864,0.036590390669486564,0.0026070664184122887,0.7515213361337032,0.0026052177098776323
2.5,Anger,False,True,False,False,False,False,False,False,0.10102061822504664,0.2737604138333208,0.0009515768684926399,0.2713745006549817,0.05199582372430217,0.27469348354912865,0.01916845784202645,0.007035125302700971
2.5390625,Anger,False,True,False,False,False,False,False,False,0.1332654106777602,0.36189555364802867,0.003410711678542681,0.13323158861183196,0.362275067423077,0.0012546173286454487,0.0012552287756233023,0.0034118218564905796
2.578125,Amusement,True,False,False,False,False,False,False,False,0.6779342075873538,0.017456596050291377,0.0008642903924461734,0.24934851102518343,0.033738150794046295,0.017990498014360336,0.0023500135403930356,0.00031773259592548787
2.6171875,Fear,False,False,False,True,False,False,False,False,0.21964196183767357,0.04174737231138156,0.02946015144852373,0.5969657754984402,0.015286124474449174,0.08080235362436412,0.015335345876758541,0.0007609149284091209
2.65625,Fear,False,False,False,True,False,False,False,False,0.0413733832401718,0.11168231890737308,0.11261050908053666,0.3064822724024866,0.007852306647499299,0.11277156483494503,0.30433897359170325,0.0028886712952841676
2.6953125,Amusement,True,False,False,False,False,False,False,False,0.6451927202467475,0.006081931555043349,0.08709454088905634,0.23700926224297986,0.011696159110654155,0.011801211397462832,0.00030240803295811654,0.0008217665250978838
2.734375,Amusement,True,False,False,False,False,False,False,False,0.7991158189466422,0.0010209210833779859,0.03975609302183605,0.10814589435248927,0.002769015457252357,0.038876701873556865,0.007547358236364695,0.0027681970284804585
2.7734375,Amusement,True,False,False,False,False,False,False,False,0.38891145538022276,0.0037018481566421175,0.14275407445983765,0.05244041183562342,0.0036619079635724352,0.3889107509324347,0.019123964110783955,0.0004955871608829702
2.8125,Disgust,False,False,True,False,False,False,False,False,0.03957166264185685,0.007497530701814576,0.795213323963081,0.039500893351746405,0.007530303164064625,0.002755979406214798,0.10755754055591665,0.0003727662153051775
2.8515625,Fear,False,False,False,True,False,False,False,False,0.033900614290437205,0.0008695893112974279,0.2506698401953256,0.681409945810586,0.0124459428106364,0.017473827922933793,0.000869526219437252,0.0023607134393466003
2.890625,Disgust,False,False,True,False,False,False,False,False,0.10768861224986716,0.0010166228466401276,0.7969009485986863,0.014581386480563957,0.039542918532704696,0.031739728217075484,0.007514350265732297,0.001015432808729925
2.9296875,Amusement,True,False,False,False,False,False,False,False,0.681203824868419,0.0008685747777837046,0.2507318905831443,0.01244333954156776,0.017602092871298818,0.0023601196532835964,0.03392175498233347,0.0008684027221694977
2.96875,Inspiration,False,False,False,False,True,False,False,False,0.02514586552302739,0.0051339218848199045,0.2004062903158573,0.013964604283140029,0.544835700080203,0.005128707757026891,0.20025298659288893,0.005131923563036433
3.0078125,Inspiration,False,False,False,False,True,False,False,False,0.08953253254867624,0.006244559001959738,0.0885631171184641,0.08796409198411195,0.6621539128335144,0.016954601614642673,0.002294368502655463,0.04629281639597548
3.046875,Amusement,True,False,False,False,False,False,False,False,0.6742198359342965,0.0003161115666847651,0.24796291696823256,0.006363556062356026,0.033567508169742494,0.0023359076081478324,0.0328971140762365,0.0023370496143034322
3.0859375,Inspiration,False,False,False,False,True,False,False,False,0.10373620683181581,0.0003597136349027044,0.10378700137232079,0.007225245745847322,0.7675601604066125,0.0026587724238080943,0.007433107801141739,0.007239791783551022
3.125,Inspiration,False,False,False,False,True,False,False,False,0.017342795686432263,0.0008628331255375497,0.006380018808270793,0.002345194279073621,0.67681925114711,0.04712672927798797,0.00031729018382973986,0.24880588749175808
3.1640625,Inspiration,False,False,False,False,True,False,False,False,0.2596260904300131,0.0024507181147302615,0.002445590737549034,0.0024441555660096466,0.7058120651048716,0.006648632393515593,0.002445133428331479,0.018127614224979292
3.203125,Inspiration,False,False,False,False,True,False,False,False,0.25644995849621854,0.0003267512526541226,0.0024159550721752497,0.006562613966991256,0.6972656106890052,0.006569209772497032,0.012480119793173408,0.01792978095728523
3.2421875,Inspiration,False,False,False,False,True,False,False,False,0.10447795251014654,0.0026750370285669855,0.0009842874550762704,0.0009836515372616548,0.772408152208624,0.03838813320606488,0.00727476834229757,0.07280801771196199
3.28125,Inspiration,False,False,False,False,True,False,False,False,0.23521752815340594,0.0022182043846996724,0.0022150379219643603,0.00029964482565388327,0.6395910715440618,0.031787915132174105,0.0022144990471051657,0.0864560989909351
3.3203125,Amusement,True,False,False,False,False,False,False,False,0.4415801997876986,0.05906656682835559,0.0015292972212433446,0.0015292538347742679,0.441563262949012,0.011358384548204406,0.032044432997404795,0.011328601833306917
3.359375,Inspiration,False,False,False,False,True,False,False,False,0.2519703035263476,0.0023773491613917085,0.0008735210819524945,0.0008733798855435283,0.6857195131379749,0.03410676413576765,0.01762203860738202,0.006457130463640217
3.3984375,Anger,False,True,False,False,False,False,False,False,0.171559681731061,0.4656872532955936,0.004390324395966331,0.0016148484606376778,0.1715881832137947,0.17158883350051454,0.0016154844227948616,0.011955390979637276
3.4375,Amusement,True,False,False,False,False,False,False,False,0.37567797454336627,0.0508365474352581,0.0013021808928231052,0.0004789767531736922,0.13824826441505214,0.006882931034454774,0.3758853040523264,0.05068782087354553
3.4765625,Anger,False,True,False,False,False,False,False,False,0.03844410302071866,0.7743031789178213,0.0003630058747275814,0.0026837082326245606,0.038405323567009764,0.1047562953572542,0.03835878259706602,0.002685602432777895
3.515625,Inspiration,False,False,False,False,True,False,False,False,0.037198758146766334,0.10120927057366555,0.0009539279724468062,0.0025933029060226233,0.7487441775509539,0.10128358631743152,0.0009540101042766533,0.007062966428436672
3.5546875,Amusement,True,False,False,False,False,False,False,False,0.22465671291819755,0.22484317562057912,0.015680121773929735,0.0007792020170117787,0.2243592122861277,0.0021189961353197872,0.22490673024945215,0.08265584899938207
3.59375,Anger,False,True,False,False,False,False,False,False,0.16349238531085675,0.44494945806270564,0.0015414371111722987,0.0015408205670497336,0.06004060223950636,0.16370045145315576,0.16319404664798978,0.0015407986075637015
3.6328125,Inspiration,False,False,False,False,True,False,False,False,0.04211083064095766,0.22091729159204404,0.0020812403941944174,0.041834125888166714,0.6004486648412675,0.08127916867978971,0.005664543569044541,0.0056641343945353605
3.671875,Inspiration,False,False,False,False,True,False,False,False,0.004707815158848918,0.25828017632619665,0.006620597184645183,0.006667053340051679,0.7023376010974037,0.0008953876897080874,0.0180566836918544,0.0024346855112913224
3.7109375,Sadness,False,False,False,False,False,False,True,False,0.03925623964500684,0.10671003647107027,0.0027369149858286414,0.0010067245363611715,0.039222343800120844,0.02024217353159171,0.7898184985593162,0.0010070684707044356
3.75,Anger,False,True,False,False,False,False,False,False,0.17110472545666677,0.4653132482289315,0.0005931448000929477,0.17118431600779166,0.00439032495295143,0.17108316952136213,0.011932389438298076,0.00439868159390535
3.7890625,Amusement,True,False,False,False,False,False,False,False,0.39239560337029217,0.0530201588514312,0.003694426134972502,0.14426736240622792,0.39237241516750676,0.0004998519200717289,0.0100549127728043,0.003695269376693344
3.828125,Amusement,True,False,False,False,False,False,False,False,0.49156125051248245,0.06630417242042885,0.00170234474209794,0.0664234288193095,0.18078467849950244,0.012587143505047567,0.18001069131393005,0.000626290187201146
3.8671875,Amusement,True,False,False,False,False,False,False,False,0.5511659600227773,0.005204568141529429,0.005190711027681409,0.20219234771014855,0.005188671212575399,0.20273652045970147,0.014206492369528295,0.014114729056058121
3.90625,Fear,False,False,False,True,False,False,False,False,0.25217137486216845,0.034052837196951555,0.006462524579518946,0.6855080084501468,0.017680333244369094,0.00237750435760545,0.0008740018117366626,0.0008734154975028781
3.9453125,Amusement,True,False,False,False,False,False,False,False,0.6903823358483883,0.0065143189633637905,0.017843799637395706,0.25381522675183354,0.012477434304137763,0.01776371855673405,0.0003237798385941709,0.000879386099552729
3.984375,Amusement,True,False,False,False,False,False,False,False,0.3926952143584977,0.010176772737705298,0.05310007355074833,0.39269460669435197,0.0036980702408961853,0.0037097344026140143,0.1434252673162825,0.0005002606989039767
4.0234375,Sadness,False,False,False,False,False,False,True,False,0.036175605334688186,0.0009276279104595647,0.09839384743524629,0.09834405040640451,0.002518271387965901,0.036167515258649925,0.7271323489804546,0.0003407332861308271
4.0625,Disgust,False,False,True,False,False,False,False,False,0.03931490476843913,0.0010071787800387628,0.790798650058694,0.014458127569977991,0.03929797065265932,0.007451288676476311,0.10666487882760244,0.001007000666111985
4.1015625,Disgust,False,False,True,False,False,False,False,False,0.1094940845621879,0.0028021111399222755,0.8092457446303893,0.04026883659966697,0.0028016676212278897,0.007820643794755134,0.0265365548114296,0.001030356840420819
4.140625,Amusement,True,False,False,False,False,False,False,False,0.36216354413860413,0.0012547046207962737,0.36216124389752624,0.13312547614862322,0.0034090548793323976,0.13322259633809772,0.003409581027573423,0.0012537989494465773
4.1796875,Disgust,False,False,True,False,False,False,False,False,0.19685432628639227,0.01370642546192877,0.5354453154064858,0.014046991866106844,0.03726053003793637,0.005039863755492191,0.1969646101385434,0.0006819370471142916
4.21875,Disgust,False,False,True,False,False,False,False,False,0.24661714225985554,0.0008548373837048047,0.6705463793582606,0.012161486128233598,0.03329591854433147,0.0023216509707255236,0.033348399443920734,0.0008541859109678186
4.2578125,Amusement,True,False,False,False,False,False,False,False,0.8008785865852838,0.002775629418266972,0.039799853002270916,0.03984116156304572,0.1083794886238065,0.0027743625333910777,0.0027753202663553292,0.0027755980075796324
4.296875,Amusement,True,False,False,False,False,False,False,False,0.6343658929771023,0.0002973418793872725,0.23336850335830478,0.01158589400970865,0.0315492618825426,0.0021968749104969653,0.08582772159787212,0.0008085093845852523
4.3359375,Inspiration,False,False,False,False,True,False,False,False,0.1987402154652981,0.005094516756399798,0.1988675250538832,0.013848594648203852,0.5409170738376018,0.001872699233306798,0.02680128474274078,0.013858090262565731
4.375,Inspiration,False,False,False,False,True,False,False,False,0.01751173327764502,0.0008710520656102525,0.033820051738348844,0.0064381437394313975,0.6834777870714528,0.006438329624399394,0.00032035958155890546,0.25112254290155345
4.4140625,Inspiration,False,False,False,False,True,False,False,False,0.03794844061084963,0.0003583196122574364,0.007205737346495067,0.0009732597047616188,0.7638488855547215,0.14488558806706295,0.007196385010126585,0.03758338409372518
4.453125,Inspiration,False,False,False,False,True,False,False,False,0.0178182240698273,0.0003257266412585949,0.01795154024899932,0.006540765369305806,0.6948535470482443,0.0008853767809154242,0.25507033453490213,0.00655448530654713
4.4921875,Inspiration,False,False,False,False,True,False,False,False,0.0367967554152097,0.0003509960498058342,0.007066382942734374,0.0025930526132266134,0.7490005779268236,0.10038024264747193,0.002596090817061217,0.10121590158766679
4.53125,Inspiration,False,False,False,False,True,False,False,False,0.01780417658766207,0.0065677314428007425,0.000885366520423634,0.00032554575124361224,0.6948843491097487,0.017862326857977544,0.0065520448620362505,0.25511845886810725
4.5703125,Inspiration,False,False,False,False,True,False,False,False,0.007219152681858272,0.002667819139283251,0.0026554726012539423,0.0009762876175691813,0.7663072734853558,0.10326827986224074,0.10314655021958896,0.013759164392849865
4.609375,Inspiration,False,False,False,False,True,False,False,False,0.022122896797473094,0.002995001552105191,0.002993213488318685,0.0011013421693005705,0.8641762486066491,0.04297779023881683,0.02256614731373673,0.0410673598335998
4.6484375,Inspiration,False,False,False,False,True,False,False,False,0.0024162721912865093,0.01854180410819085,0.0023981512890134623,0.00032438863926883584,0.6922586829379687,0.012672115805036226,0.017895491022152262,0.25349309400708314
4.6875,Anger,False,True,False,False,False,False,False,False,0.13322816444995622,0.3620369962350005,0.0012545007391594266,0.0012543483024407612,0.13323038139039536,0.0034244850846950935,0.36215946259856624,0.003411661199786332
4.7265625,Anger,False,True,False,False,False,False,False,False,0.0589943057569495,0.436356675066573,0.000556566393732213,0.004113109689763472,0.43658631683687854,0.02173303536749854,0.03046358309021218,0.011196407798392455
4.765625,Anger,False,True,False,False,False,False,False,False,0.19045015462694137,0.5170251177918469,0.013256630970450546,0.0006594794381185915,0.1904386126968996,0.07004003445859025,0.004876570047605095,0.013253399969547816
4.8046875,Anger,False,True,False,False,False,False,False,False,0.0767424969084026,0.5672383291523521,0.014542273090071955,0.0007228556782278852,0.07671638686807299,0.02818829890858549,0.20813202712860457,0.027717332265682453
4.84375,Anger,False,True,False,False,False,False,False,False,0.019371974439349116,0.38954098147368327,0.0013494929263573308,0.0036680922362954276,0.052693247695548256,0.3897061379277066,0.14232076252449197,0.001349310776568027
4.8828125,Inspiration,False,False,False,False,True,False,False,False,0.03835488397181939,0.11049270015253651,0.007696614575139877,0.007698509659682574,0.8169263675611385,0.014956008525433917,0.0010417130547667015,0.002833202499482583
4.921875,Anger,False,True,False,False,False,False,False,False,0.03722870047282894,0.7487199865906659,0.002594490742407696,0.0009543932955219224,0.10129545441872716,0.007058340631386939,0.10119435827995944,0.0009542755685021657
4.9609375,Amusement,True,False,False,False,False,False,False,False,0.2263323798906052,0.2268746369340934,0.005809878673243132,0.002136472544968326,0.08333460587339626,0.22664108426267293,0.22673389169781108,0.002137050123209605
5.0,Amusement,True,False,False,False,False,False,False,False,0.31685617048657105,0.11793886267662103,0.001112956271572212,0.043212046545312174,0.02246015100798966,0.11818129593592733,0.060851028021719294,0.31938748905428715
5.0390625,Inspiration,False,False,False,False,True,False,False,False,0.1712384406139391,0.1708705493721182,0.004384500101566371,0.1710836983040656,0.4655157098801723,0.00059308778257881,0.004388740421490509,0.011925273524069083
5.078125,Amusement,True,False,False,False,False,False,False,False,0.3215746358305705,0.02280566959196317,0.001113696921941657,0.008240845416791017,0.3214556559804327,0.003028275219199826,0.3213715376236845,0.0004096834154165952
5.1171875,Joy,False,False,False,False,False,True,False,False,0.22769332730587852,0.016104791192154435,0.0007889898434770027,0.04358933111935772,0.04331300550609959,0.6190854965022481,0.04359270144589612,0.005832357084888524
5.15625,Anger,False,True,False,False,False,False,False,False,0.05319547852472108,0.3926046467748216,0.003702668996875752,0.1446088381465503,0.3930904627611128,0.0013619868995903364,0.010073947514446001,0.0013619703818821363
5.1953125,Amusement,True,False,False,False,False,False,False,False,0.4096508431557645,0.010533932841891434,0.0038602933671031997,0.1505591719670248,0.40959145390758794,0.0038642841814320295,0.010520934872563066,0.0014190857066329133
5.234375,Amusement,True,False,False,False,False,False,False,False,0.7478987830212079,0.007068630105196182,0.002593566048717569,0.037179292758559766,0.002590637677129597,0.10118996152927749,0.10112860677712629,0.0003505220827852336
5.2734375,Fear,False,False,False,True,False,False,False,False,0.18960094803481126,0.0688242351865575,0.004883016469322524,0.5151198136434492,0.004853966255181118,0.025589507816976113,0.1893434752745625,0.0017850373191396155
5.3125,Amusement,True,False,False,False,False,False,False,False,0.6757049466394803,0.01732666977869125,0.03355345558345634,0.24849119993182842,0.012354129035556752,0.011392155534185872,0.0003167306176913221,0.0008607128791097245
5.3515625,Amusement,True,False,False,False,False,False,False,False,0.3988666561500927,0.027904797062196292,0.14670655597215482,0.3989161332921267,0.0037567232958923336,0.0037607596452974373,0.0195801109994802,0.0005082635827594992
5.390625,Disgust,False,False,True,False,False,False,False,False,0.104686253004261,0.002692361207952611,0.7742196119440677,0.03850632750579115,0.0026814727693701126,0.03851688847559529,0.038334252070254066,0.0003628330227079385
5.4296875,Disgust,False,False,True,False,False,False,False,False,0.01391049631891881,0.007192052324334923,0.7626154166175587,0.10284194123922714,0.007279935310972392,0.0026420883808994633,0.10316068319939065,0.00035738660869782214
5.46875,Disgust,False,False,True,False,False,False,False,False,0.03407065680422004,0.0008767462863288577,0.68644829052937,0.2522299564258482,0.012543109812345158,0.0064657954149133804,0.006490802316498566,0.0008746424104757256
5.5078125,Amusement,True,False,False,False,False,False,False,False,0.5874379414011701,0.002037998177202389,0.21600717572856973,0.07946604698016725,0.07941625975138936,0.015047865593138952,0.015054906832851041,0.005531805535511177
5.546875,Disgust,False,False,True,False,False,False,False,False,0.18056645260292853,0.0006257068816884132,0.49118358698894454,0.06642899873539529,0.06630912175751169,0.012567602725837108,0.18061755782398034,0.0017009724837140393
5.5859375,Amusement,True,False,False,False,False,False,False,False,0.5507939249641227,0.005187417234373505,0.2026439046285431,0.005190302572419227,0.2026797373504463,0.005185570151786459,0.014211348515635184,0.014107794582673548
5.625,Amusement,True,False,False,False,False,False,False,False,0.3931400607600313,0.0013621114773006032,0.1439647375196653,0.05315779787813353,0.39323610257521774,0.01006535477945163,0.0013617712905274085,0.003712063719672504
5.6640625,Amusement,True,False,False,False,False,False,False,False,0.6538213922662857,0.00030657913286141693,0.08840342615703768,0.006161597264201274,0.24059204493129083,0.0022649967968476313,0.006181853419218593,0.0022681100322569977
5.703125,Inspiration,False,False,False,False,True,False,False,False,0.03987418540909227,0.0003755238490524022,0.020907928029113756,0.007542075354051799,0.8013534405581199,0.001020634462030981,0.10836903590720764,0.020557176431331304
5.7421875,Inspiration,False,False,False,False,True,False,False,False,0.018459832101122405,0.0008877675592089162,0.0024133502342939847,0.0008877562317239493,0.6968392275770465,0.017867420678899047,0.006562030686911501,0.2560826149307936
5.78125,Inspiration,False,False,False,False,True,False,False,False,0.09980081468234693,0.00255839022709049,0.0009404564024642079,0.00034588373000732223,0.738147930099658,0.051715950612319,0.006956700473518023,0.09953387377259602
5.8203125,Inspiration,False,False,False,False,True,False,False,False,0.11197350192342298,0.0010552014211403797,0.0010548632393738366,0.007793450548778938,0.8278405803822247,0.0077964238227338015,0.021268479798106553,0.021217498864218778
5.859375,Inspiration,False,False,False,False,True,False,False,False,0.10121008493173764,0.0003509318941951402,0.0025930757641818808,0.002592523920177006,0.7488857997031013,0.03721869734656059,0.007054961164942324,0.10009392527510415
5.8984375,Inspiration,False,False,False,False,True,False,False,False,0.031802063936003176,0.0022184171440211287,0.0022147819130984153,0.00029969485491444813,0.6395968266476945,0.08644137697934841,0.002215744151747465,0.23521109437317253
5.9375,Amusement,True,False,False,False,False,False,False,False,0.7818259111819238,0.03881931472418274,0.0009960774913092467,0.0003664243347599536,0.10575184822318658,0.014309497375481695,0.020145347817503968,0.037785578851652075
5.9765625,Inspiration,False,False,False,False,True,False,False,False,0.007632904583766238,0.10759641571060402,0.00037363315207804553,0.0027609876165073507,0.7971647366323298,0.03968013323346842,0.037274891749863426,0.0075162973213826765
6.015625,Anger,False,True,False,False,False,False,False,False,0.18670462297863585,0.5070279758760525,0.012994649985473056,0.0006466312566932691,0.18673620785587408,0.06867301229151923,0.0017587029634434973,0.03545819679230858
6.0546875,Inspiration,False,False,False,False,True,False,False,False,0.02274269774907309,0.16855049196608726,0.004317401253543531,0.0005841499685436793,0.45841682889335794,0.16857151118366503,0.16859782631667955,0.008219092669049896
6.09375,Anger,False,True,False,False,False,False,False,False,0.16329465399817955,0.44393250788129346,0.0005657792057713188,0.00418096152555732,0.06003771524450342,0.16338658248594973,0.16306356247802276,0.0015382371807225637
6.1328125,Inspiration,False,False,False,False,True,False,False,False,0.01489175010511908,0.11020751743015982,0.007689425183487393,0.0010386282231676547,0.8151024189451892,0.04055461445115394,0.002823983975626895,0.007691661686095951
6.171875,Anger,False,True,False,False,False,False,False,False,0.053055178631521704,0.39228150544775786,0.0037023081758702173,0.00049997585426718,0.1442106254945821,0.003697920794165374,0.3922550810501023,0.010297404551733207
6.2109375,Anger,False,True,False,False,False,False,False,False,0.17042817383646744,0.4667287894991201,0.0016171379483972631,0.0016166796573416835,0.011964801785940934,0.1716572587239548,0.17159264045239284,0.004394518096384997
6.25,Inspiration,False,False,False,False,True,False,False,False,0.15051406087129787,0.1508226297769204,0.003863956831281347,0.028685810900709548,0.4089123827747576,0.15086489040235262,0.07772054132009325,0.028615727122587382
6.2890625,Inspiration,False,False,False,False,True,False,False,False,0.08850143889686378,0.24129376853143028,0.00083702739846475,0.002281340458861858,0.6563524494755937,0.006183320328815313,0.0022762923545782262,0.0022743625553921735
6.328125,Sadness,False,False,False,False,False,False,True,False,0.03962545812369057,0.10769470330445488,0.007518443593715724,0.0010157764744883814,0.03954193042915874,0.00751099092600397,0.7960774628763557,0.0010152342721319004
6.3671875,Fear,False,False,False,True,False,False,False,False,0.09585490005174013,0.09638126237713189,0.0009092754866082941,0.2619700545101524,0.018273630092522343,0.26253976295974435,0.25734016803599874,0.006730946486101916
6.40625,Anger,False,True,False,False,False,False,False,False,0.13321801798293806,0.3620167439105492,0.0034189285793592913,0.3622562005389098,0.13316368546976773,0.0034136260767464355,0.0012562098773480283,0.001256587564381439
6.4453125,Anger,False,True,False,False,False,False,False,False,0.05834142786690205,0.43096638106479734,0.004088463149129477,0.4315582063293882,0.058411338307710337,0.011063608480813707,0.0014996704980145537,0.004070904303244389
6.484375,Joy,False,False,False,False,False,True,False,False,0.21885111318128023,0.04161476343343673,0.015238300579393304,0.08004489625706293,0.005600877283679866,0.5950437730080326,0.042848214410873796,0.0007580618462406259
6.5234375,Fear,False,False,False,True,False,False,False,False,0.03931564821228888,0.007611435165997058,0.0027679155669297,0.7901298055501421,0.014005520245287001,0.03916854635597859,0.10663072722669607,0.00037040167668071273
6.5625,Amusement,True,False,False,False,False,False,False,False,0.6379667869661108,0.002211835719139397,0.03174559658733883,0.23467972164808526,0.08626545337873909,0.006018772508564745,0.00029908255049002823,0.0008127506415318336
6.6015625,Fear,False,False,False,True,False,False,False,False,0.05581974304170648,0.05557714715563268,0.055665470847082045,0.4125494297013684,0.0038870090917684235,0.0038904332998065147,0.41208505425117026,0.0005257126114652507
6.640625,Amusement,True,False,False,False,False,False,False,False,0.32074735612816996,0.003026387738139965,0.3201703804195268,0.01594583350606542,0.003020649870450575,0.3207600422785747,0.01592064253523908,0.00040870752383369323
6.6796875,Disgust,False,False,True,False,False,False,False,False,0.10123431242648183,0.0025958859726654356,0.7479500491855148,0.037168248198799554,0.00706230049763375,0.0025951220741215553,0.10104341471011716,0.00035066693466587965
6.71875,Amusement,True,False,False,False,False,False,False,False,0.32354924631047877,0.0011232849997800123,0.3233724757081306,0.32346060448728764,0.0030487416707820204,0.008293057829560793,0.0160319124331763,0.001120676560803852
6.7578125,Amusement,True,False,False,False,False,False,False,False,0.46779074388014824,0.0016226209205185268,0.1720938989328332,0.17203611493724755,0.01200619056376799,0.16841731500372625,0.004412789974809661,0.0016203257869486403
