time_sec,pred_label,Amusement,Anger,Disgust,Fear,Inspiration,Joy,Sadness,Tenderness,prob_Amusement,prob_Anger,prob_Disgust,prob_Fear,prob_Inspiration,prob_Joy,prob_Sadness,prob_Tenderness
0.0390625,Fear,False,False,False,True,False,False,False,False,0.010725383063165757,0.001451548941586256,0.08079424552715887,0.41949629821670575,0.056766500873518824,0.4195050002713395,0.010727090366218089,0.0005339327403069028
0.078125,Inspiration,False,False,False,False,True,False,False,False,0.020504994941892656,0.00037547855232164106,0.007617931744349593,0.10851886522200375,0.8018773927622543,0.0010206176016628456,0.02051544075644466,0.03956927841907056
0.1171875,Inspiration,False,False,False,False,True,False,False,False,0.0015396679818756374,0.163586742439618,0.16354096139521396,0.001539965832548074,0.44470266114232637,0.16339967292831123,0.0015396694698410255,0.06015065881026575
0.15625,Tenderness,False,False,False,False,False,False,False,True,0.19693105017507265,0.196899230245464,0.0006821326038765992,0.005060472659415729,0.013708691158742743,0.037323567611493386,0.013832863073259274,0.5355619924726757
0.1953125,Inspiration,False,False,False,False,True,False,False,False,0.07835432526368563,0.2129790442664478,0.014877910127773415,0.0020051570250581917,0.579165845396607,0.02883887719487989,0.005451372388288113,0.07832746833726012
0.234375,Amusement,True,False,False,False,False,False,False,False,0.8152403492642327,0.007674040408538038,0.040581808499526965,0.001037808226842946,0.014893460341005572,0.11007648204967743,0.007674009484660344,0.0028220417255158917
0.2734375,Joy,False,False,False,False,False,True,False,False,0.0299679136118317,0.04190512746887354,0.08135488039258447,0.002083342949319368,0.22146931940556794,0.6021427191202949,0.015396661344532289,0.00568003570699587
0.3125,Disgust,False,False,True,False,False,False,False,False,0.15131820814317037,0.003870812433283224,0.41134883536272276,0.0038685744022473596,0.010517087024320719,0.4113374719046604,0.0038688927400798933,0.0038701179895151323
0.3515625,Amusement,True,False,False,False,False,False,False,False,0.431331348231487,0.0014925715430011677,0.43134219391347234,0.004056753844411221,0.058357387181928934,0.011028975603334143,0.004056741083480261,0.058334028598884986
0.390625,Amusement,True,False,False,False,False,False,False,False,0.4332082311619927,0.004076342639727653,0.4332375141502745,0.004074515119003756,0.05863046364004367,0.058623498373571246,0.004074580856722224,0.0040748540586640816
0.4296875,Disgust,False,False,True,False,False,False,False,False,0.08336959724243377,0.01576218996228246,0.6162080891458075,0.005795188926133453,0.030671862562613908,0.2266407619489254,0.005795474887058407,0.015756835324745262
0.46875,Disgust,False,False,True,False,False,False,False,False,0.21738225275574674,0.005558173404773448,0.5909692546268469,0.015108367225336782,0.07991507928722022,0.005558242187405587,0.0055577569734714515,0.07995087353919884
0.5078125,Amusement,True,False,False,False,False,False,False,False,0.5478200905273342,0.01400860372505136,0.20155825312019965,0.014007580186720861,0.20154628693004686,0.005153277526727593,0.0018955930594735265,0.014010314924446024
0.546875,Disgust,False,False,True,False,False,False,False,False,0.07372613337146072,0.00995539914305214,0.3893580341763978,0.02706468792728586,0.38931560469019755,0.07356508460895622,0.009954246126065233,0.027060809956584272
0.5859375,Disgust,False,False,True,False,False,False,False,False,0.09323964019829248,0.006496376058913366,0.6907246147640415,0.01766159468242918,0.09345733842765318,0.048005559590593695,0.0023898385414871234,0.04802503773658957
0.625,Inspiration,False,False,False,False,True,False,False,False,0.19167192421067983,0.013326075750769299,0.19174038488400544,0.07052309132991748,0.5211314964663273,0.004901775501042747,0.004901859991540403,0.0018033918657176335
0.6640625,Amusement,True,False,False,False,False,False,False,False,0.28222704536935866,0.019628291990756955,0.28239685291013056,0.10387046943384647,0.2823738737166734,0.019627096903731284,0.007220118048262865,0.0026562516272397637
0.703125,Disgust,False,False,True,False,False,False,False,False,0.054522956721959386,0.0027140334721797886,0.28852776770644367,0.2884627617734631,0.28847401922326127,0.05452411033298341,0.0027144302016046005,0.02005992056810484
0.7421875,Fear,False,False,False,True,False,False,False,False,0.002842922981064627,0.0010452196067944205,0.11111144983080236,0.820964628292882,0.04086472440596595,0.007722885165207538,0.007724042328650208,0.007724127388633002
0.78125,Fear,False,False,False,True,False,False,False,False,0.0955700676130679,0.0008996449382330433,0.09560820644822689,0.7065243482286805,0.09560761402763435,0.0024451103791206094,0.0008995798062932512,0.0024454285587435214
0.8203125,Inspiration,False,False,False,False,True,False,False,False,0.0008336107823318059,0.0008336160076017762,0.24069411943686486,0.08856099138011223,0.654473635521258,0.006175005315680371,0.0061629535590154785,0.002266067997135459
0.859375,Fear,False,False,False,True,False,False,False,False,0.0013828713093235593,0.001382492089833305,0.1465995241354424,0.3991907082021912,0.3991182017699379,0.019857586270821674,0.02870884824172251,0.0037597679807275623
0.8984375,Joy,False,False,False,False,False,True,False,False,0.007759642997160305,0.002845770307821095,0.001046468501233442,0.11083941914598819,0.007751789127370677,0.8211820436740193,0.00774326511781509,0.04083160112859189
0.9375,Tenderness,False,False,False,False,False,False,False,True,0.006652206652358019,0.006670853449084797,0.006659419074366347,0.0003310860866953202,0.006651196958407403,0.2599151051058296,0.0066562615438257745,0.7064638711294327
0.9765625,Tenderness,False,False,False,False,False,False,False,True,0.042093267919631194,0.028123284606099613,0.08153052590051586,0.0020896926844003795,0.015446222510570876,0.221883425944768,0.005680805672202785,0.6031527747618113
1.015625,Disgust,False,False,True,False,False,False,False,False,0.023080893540435878,0.04323340387173492,0.3315173363072302,0.003123059280248269,0.1219941910665015,0.3319059642059034,0.023087108478610275,0.12205804324933556
1.0546875,Disgust,False,False,True,False,False,False,False,False,0.019648052599280954,0.10327841312165682,0.282352632106512,0.002658694125996401,0.01969076360147146,0.28258121163873867,0.007236121621644887,0.2825541111846987
1.09375,Disgust,False,False,True,False,False,False,False,False,0.01599886346181348,0.01602980750795196,0.6255235123452824,0.005886124273707318,0.016001939891980437,0.08460462113512102,0.005885106115067125,0.23007002526907647
1.1328125,Disgust,False,False,True,False,False,False,False,False,0.005666455414659476,0.01541398380017489,0.6022468064307095,0.029761677833521672,0.22147268040833556,0.04187615062540261,0.002084377874299547,0.0814778676128968
1.171875,Disgust,False,False,True,False,False,False,False,False,0.0022586352698995226,0.03230542286423556,0.6526354216910972,0.01669363977500566,0.08821887697492606,0.03240428462003148,0.08719582719207268,0.08828789161273178
1.2109375,Disgust,False,False,True,False,False,False,False,False,0.01668890166081824,0.04541535218254423,0.6523720420739088,0.016772332337316575,0.006138681155279502,0.006151041864339908,0.01669651469841118,0.2397651340273816
1.25,Disgust,False,False,True,False,False,False,False,False,0.02132849400879247,0.02133099213591525,0.30682027870884887,0.30675626753168694,0.30673437261490843,0.00784519134803012,0.007845111867355882,0.021339291784461957
1.2890625,Inspiration,False,False,False,False,True,False,False,False,0.007169170904388797,0.0026357632958204417,0.10307019340748232,0.10304645149353057,0.7616021781933258,0.0003566670557054271,0.0026357442895429024,0.019483831360203725
1.328125,Disgust,False,False,True,False,False,False,False,False,0.02354760648151117,0.023566170975959724,0.33866853265682445,0.12450195705581185,0.12455916964992525,0.023559867918876293,0.33840942772591964,0.003187267535171591
1.3671875,Inspiration,False,False,False,False,True,False,False,False,0.037052836042030336,0.005014390414343694,0.19600809612893533,0.026488010602582754,0.5327837641218585,0.0050130877835460825,0.0018444185606899019,0.1957953963460136
1.40625,Amusement,True,False,False,False,False,False,False,False,0.3602759187936561,0.003390702988183878,0.1325124931893661,0.13251225438689815,0.3603817344919723,0.0004587886924268604,0.0012473201683689066,0.009220787289127825
1.4453125,Anger,False,True,False,False,False,False,False,False,0.07533596568736281,0.2874566504242001,0.0052479276209535675,0.027724046367826962,0.5575949728742924,0.005249491686927109,0.039460777129823925,0.0019301682086130863
1.484375,Sadness,False,False,False,False,False,False,True,False,0.11428918145251173,0.005668191409959587,0.015404516200205937,0.005666368136336386,0.22150252644590523,0.029960361084820676,0.6018368357282392,0.005672019542021161
1.5234375,Amusement,True,False,False,False,False,False,False,False,0.6560074456154299,0.002273137698610971,0.006233054035461306,0.08875383605804334,0.24135331284175207,0.002271779993193877,0.000835649236081168,0.002271784521427367
1.5625,Amusement,True,False,False,False,False,False,False,False,0.6749567211884617,0.00031627990168053925,0.006353803715834872,0.050537618571656416,0.24833944870404343,0.012281508837152528,0.006354952192469647,0.0008596668887007985
1.6015625,Inspiration,False,False,False,False,True,False,False,False,0.18797215988721608,0.035671684580787816,0.004809506897464152,0.0017698204890538613,0.5110360286155579,0.18795513867328953,0.06901659165211564,0.0017690692045151549
1.640625,Amusement,True,False,False,False,False,False,False,False,0.49490619036889494,0.1816828356826417,0.0017140131678118156,0.06654893105086981,0.06685225454120797,0.1819128235435799,0.0046692413540093,0.0017137102909844542
1.6796875,Amusement,True,False,False,False,False,False,False,False,0.6387424609793149,0.0008140781629591885,0.0008139982593618495,0.08606756381614386,0.2350044613118456,0.03173123000447368,0.006012681854507054,0.0008135256113939919
1.71875,Amusement,True,False,False,False,False,False,False,False,0.5091022143688304,0.0017641157936877964,0.013285794271582252,0.06542345703506733,0.18722546167565066,0.18705755835862364,0.035492930237384354,0.0006484682591735504
1.7578125,Amusement,True,False,False,False,False,False,False,False,0.3128492857543472,0.1135780206709426,0.022067003338292222,0.11415588487357946,0.002945967666700757,0.3115840409123876,0.11481089245783176,0.008008904325918468
1.796875,Fear,False,False,False,True,False,False,False,False,0.037333897084177864,0.002606395174399672,0.10146347560088903,0.7509379586259712,0.10149420878315692,0.0009578265952915695,0.002604096267846612,0.0026021418682672243
1.8359375,Fear,False,False,False,True,False,False,False,False,0.23514860483856456,0.0002997426601502025,0.08653233641236961,0.6395829472594049,0.03178918305042526,0.0022153414041128318,0.0022169888333992446,0.00221485554157349
1.875,Disgust,False,False,True,False,False,False,False,False,0.007257496776012493,0.002671101255892326,0.7707187127019473,0.10429072758262305,0.007254385471548752,0.000981564144514681,0.10415651216942581,0.0026694998980355115
1.9140625,Fear,False,False,False,True,False,False,False,False,0.0003560556470284706,0.007160542221177334,0.10275864444862985,0.7598044746873844,0.10229941126400117,0.0009679330311894093,0.007171068588127606,0.01948187011246171
1.953125,Disgust,False,False,True,False,False,False,False,False,0.0013607184207898107,0.0013610990879861147,0.3929335463380917,0.3930033728734435,0.14443866130249575,0.010058908132239154,0.05314241922385836,0.0037012746210955518
1.9921875,Fear,False,False,False,True,False,False,False,False,0.0008967656073448215,0.0003298420764687745,0.09526700757671115,0.7041053116090137,0.09524083044016234,0.002437217162913322,0.09508947675680494,0.006633548770580989
2.03125,Fear,False,False,False,True,False,False,False,False,0.07982107463480881,0.0055628929794755925,0.07995226477181686,0.5910166214682822,0.21740379697482545,0.0151176541392981,0.00556335003222791,0.005562344999265047
2.0703125,Inspiration,False,False,False,False,True,False,False,False,0.000942082128623834,0.0025609131234582954,0.14183643630469012,0.10007158665422207,0.7397114550729408,0.006969544987670316,0.0009421131996842913,0.006965868528710355
2.109375,Disgust,False,False,True,False,False,False,False,False,0.001384606690129146,0.0013844931045905566,0.39914569630593805,0.14696916996904563,0.3997590634573375,0.01974918513047972,0.027843054949319285,0.0037647303931601216
2.1484375,Inspiration,False,False,False,False,True,False,False,False,0.19880090598461672,0.005098556018762642,0.19588883289726317,0.03774425026855432,0.5416002601363196,0.013894367269980808,0.005097895451572139,0.001874931972930724
2.1875,Inspiration,False,False,False,False,True,False,False,False,0.10811882154038341,0.05563421605403371,0.007526285529778126,0.007524330301110644,0.7993421564378178,0.020461928224896144,0.001017848692947463,0.00037441321903264346
2.2265625,Inspiration,False,False,False,False,True,False,False,False,0.03902973810292498,0.007392635832190434,0.05454715977389536,0.0073788965324246576,0.7842894390442343,0.10599599446002972,0.000998817021901207,0.0003673192323993208
2.265625,Inspiration,False,False,False,False,True,False,False,False,0.03324150580816402,0.0023148358665316744,0.24506993315243866,0.002311779537357804,0.667926135036563,0.046510444704332195,0.002312528107076567,0.0003128377875362568
2.3046875,Inspiration,False,False,False,False,True,False,False,False,0.08828065685555865,0.23963559668548992,0.006140513124481467,0.0003056036499048581,0.6525223356765427,0.006144904826666255,0.006139644388279137,0.0008307447930769105
2.34375,Inspiration,False,False,False,False,True,False,False,False,0.09522719514277139,0.09504212835398415,0.0008967548329078335,0.0024373664339991013,0.704249475284328,0.09519089526214047,0.00662631934764681,0.0003298653422220885
2.3828125,Inspiration,False,False,False,False,True,False,False,False,0.034067029111171654,0.007830958972565008,0.0008718476158905153,0.0008717008239770902,0.6846568924837974,0.2518110867287038,0.01752064886394902,0.0023698353999456515
2.421875,Amusement,True,False,False,False,False,False,False,False,0.42939328384254166,0.021334482867665983,0.029911114645422135,0.0014863556177793413,0.42945466864643356,0.05801125849006345,0.029862006931865966,0.0005468289582279297
2.4609375,Amusement,True,False,False,False,False,False,False,False,0.653970179659735,0.0022651782514946715,0.0061626517910103856,0.00030631283307090804,0.240594281504765,0.08827476749237198,0.006163006135468176,0.002263622332083758
2.5,Amusement,True,False,False,False,False,False,False,False,0.5110267594519472,0.06903879540740755,0.0017689858094937943,0.0017689759079656058,0.18794945018018258,0.18801156206416064,0.035625944181267376,0.004809526997575124
2.5390625,Joy,False,False,False,False,False,True,False,False,0.10982032904982285,0.04034854820621077,0.020772571809925606,0.001033515197168407,0.0076550174217583965,0.8116957529394805,0.007640553101718921,0.0010337122739144972
2.578125,Amusement,True,False,False,False,False,False,False,False,0.6904357597937353,0.0008805142723407291,0.00649971049515941,0.0008791198697739627,0.03432842925388788,0.25397893151963113,0.006498538983890194,0.006498995811581299
2.6171875,Anger,False,True,False,False,False,False,False,False,0.1331985327270367,0.3621138283826513,0.0012540115848528126,0.003408832280831913,0.0034108182187405373,0.1332510071239276,0.3621088237223981,0.0012541459595609898
2.65625,Amusement,True,False,False,False,False,False,False,False,0.4386438381874645,0.018521566957207452,0.030529971169731326,0.0015200571820586466,0.0015193381586752438,0.4388893233956397,0.05914500445243507,0.01123090049678808
2.6953125,Amusement,True,False,False,False,False,False,False,False,0.4958594386086069,0.17928036949376613,0.06696196531012054,0.0006321047953313377,0.0046692096840947475,0.18249372611411804,0.0654308671726321,0.004672318821330266
2.734375,Anger,False,True,False,False,False,False,False,False,0.13307558226380883,0.36141427220230293,0.003412571984654051,0.0034068371496096786,0.00046077729371049874,0.13307408425469183,0.3617498606180885,0.003406014233133675
2.7734375,Joy,False,False,False,False,False,True,False,False,0.16816793953685064,0.16799153594251848,0.004305973617319221,0.16814277288019755,0.0005825179102204193,0.45728008008330384,0.031945585029844306,0.0015835949997456938
2.8125,Amusement,True,False,False,False,False,False,False,False,0.3256456083075048,0.003067096489904341,0.0030822823780400914,0.32533126251148603,0.008340227294825158,0.3257402884518982,0.008378370767088642,0.00041486379925281884
2.8515625,Disgust,False,False,True,False,False,False,False,False,0.19680387684668324,0.03771439657447025,0.5352876747683367,0.19672703165870467,0.005040039090622109,0.014010966985840059,0.01373410174050095,0.0006819123348420703
2.890625,Amusement,True,False,False,False,False,False,False,False,0.4134990817502458,0.4125471057120474,0.05592107051302205,0.05579156535678895,0.001431839806950643,0.0554566065202453,0.00392055096277719,0.0014321793779226927
2.9296875,Fear,False,False,False,True,False,False,False,False,0.18984037402982085,0.03640480245994383,0.19080608804060342,0.5184656627805865,0.03640808608792831,0.02561466862193916,0.0017993801311184528,0.0006609378480594434
2.96875,Fear,False,False,False,True,False,False,False,False,0.10241304646252145,0.0009649830669288081,0.10245847618032582,0.757318517606452,0.013851107647476447,0.01940550668095391,0.0009655863331209379,0.0026227760222205768
3.0078125,Fear,False,False,False,True,False,False,False,False,0.10831250296443469,0.002778514944632677,0.03985620649692843,0.8008846065302215,0.002775279766579004,0.002774947474076821,0.0398430928220425,0.0027748490010843715
3.046875,Disgust,False,False,True,False,False,False,False,False,0.14880848246433118,0.0014079145859365125,0.40585020503014385,0.40593617751640465,0.01993847312269467,0.003825050822350379,0.010409961242415049,0.00382373521572364
3.0859375,Fear,False,False,False,True,False,False,False,False,0.08807623692324497,0.0008311429163856846,0.23994712277590843,0.6524251699103722,0.011940129785173198,0.0022598106990091957,0.002260893574865029,0.002259493415041392
3.125,Fear,False,False,False,True,False,False,False,False,0.006508153343534746,0.0008795365641248633,0.253976243082755,0.6904434439275442,0.006610798925098765,0.006498104767467244,0.03420407719710688,0.0008796421923682459
3.1640625,Fear,False,False,False,True,False,False,False,False,0.0010391954510346874,0.0028318638485988618,0.04045471818905799,0.814953667240763,0.00768862608294539,0.020907963869723645,0.0031142118542017306,0.10900975346367459
3.203125,Fear,False,False,False,True,False,False,False,False,0.0018322457745822615,0.0018325084919063185,0.19398358287268777,0.5288017148276496,0.19452771644675884,0.004991432408315607,0.036968324290327995,0.03706247488777165
3.2421875,Fear,False,False,False,True,False,False,False,False,0.0009646902634431447,0.0003548970960248054,0.007151309089547553,0.7572037851646309,0.1022701489562157,0.019462899256149285,0.10242353602348918,0.010168734150499329
3.28125,Joy,False,False,False,False,False,True,False,False,0.028607577711439118,0.005460218852421474,0.07831262456341083,0.07824114160008712,0.21290905845599223,0.5796038534211415,0.014857447801068291,0.002008077594439453
3.3203125,Inspiration,False,False,False,False,True,False,False,False,0.0022660948885920304,0.006169467584903535,0.006174049482423791,0.0022679643055320054,0.6538879903569875,0.24053652494814423,0.0003066605409401147,0.08839124789247682
3.359375,Inspiration,False,False,False,False,True,False,False,False,0.017825415582733487,0.00032616835092786316,0.004584084230745073,0.006556091955867241,0.6948834166287101,0.2555715862424384,0.0024105543912728905,0.017842682617304675
3.3984375,Anger,False,True,False,False,False,False,False,False,0.0030455322785788454,0.3225341340023727,0.001120385122146402,0.02253578033709127,0.3233247417771382,0.3232655173473013,0.003053562732762205,0.0011203464026091415
3.4375,Joy,False,False,False,False,False,True,False,False,0.007183472140093524,0.10284734885963098,0.0026381178532806737,0.00035708176069320014,0.10305228827175153,0.7617617657388328,0.019516982230853516,0.002642943144863937
3.4765625,Inspiration,False,False,False,False,True,False,False,False,0.006197814459784908,0.08834707140352017,0.0022820802177782058,0.000836315491642181,0.6563560536374361,0.2414329619338397,0.002273432677779374,0.0022742701782193344
3.515625,Inspiration,False,False,False,False,True,False,False,False,0.00777715386951353,0.0028622639716431044,0.04083965149214216,0.0028527579167633927,0.8236775861854293,0.11138396585777362,0.007754153907705114,0.0028524667990298047
3.5546875,Inspiration,False,False,False,False,True,False,False,False,0.007292194794157176,0.10311003015288348,0.0026439447344943244,0.000970983731194859,0.7623670785785194,0.10313145042771278,0.019513107267051202,0.0009712103139867712
3.59375,Anger,False,True,False,False,False,False,False,False,0.018569200187161877,0.6995426593484038,0.0024234194542717075,0.0008915848978680957,0.2573927671568558,0.01209043020807933,0.00666642372334148,0.0024235150240177815
3.6328125,Inspiration,False,False,False,False,True,False,False,False,0.007412827527929769,0.03905993373528149,0.0027396448013278086,0.0027277107747973916,0.7863853269472562,0.10641602768913505,0.05488986239971724,0.00036866612455509077
3.671875,Anger,False,True,False,False,False,False,False,False,0.002345157445007751,0.6762057089395342,0.0023469613877696626,0.0008621191632227143,0.24865656332146951,0.033588081760820246,0.033651767362404085,0.0023436406197717423
3.7109375,Sadness,False,False,False,False,False,False,True,False,0.0061770879990178,0.24067790153052449,0.0022676742454128536,0.0008342487531568521,0.08856178909408902,0.006172791237636772,0.6544745479063443,0.0008339592338179391
3.75,Anger,False,True,False,False,False,False,False,False,0.24710209871409267,0.6721471894627282,0.00031504078323586467,0.006341410351185523,0.0008575058081314831,0.03346169965350353,0.03344022937498903,0.0063348258521335275
3.7890625,Joy,False,False,False,False,False,True,False,False,0.11295683474361749,0.005589216294907722,0.007861205353154722,0.001064183723954429,0.02139396043892802,0.8353973351932038,0.007870842330104889,0.007866421922128762
3.828125,Amusement,True,False,False,False,False,False,False,False,0.8104979898377178,0.00280921973300971,0.007959851295697977,0.0003797025884279295,0.007630003518471488,0.10966730316084039,0.04027849249722052,0.020777437368614125
3.8671875,Amusement,True,False,False,False,False,False,False,False,0.45810734450006896,0.16824539548573797,0.0015864340494504046,0.0015860686756424928,0.001586446524788356,0.16851791243400843,0.1684361390950984,0.03193425923520509
3.90625,Amusement,True,False,False,False,False,False,False,False,0.24090449020433208,0.2403605936138762,0.0022679082413304785,0.011868866680211861,0.006167444425081262,0.24099386911780218,0.24063980538138155,0.016797022335984443
3.9453125,Amusement,True,False,False,False,False,False,False,False,0.591450219559361,0.005582852868414901,0.07992439679265599,0.005576460134985136,0.005570555689767443,0.2177275370760474,0.07901332085040938,0.015154657028358864
3.984375,Amusement,True,False,False,False,False,False,False,False,0.282425595659814,0.28204340655333643,0.019837011774895278,0.019791558795090026,0.0026587855748787816,0.10375883753581726,0.2822541685075403,0.007230635598628011
4.0234375,Anger,False,True,False,False,False,False,False,False,0.16334862462272673,0.44392279515152544,0.004184399925917321,0.1633273605575927,0.0005657535181093766,0.16321898102825114,0.059893704134814096,0.001538381061063137
4.0625,Amusement,True,False,False,False,False,False,False,False,0.6738090244498585,0.002336210148174529,0.0023343506764525877,0.03353405994107103,0.03352378825560316,0.24780024753066338,0.006346548776168574,0.000315770222008369
4.1015625,Fear,False,False,False,True,False,False,False,False,0.1072714603322909,0.0027474136810128006,0.03945492308935338,0.7928737181498583,0.014494471903479954,0.03939263546300488,0.002755244157136986,0.0010101332238628762
4.140625,Amusement,True,False,False,False,False,False,False,False,0.3208454395883098,0.16562546755524377,0.04332700745195628,0.11787290095635697,0.0030213640658411155,0.31859543881223956,0.02250118003530674,0.008211201534745777
4.1796875,Disgust,False,False,True,False,False,False,False,False,0.059618986127078735,0.030924258294285713,0.4410676689207923,0.4409969945542878,0.011336509985478378,0.011335033704101296,0.004158592234170384,0.0005619561798052764
4.21875,Fear,False,False,False,True,False,False,False,False,0.033616310338589424,0.0008613403261129867,0.24873203319002185,0.6761492552102175,0.03361416860143335,0.0023422218974862847,0.0023430987942964824,0.0023415716418423126
4.2578125,Disgust,False,False,True,False,False,False,False,False,0.028251874858094696,0.0014031725832719362,0.4050854156868048,0.4050374122173185,0.0038132612532803313,0.0038125987223256393,0.14878270005993002,0.0038135646189742583
4.296875,Fear,False,False,False,True,False,False,False,False,0.0008975082820342345,0.00244297570815644,0.2588617940205955,0.7040264748193275,0.006646226022382562,0.0024393657723522084,0.006635646559368489,0.01805000881578318
4.3359375,Fear,False,False,False,True,False,False,False,False,0.0008798214585543589,0.0008797072710337537,0.2539528368885308,0.6904171548125204,0.034347873979101745,0.0065010923238540625,0.006516802110397284,0.0065047111560077135
4.375,Fear,False,False,False,True,False,False,False,False,0.0009540128975020526,0.0009537312498836335,0.10128654773719341,0.7487594598184341,0.101255625946199,0.007048897222198713,0.03714723662226116,0.002594488506327966
4.4140625,Fear,False,False,False,True,False,False,False,False,0.0010950934819005992,0.0010948096648701962,0.02280354729461309,0.8590166391678794,0.04272679547721254,0.022966720693347566,0.008177795609883206,0.042118598610293385
4.453125,Fear,False,False,False,True,False,False,False,False,0.002069166332037754,0.002069464857856342,0.04182674835627039,0.597294200951585,0.2197232933049725,0.015381999776488318,0.04164342612624129,0.07999170029454829
4.4921875,Fear,False,False,False,True,False,False,False,False,0.001248543192238629,0.00045939468004941843,0.0033969037136352114,0.36035434315120246,0.3603483932913238,0.13252618799179522,0.13234672637896208,0.009319507600793196
4.53125,Inspiration,False,False,False,False,True,False,False,False,0.006535579758211272,0.006529577120636593,0.0024018642889402485,0.03363501008696209,0.6926867403676595,0.254924369915894,0.0008832491438984558,0.002403609317797882
4.5703125,Joy,False,False,False,False,False,True,False,False,0.007735144403647406,0.007819747806646763,0.04030407247496127,0.0003831851786319806,0.110641411000614,0.8177129215056173,0.007702044141779474,0.007701473488101795
4.609375,Inspiration,False,False,False,False,True,False,False,False,0.002268773104650715,0.08829827139784428,0.0062008668765256665,0.0008340359661639455,0.6546304731204605,0.24076892852342438,0.006164109788802133,0.0008345412221282705
4.6484375,Inspiration,False,False,False,False,True,False,False,False,0.0029651700195539783,0.008163049968629878,0.06035002034952713,0.0029653335380201247,0.8558969293573965,0.06048822353789224,0.008080371566197014,0.001090901662783118
4.6875,Inspiration,False,False,False,False,True,False,False,False,0.006459777193781306,0.03403749655061286,0.0023753700189177358,0.0008732305177454654,0.685650632530297,0.25217326948591706,0.017556711195782393,0.0008735125069460501
4.7265625,Anger,False,True,False,False,False,False,False,False,0.010995736199155866,0.42924462803742525,0.058025708175310796,0.0014879571672028078,0.4296387012227083,0.0581165656562992,0.011000473848887722,0.0014902296930099457
4.765625,Inspiration,False,False,False,False,True,False,False,False,0.006649628791522535,0.006655336069662168,0.0024418850703984752,0.0024380306074921368,0.7039982048173767,0.2589041720236047,0.018015863297724415,0.0008968793222187002
4.8046875,Inspiration,False,False,False,False,True,False,False,False,0.022960032188258844,0.04272291973209604,0.008108165618469566,0.0010945284386313719,0.8592535441350257,0.04276535181487677,0.022000434181314168,0.0010950238913275613
4.84375,Inspiration,False,False,False,False,True,False,False,False,0.09848026954097125,0.09844256432912567,0.0009273859019793485,0.0009273887238951797,0.7279475189764587,0.03622137092605724,0.03612602426785708,0.0009274773336555404
4.8828125,Inspiration,False,False,False,False,True,False,False,False,0.014725306522211028,0.21092905702924605,0.0019895813557330127,0.005437538216104275,0.5737510652740196,0.07767836470344423,0.11007776656783881,0.0054113203314029
4.921875,Anger,False,True,False,False,False,False,False,False,0.2506834527909159,0.6813936588204499,0.0008688160744141522,0.002361376018610065,0.0175327953392198,0.033916531427162284,0.01237451494007857,0.0008688545891491787
4.9609375,Anger,False,True,False,False,False,False,False,False,0.14248990644918139,0.3869892418842933,0.0004935722249026244,0.001341359010761556,0.05233761738615716,0.01927214336111403,0.3871582862541165,0.00991787342947333
5.0,Anger,False,True,False,False,False,False,False,False,0.13254576255693817,0.3602695826955882,0.00045897207047582053,0.0012480979576679765,0.0033923057606547787,0.13253004321477585,0.360330446546576,0.009224789197323247
5.0390625,Joy,False,False,False,False,False,True,False,False,0.08188333551236052,0.01566004081094373,0.04223031091638708,0.01553739159278783,0.0007731642732327064,0.6070952556400143,0.2212774680583753,0.015543033195898536
5.078125,Amusement,True,False,False,False,False,False,False,False,0.4543168750311383,0.03213038036469302,0.012788939092898176,0.0015736285199814863,0.03160445835139998,0.45433228894807987,0.011679579631554696,0.0015738500602544801
5.1171875,Amusement,True,False,False,False,False,False,False,False,0.36172113201066686,0.36146576140326875,0.0034073085335845792,0.003406532879396076,0.00046091976780621006,0.13310001627576284,0.13303206887143806,0.0034062602580766164
5.15625,Anger,False,True,False,False,False,False,False,False,0.18176837892279088,0.49319838228104906,0.004653071031861249,0.06659534045834009,0.0006296669899954067,0.1818696675046012,0.06663091391843162,0.004654578892930426
5.1953125,Fear,False,False,False,True,False,False,False,False,0.15074865945834076,0.0038640679546958095,0.01051291974424584,0.4092253701514289,0.0038587141232137067,0.40984199699291657,0.010529035027872386,0.001419236547286137
5.234375,Fear,False,False,False,True,False,False,False,False,0.144275765572781,0.05295796910168658,0.010072718163803524,0.3894331142771605,0.0036936724780531603,0.007157807696303754,0.3919092646907442,0.0004996880194673585
5.2734375,Amusement,True,False,False,False,False,False,False,False,0.5018762270043237,0.1838763262965116,0.024960563864717417,0.06786315076042126,0.0006394056040322508,0.18391830804645026,0.035128079194082194,0.0017379392294613568
5.3125,Amusement,True,False,False,False,False,False,False,False,0.7408651932425531,0.0003477185169999633,0.10022627910871112,0.03680844330241962,0.10026909852710741,0.013540999816014063,0.006998049604870517,0.0009442178813243062
5.3515625,Fear,False,False,False,True,False,False,False,False,0.21111612449831177,0.0019904819511577386,0.07778034152822606,0.5746058731061676,0.07772793083384356,0.040072593373258164,0.014716733997051113,0.00198992071198401
5.390625,Fear,False,False,False,True,False,False,False,False,0.07552108925070727,0.07539049986107875,0.07554111301579262,0.5580586288439118,0.0019329285442516682,0.005253693772361829,0.20304809813419933,0.005253948577696738
5.4296875,Inspiration,False,False,False,False,True,False,False,False,0.001930397586474934,0.20470186361643544,0.07536412170040038,0.07534751302281015,0.5568306221751153,0.005246398503453285,0.07533447782346615,0.005244605571844326
5.46875,Fear,False,False,False,True,False,False,False,False,0.07934170552637987,0.0020344681201686643,0.21606084375338466,0.5874835695026125,0.07945276395668041,0.0055311549750286125,0.015050329071883214,0.015045165093862146
5.5078125,Fear,False,False,False,True,False,False,False,False,0.007749303482954546,0.0010458686435757248,0.11105392532040857,0.8210576627281897,0.0077356464684693515,0.0077304080050494845,0.04078103139993821,0.0028461539514143784
5.546875,Fear,False,False,False,True,False,False,False,False,0.10134928594984018,0.0009578600743938259,0.10140721044362212,0.7511759079122375,0.002602448026772919,0.0026034594242978154,0.002604716549539058,0.03729911161929641
5.5859375,Disgust,False,False,True,False,False,False,False,False,0.003814572579146728,0.0014032620809234903,0.4048589047413628,0.40506935218246914,0.1489771097525616,0.0038188892004884594,0.02824239695125192,0.003815512511795988
5.625,Fear,False,False,False,True,False,False,False,False,0.0013730662532942192,0.000505072424839252,0.02837237130554721,0.39630426630898663,0.39642600263785416,0.14560488282906162,0.027678711693540983,0.0037356265468758963
5.6640625,Joy,False,False,False,False,False,True,False,False,0.0020128709447857222,0.014882477856834728,0.0054712753504983945,0.0780297834487663,0.21346508935883365,0.5805041346199403,0.07676916721972885,0.028865201200612117
5.703125,Inspiration,False,False,False,False,True,False,False,False,0.002854359219794466,0.007796733087351859,0.007795772897793781,0.002856052237135134,0.8235462196863372,0.11138791683273783,0.002854833568524226,0.040908112470325476
5.7421875,Inspiration,False,False,False,False,True,False,False,False,0.0024393902338318407,0.0024436364800295243,0.0008980472739109608,0.0066340984678750934,0.703916013628527,0.25891556403281757,0.006659852650750706,0.018093397232257384
5.78125,Inspiration,False,False,False,False,True,False,False,False,0.0024577174812603028,0.0046473956980914175,0.0024603543942148436,0.006683132129736176,0.7094905895113455,0.26089437405986327,0.006682989129246962,0.006683447596241369
5.8203125,Inspiration,False,False,False,False,True,False,False,False,0.03361659449977883,0.002378758554712062,0.006452837057823941,0.0003210128217717347,0.6852221321142584,0.25205559484914764,0.017580244750506173,0.002372825352001222
5.859375,Inspiration,False,False,False,False,True,False,False,False,0.0061641191049895665,0.08841716459613425,0.0022676362765276636,0.0008337330990848439,0.6545817736226865,0.24073812555890525,0.006163658303090172,0.0008337894385817193
5.8984375,Inspiration,False,False,False,False,True,False,False,False,0.006522031634927258,0.006551353074311814,0.006527813048762781,0.0008816788793015302,0.6920376119177443,0.2524133445510476,0.03418431274373947,0.0008818541501654808
5.9375,Inspiration,False,False,False,False,True,False,False,False,0.03675703946591069,0.10008584352552996,0.0025638463286763724,0.0009427442223890846,0.7402803090494845,0.10006404379090922,0.0189592721510564,0.0003469014660438619
5.9765625,Inspiration,False,False,False,False,True,False,False,False,0.03392961059232436,0.2512417167995712,0.000871301853053197,0.0023679297188920973,0.6838554258619276,0.02042185900793692,0.00644107279457581,0.0008710833717189004
6.015625,Inspiration,False,False,False,False,True,False,False,False,0.012221932665463871,0.0341904170520839,0.002383835367608153,0.0023835326237004006,0.6883214077665093,0.2531412136320587,0.006480601865684246,0.000877059026891373
6.0546875,Inspiration,False,False,False,False,True,False,False,False,0.20357540871562602,0.07490964860404932,0.014197503206823893,0.0019188104190837304,0.5541905792214952,0.07471052124164296,0.07457769631080628,0.0019198322804725916
6.09375,Amusement,True,False,False,False,False,False,False,False,0.3929280523371264,0.14449013733599977,0.001360761348272848,0.0013606884164836268,0.39294681390703906,0.01006578687998809,0.05314878533734257,0.0036989744377475806
6.1328125,Inspiration,False,False,False,False,True,False,False,False,0.18154743132562018,0.18165318691360946,0.0006293183995635031,0.004657596996405665,0.4934622721853847,0.0668383206546824,0.0665590274250199,0.004652846099714127
6.171875,Joy,False,False,False,False,False,True,False,False,0.17243558644215817,0.1723078412328843,0.004416434932343907,0.001624606776290066,0.004416829500139907,0.46908526092589864,0.17129593399894436,0.004417506191340812
6.2109375,Anger,False,True,False,False,False,False,False,False,0.14381749242001513,0.3906330989933243,0.0013549595359243032,0.0004982878951004088,0.010036418209204274,0.052898667711039335,0.39074599835396595,0.010015076881426253
6.25,Anger,False,True,False,False,False,False,False,False,0.13305948526504102,0.3614207960564508,0.003406078886541221,0.0034087203833036562,0.0004608126848732954,0.13306265563222178,0.3617752543547643,0.0034061967368039054
6.2890625,Joy,False,False,False,False,False,True,False,False,0.21959423515539547,0.015312957999233113,0.015295719379464895,0.11530088522886309,0.0020681868140834062,0.5972946028901858,0.02951202602965565,0.005621386503118699
6.328125,Amusement,True,False,False,False,False,False,False,False,0.3930817703897959,0.0005011526868874982,0.052848549015444043,0.0037044322770678107,0.0037016807456357577,0.393111014355394,0.1429912383615547,0.010060162168220376
6.3671875,Amusement,True,False,False,False,False,False,False,False,0.29727229527643323,0.0567454847965546,0.0028010679755512444,0.007610718177851134,0.020703624309123973,0.2972786230331194,0.29690175642105787,0.02068643001030853
6.40625,Anger,False,True,False,False,False,False,False,False,0.18939605658223088,0.5146816486457013,0.004848651886410374,0.06948984311879387,0.004848147337352897,0.1894352666087573,0.025516116192501218,0.0017842696282521296
6.4453125,Amusement,True,False,False,False,False,False,False,False,0.6074483900055092,0.0021080021396103514,0.08220947011520248,0.015620714358162962,0.015562526751348024,0.22372680760494373,0.04759874262154572,0.00572534640367752
6.484375,Fear,False,False,False,True,False,False,False,False,0.016763384071297457,0.04575390569582807,0.24016081025020533,0.651153373661459,0.006144192600628385,0.017116874507232028,0.00618206883025243,0.01672539038309739
6.5234375,Fear,False,False,False,True,False,False,False,False,0.1189634961806511,0.04360617487310591,0.11889340656068498,0.3231784562950796,0.003044320501032644,0.06125938772368802,0.32277292125267404,0.008281836613083696
6.5625,Fear,False,False,False,True,False,False,False,False,0.02069553948306262,0.020515404454826785,0.014573607992954183,0.7959926661921877,0.1073953118081464,0.0010151493558555474,0.03943925047076717,0.00037307024219962914
6.6015625,Fear,False,False,False,True,False,False,False,False,0.10237097192962417,0.0009647063162494434,0.10245111851638632,0.757375330338562,0.013865614727417363,0.019384842590550858,0.0009648417127565193,0.0026225738684534385
6.640625,Disgust,False,False,True,False,False,False,False,False,0.010697786925605086,0.0038592500969888833,0.4096472405125896,0.4096302393689754,0.0038576830888979465,0.01049119715490778,0.1503978306906849,0.0014187721613504595
6.6796875,Fear,False,False,False,True,False,False,False,False,0.0024462352732712613,0.012368966175554438,0.2592514645859822,0.7050943509376539,0.00665177019817737,0.0008987611416437125,0.0066480654749822956,0.006640386212734815
6.71875,Fear,False,False,False,True,False,False,False,False,0.0026698537737642985,0.0009818532250293868,0.10424113066641126,0.7706475412868867,0.10425934128274754,0.002669770636718446,0.007266698428001445,0.007263810700440993
6.7578125,Fear,False,False,False,True,False,False,False,False,0.0028027699065647587,0.0010300930405808559,0.1093777795604802,0.8087438798920626,0.014701287398995714,0.0028004726224771796,0.03981371221069623,0.02073000536814224
6.796875,Fear,False,False,False,True,False,False,False,False,0.247670531740088,0.0008599096328803004,0.033580158550033205,0.674805666062621,0.03352838903375246,0.0063579169011227605,0.0008595961284105234,0.0023378319510917785
