time_sec,pred_label,Amusement,Anger,Disgust,Fear,Inspiration,Joy,Sadness,Tenderness,prob_Amusement,prob_Anger,prob_Disgust,prob_Fear,prob_Inspiration,prob_Joy,prob_Sadness,prob_Tenderness
0.0390625,Tenderness,False,False,False,False,False,False,False,True,0.0023882754533742626,0.0336678748159407,0.0023882786559331014,0.0023882229779559443,0.25391412952640435,0.01263872691743582,0.0023881600131375183,0.6902263316398184
0.078125,Fear,False,False,False,True,False,False,False,False,0.01735290615933616,0.033761703871968425,0.0003176983326877159,0.6783930526879953,0.017397057311962533,0.2495654315797067,0.002348364008850127,0.0008637860474930403
0.1171875,Fear,False,False,False,True,False,False,False,False,0.003789585785274893,0.0005127021879630985,0.010309128957263831,0.4027215369987586,0.4026760943368461,0.0037886588400033922,0.02808582277148355,0.1481164701224064
0.15625,Inspiration,False,False,False,False,True,False,False,False,0.0005060522967067029,0.02768568980536212,0.1458981738531538,0.01973750144718541,0.3973690759247384,0.0013759065112593782,0.010166408756391554,0.3972611914052027
0.1953125,Fear,False,False,False,True,False,False,False,False,0.020943989497084984,0.002828070891739897,0.002829155715970679,0.8168832205553959,0.11052780987498391,0.0028299035086585085,0.0028283024966789853,0.04032954745948729
0.234375,Fear,False,False,False,True,False,False,False,False,0.00758712755106258,0.00037718943425136306,0.014730554781391658,0.8049454855035069,0.040067088826151294,0.0027868467622490715,0.020601272017862417,0.1089044351235248
0.2734375,Inspiration,False,False,False,False,True,False,False,False,0.00234290687492769,0.0008619569015099344,0.0023438912895661574,0.2488146306220715,0.6762662408978435,0.0023423846366750923,0.03359436903538013,0.033433619742025855
0.3125,Fear,False,False,False,True,False,False,False,False,0.14422299420447243,0.0005001332556043225,0.052672476924872556,0.39250323850279767,0.39264771851339614,0.0036957012893798218,0.010061770146532584,0.0036959671629444
0.3515625,Fear,False,False,False,True,False,False,False,False,0.045518959427644744,0.06433508989944835,0.02364909309017351,0.336959526587337,0.3392660982806798,0.001175754095123362,0.06457875268107914,0.12451672593851416
0.390625,Amusement,True,False,False,False,False,False,False,False,0.725769056591346,0.004737493913178703,0.036016340070886915,0.09808613302079035,0.0981555118385609,0.00034042344147342776,0.0359695957208521,0.0009254454029115923
0.4296875,Inspiration,False,False,False,False,True,False,False,False,0.03400628374607338,0.002376526071097464,0.00032104117150556793,0.25165762400479835,0.6850367745331825,0.0023734226895929474,0.017774421389439066,0.00645390639431092
0.46875,Inspiration,False,False,False,False,True,False,False,False,0.029584446582695653,0.08125618484058648,0.015414741362856749,0.002083877233750032,0.6014334802127271,0.2211428647426709,0.043416054800188966,0.005668350224524171
0.5078125,Anger,False,True,False,False,False,False,False,False,0.0020447284013719847,0.58994467729051,0.015548249094557109,0.005555517878613536,0.21700379418276092,0.0752668952879517,0.0794956026802714,0.015140535183963254
0.546875,Anger,False,True,False,False,False,False,False,False,0.023818298258198665,0.34153703322461243,0.008760538504927475,0.12577724409578905,0.34180852688073166,0.125696330303646,0.02383753565642406,0.008764493075670673
0.5859375,Inspiration,False,False,False,False,True,False,False,False,0.001034831418347014,0.0028149336607085603,0.020796441386889863,0.0048457724140161485,0.8125049607961631,0.10992234131575143,0.007657714754275348,0.04042300425384853
0.625,Sadness,False,False,False,False,False,False,True,False,0.00030386288874430353,0.08774357493090229,0.006106607773548322,0.000826279643910366,0.2384856414287089,0.006109303333802913,0.6485776642082688,0.011847065792114201
0.6640625,Inspiration,False,False,False,False,True,False,False,False,0.031931695720747194,0.1678986861029405,0.004304944563989322,0.0015837128893311377,0.45730374061008905,0.1682094157677606,0.16818516452457152,0.0005826398205706519
0.703125,Joy,False,False,False,False,False,True,False,False,0.10024112605152902,0.03687357821787876,0.002577741519676376,0.0025741781592250987,0.013599300021271498,0.7433017679354604,0.10048398252326425,0.00034832557169461165
0.7421875,Joy,False,False,False,False,False,True,False,False,0.03688509607098252,0.006987224717819393,0.1002959431214391,0.0003473377102000659,0.013242437673699021,0.741255002446276,0.1000425513007924,0.000944406958791593
0.78125,Anger,False,True,False,False,False,False,False,False,0.025786904004282057,0.5290400377763331,0.036910504023392424,0.0006744073975446591,0.013558244273119104,0.19477097182894954,0.19427163728872981,0.004987293407649221
0.8203125,Joy,False,False,False,False,False,True,False,False,0.02479168001779742,0.021287364785355957,0.007754895181254857,0.007754167292646083,0.000385878727726077,0.8237438387867623,0.1114255408077152,0.0028566344007422595
0.859375,Joy,False,False,False,False,False,True,False,False,0.013965986974171497,0.0026592161447661564,0.10267569174361349,0.0009762161095386334,0.007214227275281086,0.7663742755164881,0.10347458664445008,0.0026597995916909658
0.8984375,Amusement,True,False,False,False,False,False,False,False,0.26376439944006747,0.09555737112952765,0.09698663161921305,0.002489066458385361,0.006758545052616013,0.26409714324457706,0.2635848187216919,0.006762024333921488
0.9375,Joy,False,False,False,False,False,True,False,False,0.00237230380756645,0.0008730274145805374,0.0064408089527583975,0.02011958795896984,0.0008714714734204374,0.6840445878173607,0.2515177364964231,0.03376047607892056
0.9765625,Sadness,False,False,False,False,False,False,True,False,0.02255563685000603,0.00822884599216798,0.04255111977994939,0.008224786119566823,0.003019070542531964,0.0011220421785777574,0.8710625097591598,0.0432359887780404
1.015625,Sadness,False,False,False,False,False,False,True,False,0.10891175294268933,0.031776253034256303,0.04005363947694055,0.0027906933061960892,0.007603098633456414,0.001025518534379167,0.8050506085419292,0.0027884355301529395
1.0546875,Fear,False,False,False,True,False,False,False,False,0.05976618932662307,0.01133260691920915,0.011332575901983541,0.4417163766914031,0.02191054057597951,0.011331834493425058,0.44204673318712134,0.0005631429042551381
1.09375,Disgust,False,False,True,False,False,False,False,False,0.01396679795105452,0.002645069785518703,0.7624973649078363,0.10314232467518596,0.0071969374504458885,0.0071888275670495255,0.10300505185786077,0.00035762580504844303
1.1328125,Amusement,True,False,False,False,False,False,False,False,0.37747974029305165,0.37707533203349397,0.1388396876778481,0.0035556284845126474,0.050240905602051016,0.0013073138568386348,0.05102026251083917,0.0004811295413647191
1.171875,Amusement,True,False,False,False,False,False,False,False,0.3214734686395901,0.32143574881387654,0.008292622323299186,0.022726204182473606,0.00040961471865407764,0.0030293971822488138,0.3215191068769184,0.0011138372629392356
1.2109375,Amusement,True,False,False,False,False,False,False,False,0.2752548055775373,0.007149644118366491,0.03748352068353206,0.10141713142943339,0.002616870522349934,0.27744850263339516,0.02156831660863575,0.27706120842674986
1.25,Anger,False,True,False,False,False,False,False,False,0.04481395807300247,0.33083033706484527,0.12184108451671867,0.12168125492039214,0.02310364412015191,0.003123235292794279,0.023334065927152516,0.33127242008494273
1.2890625,Amusement,True,False,False,False,False,False,False,False,0.6062804323242802,0.22240907155964246,0.01553340009269843,0.015546396057078632,0.0021014553902354793,0.08150075705314484,0.011087755924378715,0.04554073159854122
1.328125,Fear,False,False,False,True,False,False,False,False,0.08863385357301612,0.002273358928030416,0.0024035448640403172,0.6561143206841092,0.006184604724650166,0.2412751161836638,0.0008362093467786725,0.0022789916957113893
1.3671875,Disgust,False,False,True,False,False,False,False,False,0.059721251221669304,0.000562939818391995,0.44192020195088844,0.44189039504914773,0.011313773698355494,0.011313506062479137,0.011310078465702072,0.02196785373336592
1.40625,Fear,False,False,False,True,False,False,False,False,0.01527690028198156,0.0007604174907827499,0.029463734008651647,0.596766428222485,0.015282389874026593,0.04256279106701219,0.08058716404837293,0.2193001750066873
1.4453125,Fear,False,False,False,True,False,False,False,False,0.0022739950233888954,0.006178407006550461,0.0008361375868003496,0.6561967264868962,0.0022772017319565587,0.24128714831386033,0.002272711787509874,0.08867767206303723
1.484375,Fear,False,False,False,True,False,False,False,False,0.01767976619939429,0.0008736387799595167,0.034077269982118595,0.6854781559837367,0.0023774740702382636,0.006464596033769529,0.000873670743304538,0.25217542820747846
1.5234375,Fear,False,False,False,True,False,False,False,False,0.0175785367134225,0.0003204147295871943,0.006439297114294843,0.6832335426976222,0.00644051338597854,0.03389366853742525,0.0008707929387913722,0.25122323388287804
1.5625,Fear,False,False,False,True,False,False,False,False,0.010050442939739026,0.0004983721807848493,0.010009059610205396,0.3909278688545126,0.14331469927953483,0.05288503382277549,0.0013547961498020546,0.3909597271626458
1.6015625,Amusement,True,False,False,False,False,False,False,False,0.23942642838447398,0.002573746095065397,0.006995135889165175,0.10034547002342682,0.27039577751369964,0.2728196652685668,0.006996966361804491,0.10044681046379765
1.640625,Amusement,True,False,False,False,False,False,False,False,0.8093393910150114,0.0401970001215556,0.014749673211330873,0.10946034987683674,0.007623988187097359,0.002805526774817426,0.0010349930691518213,0.01478907774419881
1.6796875,Anger,False,True,False,False,False,False,False,False,0.015856917594878193,0.22656762177640033,0.0007872016118263646,0.08357172564380774,0.22719142181736485,0.2166581275432343,0.0021407239391883623,0.22722626007329982
1.71875,Inspiration,False,False,False,False,True,False,False,False,0.20240022579005443,0.005197118722187103,0.01414100441889602,0.014126241452247732,0.5510509335826937,0.2026888944673,0.005201267997081195,0.0051943135695397755
1.7578125,Amusement,True,False,False,False,False,False,False,False,0.40941237027219574,0.004103625876712757,0.4095329398744511,0.0014185002857198944,0.1507003476142245,0.010483920810256574,0.01049258486155993,0.003855710404879477
1.796875,Inspiration,False,False,False,False,True,False,False,False,0.18648983176535405,0.013235048746938234,0.03577328447695249,0.0017555888717892508,0.5071356240636985,0.06847000867945689,0.1864948840072225,0.0006457293885880342
1.8359375,Disgust,False,False,True,False,False,False,False,False,0.09527491122058292,0.0024380975428980873,0.7039660001771254,0.0008965421616265274,0.09529357249514744,0.0951484458663788,0.006652621567968348,0.0003298089682725198
1.875,Disgust,False,False,True,False,False,False,False,False,0.23468007235620494,0.002211376367247294,0.637913568043878,0.0008122826862237248,0.08633993111746079,0.03173957718515952,0.006004368106720436,0.00029882413710521086
1.9140625,Inspiration,False,False,False,False,True,False,False,False,0.012230509829683246,0.0064309247097249925,0.03319348072338717,0.0008504968567708161,0.6680087965262475,0.24572816388163524,0.03324476070205791,0.0003128667704932632
1.953125,Disgust,False,False,True,False,False,False,False,False,0.03713085365342637,0.007021637773494218,0.7456812506780233,0.0009495902056253679,0.10089636895051267,0.10092286739450303,0.007048127330883003,0.0003493040135320039
1.9921875,Disgust,False,False,True,False,False,False,False,False,0.23492779189727392,0.0008137419984227739,0.6385962382712367,0.0008130835822815047,0.03160386475308915,0.08642140895070971,0.00601078534213158,0.0008130852048547568
2.03125,Joy,False,False,False,False,False,True,False,False,0.007866444671396354,0.10974007600695374,0.04000157840864043,0.0010339576297290981,0.007653768708628458,0.811812877495006,0.02085725523000006,0.0010340418496459286
2.0703125,Joy,False,False,False,False,False,True,False,False,0.1043124737854891,0.0026793282234397623,0.002676791222659972,0.002677455931361385,0.0026763106635405466,0.7730989778759387,0.10458445675631795,0.0072942055412526016
2.109375,Joy,False,False,False,False,False,True,False,False,0.1905064180050861,0.06943247893757475,0.013336366877369532,0.0017986158630377623,0.013288859588718229,0.5191959925289753,0.19064253859307223,0.0017987296061660134
2.1484375,Joy,False,False,False,False,False,True,False,False,0.006677248795190755,0.002438463558253252,0.017970878201661142,0.0066193539463637084,0.006603738024709295,0.701392875059437,0.2579686514005315,0.0003287910138533027
2.1875,Sadness,False,False,False,False,False,False,True,False,0.0003497198735976701,0.0009510841944648107,0.00702376453143075,0.03707654440232033,0.007023230185032633,0.10095335002986315,0.7458201200763391,0.10080218670695136
2.2265625,Sadness,False,False,False,False,False,False,True,False,0.008529731121107598,0.008317393070398117,0.04348605838901434,0.008333364631545498,0.0030509874705826664,0.004112599847131675,0.8804193995872353,0.043750465882984854
2.265625,Sadness,False,False,False,False,False,False,True,False,0.1039509865183226,0.09993614414421752,0.014064341734316872,0.007284963400981059,0.002661870260009706,0.000979182450836046,0.768459693767383,0.0026628177239331904
2.3046875,Fear,False,False,False,True,False,False,False,False,0.05914485187945723,0.011265740491177704,0.004141245383711811,0.43921016913622246,0.01125743666435508,0.03492451167432818,0.4394956893231621,0.0005603554475855
2.34375,Fear,False,False,False,True,False,False,False,False,0.0403137502185929,0.002813788775377843,0.014765346871956873,0.8101371991011034,0.0010331124889311936,0.007748467683482299,0.10950371505197849,0.013684619808577032
2.3828125,Sadness,False,False,False,False,False,False,True,False,0.03855080967798439,0.03860191423906812,0.1050085281805505,0.0009892400758952883,0.002688321712593182,0.0009888352025271573,0.7754361418910212,0.03773620902036033
2.421875,Anger,False,True,False,False,False,False,False,False,0.19073043201924486,0.5181725273081068,0.013283916688813012,0.19069844228067823,0.0017956595525889939,0.013412973908825801,0.07010958558277379,0.001796462658968587
2.4609375,Fear,False,False,False,True,False,False,False,False,0.038330153285899844,0.001872427173198044,0.19806488540149558,0.5392231103657357,0.005094193670919024,0.19827466368076754,0.0051107682626060765,0.014029798159378017
2.5,Fear,False,False,False,True,False,False,False,False,0.11530934791043,0.04154495567768218,0.04234308478250551,0.31213551272751217,0.05991555342897753,0.0010873782241062368,0.31353321541761353,0.11413095183117282
2.5390625,Amusement,True,False,False,False,False,False,False,False,0.6383397168913671,0.23407023595809442,0.016349120979902463,0.016358450035860523,0.002211827615582799,0.0164326245383993,0.03174205050410874,0.0444959734766845
2.578125,Joy,False,False,False,False,False,True,False,False,0.2018958448543616,0.005174152920911541,0.009108955190761532,0.20151668749273763,0.005169496129721658,0.5490059035022488,0.01407416900016673,0.014054790909090651
2.6171875,Fear,False,False,False,True,False,False,False,False,0.23490313554269526,0.0008137994595986668,0.08636480566588872,0.6384867758103087,0.0008138929265874285,0.006094425106055098,0.0008137023951108698,0.03170946309375528
2.65625,Fear,False,False,False,True,False,False,False,False,0.00787854480387043,0.0010469008658697551,0.0028469868068256147,0.820880175235794,0.007755770473845708,0.04080338967346059,0.0077385878252147705,0.11104964431511918
2.6953125,Amusement,True,False,False,False,False,False,False,False,0.3570850875468661,0.003368045154468459,0.001237887589108742,0.13116023238822405,0.0004553623165553237,0.1315052969352199,0.017756693210367828,0.3574313948591897
2.734375,Amusement,True,False,False,False,False,False,False,False,0.35724402395288085,0.00123827210369254,0.01766584722509043,0.35715673045530444,0.003365746971368299,0.1314773518215376,0.00045534116755804156,0.1313966863025678
2.7734375,Fear,False,False,False,True,False,False,False,False,0.028052290547243685,0.0013898109924562175,0.010271086902093104,0.40111805246247534,0.010287614990165249,0.14745897680571815,0.0005111403510055565,0.40091102694884273
2.8125,Tenderness,False,False,False,False,False,False,False,True,0.013275021793362709,0.0006603714703600915,0.013264503228704348,0.19052867993383768,0.06862248248502492,0.19058850131889848,0.004883153295959919,0.5181772864738519
2.8515625,Joy,False,False,False,False,False,True,False,False,0.02517571702827549,0.003404635182705,0.025127491616929194,0.13235193851672727,0.025169083081707712,0.35869153698684586,0.06919216595942007,0.3608874316273895
2.890625,Amusement,True,False,False,False,False,False,False,False,0.523549856755861,0.07009769120774799,0.07069176604104672,0.0705207814182083,0.07021011515954208,0.0006670627036934881,0.1924492703316148,0.0018134563822855801
2.9296875,Inspiration,False,False,False,False,True,False,False,False,0.18909412942567289,0.013317189242264717,0.0006612530297317291,0.19078060886748402,0.5190867637211172,0.013312547575304243,0.06885838192338113,0.004889126215044059
2.96875,Amusement,True,False,False,False,False,False,False,False,0.6004480131016061,0.002083196560704996,0.08095072561994476,0.04186337907338195,0.2210246833128149,0.04230261689591901,0.005660508039573095,0.005666877396055259
3.0078125,Disgust,False,False,True,False,False,False,False,False,0.10422102201869886,0.0027062959840829836,0.7705964331302266,0.007260303209814188,0.10430400381273801,0.007258059200972159,0.0026719522683520416,0.000981930375115074
3.046875,Inspiration,False,False,False,False,True,False,False,False,0.0959147186441401,0.09564588198400624,0.018170457660242507,0.006676095041450193,0.26094785053890596,0.26085055604976815,0.2608911345554961,0.0009033055259907398
3.0859375,Disgust,False,False,True,False,False,False,False,False,0.012546774324042222,0.006466682404501618,0.6858031510866125,0.0008745818267598812,0.25262234405583706,0.0341442309846641,0.006667404186613896,0.0008748311309687739
3.125,Inspiration,False,False,False,False,True,False,False,False,0.08304233581242682,0.08362230618637376,0.030752027826848757,0.0007881745241019589,0.618784343343971,0.08353978377729392,0.08363564680500148,0.01583538172398241
3.1640625,Joy,False,False,False,False,False,True,False,False,0.03545485455808052,0.06856405485742766,0.012985306343395899,0.0017563800040148586,0.18661077814934315,0.5073928846189106,0.18658962134843268,0.000646120120394574
3.203125,Joy,False,False,False,False,False,True,False,False,0.03998380721692354,0.021954030379293228,0.007633522541078934,0.002784507760783466,0.014711956505573184,0.8041396957859545,0.10841571620664825,0.0003767636037450064
3.2421875,Disgust,False,False,True,False,False,False,False,False,0.0700230883283606,0.013258379803570664,0.517470125889358,0.0006591611194349833,0.01344654850183287,0.1903807822284973,0.18989002407282413,0.004871890056121346
3.28125,Joy,False,False,False,False,False,True,False,False,0.014692152135944958,0.04009902157000003,0.007626338480815659,0.0010277746476619692,0.020700761018758788,0.8069454001319468,0.10788064029456211,0.0010279117203096345
3.3203125,Joy,False,False,False,False,False,True,False,False,0.05741399695161765,0.007696861575395235,0.00763230332088627,0.0028074751233468378,0.0010325971251545845,0.8109383167147486,0.1096700157881425,0.002808433400708312
3.359375,Joy,False,False,False,False,False,True,False,False,0.03979532646361951,0.037361775171030384,0.007547921608547656,0.0010205212960676122,0.0027744990873512527,0.8011261696193855,0.10759748679812559,0.0027762999558724063
3.3984375,Joy,False,False,False,False,False,True,False,False,0.007049824969145992,0.012733290075035998,0.018033357434306223,0.002430446620270501,0.0008909078770668625,0.6994208392823509,0.257015040975983,0.002426292765840597
3.4375,Joy,False,False,False,False,False,True,False,False,0.0013401221237965319,0.003644987716943535,0.02689878833126501,0.05224305417464016,0.0004925270645677782,0.3867239053984731,0.38650837641016894,0.14214823878014488
3.4765625,Joy,False,False,False,False,False,True,False,False,0.010151046299753882,0.0037042259120280865,0.14412724900142032,0.001361272188602722,0.001360984157215127,0.39310696719090404,0.392996287220243,0.05319196802983272
3.515625,Amusement,True,False,False,False,False,False,False,False,0.7951883786342636,0.039552358496883884,0.10763359907941757,0.00037285074654265694,0.007484759064368775,0.03951045539561511,0.0027570236238479338,0.007500574959060437
3.5546875,Amusement,True,False,False,False,False,False,False,False,0.2243679170389452,0.2243660977569449,0.015638936871965655,0.2244043957148494,0.0007773045884771094,0.08255653015378585,0.22378986114304134,0.004098956731990662
3.59375,Tenderness,False,False,False,False,False,False,False,True,0.005481938745743978,0.015000280966630836,0.07836044099680242,0.02564870232565307,0.0020126668636543396,0.07863607574125286,0.21373256855926961,0.5811273258009929
3.6328125,Anger,False,True,False,False,False,False,False,False,0.024406800636095058,0.34196528335379583,0.125852953044211,0.008756155468413329,0.008753265586752426,0.02381075815796031,0.12574649273023705,0.34070829102253486
3.671875,Amusement,True,False,False,False,False,False,False,False,0.28243967544482584,0.2823993035720937,0.10335173469785755,0.28250076831692966,0.002659010146074206,0.019696056607184636,0.007283291738609046,0.01967015947642522
3.7109375,Fear,False,False,False,True,False,False,False,False,0.015136225167801658,0.002042072332835746,0.07920795657307676,0.5885886117426173,0.015100760828693978,0.21655334975519328,0.005638244146227147,0.07773277945355414
3.75,Amusement,True,False,False,False,False,False,False,False,0.3415528339994491,0.008787505236172397,0.1258999051952461,0.34159332769395445,0.023839020906926436,0.008761478340422707,0.023872500500069633,0.12569342812775916
3.7890625,Amusement,True,False,False,False,False,False,False,False,0.5911247793629849,0.07965709899667904,0.07988703162081165,0.015173828916475762,0.005573764019792037,0.005575189777626049,0.0056236295846667,0.21738467772096393
3.828125,Disgust,False,False,True,False,False,False,False,False,0.21717748068613102,0.005573969585960648,0.5910248254041877,0.07998072668055282,0.005574921255709337,0.07986567629773304,0.005570745123999712,0.015231654965725787
3.8671875,Amusement,True,False,False,False,False,False,False,False,0.31524969373942147,0.00109232222747293,0.31538611119129223,0.3153400967778131,0.0010925373955422359,0.008076830369145156,0.001092488257907326,0.042669920041405573
3.90625,Fear,False,False,False,True,False,False,False,False,0.007901457963390262,0.002884866285353305,0.015116959233806926,0.8313215752555981,0.00787038617660703,0.02136360456631724,0.0010602356563692982,0.11248091486255775
3.9453125,Tenderness,False,False,False,False,False,False,False,True,0.17070160042188784,0.0005936535770408138,0.004387894146013055,0.1710565605650327,0.004384089862826413,0.17122365188413458,0.011945711507795068,0.46570683803526963
3.984375,Joy,False,False,False,False,False,True,False,False,0.08878731593097845,0.0022719636713507607,0.2412334860110062,0.0022713202206388738,0.0008353704950959853,0.65615422732235,0.006174375718807098,0.0022719406297726794
4.0234375,Joy,False,False,False,False,False,True,False,False,0.09560771066396057,0.000899337735475749,0.09560575249610442,0.09556050876305255,0.0024445344405028963,0.7065380240423822,0.0008993046391679649,0.0024448272193536976
4.0625,Joy,False,False,False,False,False,True,False,False,0.08774216312224487,0.0008254701352672693,0.23854757160002002,0.006101942585439405,0.0008254540273352904,0.6485505389104805,0.01658127892324391,0.0008255806959688169
4.1015625,Joy,False,False,False,False,False,True,False,False,0.10305637435189666,0.0009708174378678935,0.01957172566162219,0.007178422962366275,0.0009707752565689008,0.7626291243090972,0.10298271717892343,0.0026400428416575063
4.140625,Amusement,True,False,False,False,False,False,False,False,0.7683718393219667,0.0009801403460061955,0.007264683510446579,0.10393108303366225,0.10393991703904204,0.007286209065552244,0.0009797381244736987,0.007246389558850315
4.1796875,Amusement,True,False,False,False,False,False,False,False,0.26347243895887495,0.00674233682863574,0.2633779392237954,0.2633171977140266,0.09693506027947559,0.006743665423583582,0.09693111228557602,0.0024802492860321
4.21875,Disgust,False,False,True,False,False,False,False,False,0.033578564527451914,0.0008585738467755959,0.6744583679194996,0.0063521184474455705,0.03345256337945111,0.24810711063665497,0.0023341721392769366,0.0008585291034442358
4.2578125,Disgust,False,False,True,False,False,False,False,False,0.034339288244696835,0.002386462564652414,0.6897450611043955,0.006488511637826269,0.006488339802915892,0.2537414287021535,0.0064879446054278535,0.0003229633379316767
4.296875,Joy,False,False,False,False,False,True,False,False,0.03354208906277415,0.002331020581009333,0.24785149228289707,0.0023311201593454196,0.006336509241525353,0.6737549529225318,0.033537356198942825,0.0003154595509740847
4.3359375,Disgust,False,False,True,False,False,False,False,False,0.034099289768682296,0.00236964399585721,0.6849151870099274,0.002369766325505335,0.006441690350133055,0.25197211768071653,0.017511614070605825,0.000320690798572474
4.375,Disgust,False,False,True,False,False,False,False,False,0.08768623196167431,0.0008246457059171492,0.6479257840713005,0.002241661139843686,0.006093730308216274,0.23836086968533227,0.016563712694989387,0.0003033644327263592
4.4140625,Joy,False,False,False,False,False,True,False,False,0.08768068104183102,0.0008245942589221254,0.2383388410710614,0.00224147003468416,0.016626659865003102,0.6478911526740866,0.006093259045595433,0.00030334200881625416
4.453125,Disgust,False,False,True,False,False,False,False,False,0.0876867436405566,0.0008246742835205634,0.6479190914665491,0.002241694904806589,0.00609420171914028,0.2383622159826483,0.016568010812942627,0.00030336718983581544
4.4921875,Disgust,False,False,True,False,False,False,False,False,0.08768599291958677,0.0008247387976340872,0.6479179587598781,0.0022418604751753717,0.006094152153597893,0.2383651254156665,0.01656678423546626,0.0003033872429949275
4.53125,Joy,False,False,False,False,False,True,False,False,0.008136341600280383,0.02211950351075503,0.022104009565738155,0.001099919590999628,0.022092766579441793,0.8638813706452214,0.06016150047295757,0.0004045880346060831
4.5703125,Joy,False,False,False,False,False,True,False,False,0.0004607913328870136,0.003409982275507641,0.003404674433441322,0.0034093138687560885,0.13306675963808862,0.36167645045868707,0.36162791420700113,0.13294411378563117
4.609375,Inspiration,False,False,False,False,True,False,False,False,0.0009681021917345339,0.007151458509071821,0.10255159676841269,0.007164827359917536,0.7596242431320503,0.00035583571487089006,0.10273258752747477,0.019451348796467382
4.6484375,Inspiration,False,False,False,False,True,False,False,False,0.010512706104464208,0.0038545569615291834,0.15055193170971298,0.0038557314332827333,0.4096800573654918,0.010476775353355769,0.4096505033379623,0.0014177377342011555
4.6875,Inspiration,False,False,False,False,True,False,False,False,0.18912289288665998,0.0017792642569774053,0.025594427470317684,0.18905741512344482,0.5141669606746793,0.013149111253123524,0.06535075073120235,0.0017791776035948055
4.7265625,Amusement,True,False,False,False,False,False,False,False,0.6379191675066291,0.00029875181161940774,0.03176061244798064,0.08630927874408954,0.23469092686433665,0.002207684052606403,0.006001463363035318,0.0008121152097029057
4.765625,Disgust,False,False,True,False,False,False,False,False,0.1461164808689943,0.0013746221776144748,0.3972303895834149,0.010163632559406,0.019755543021709458,0.02763459552776435,0.3972190895297198,0.0005056467313766658
4.8046875,Disgust,False,False,True,False,False,False,False,False,0.14255357492221626,0.0013409603276588514,0.3874877978335578,0.018265456342152094,0.009913204500711746,0.05243593754502374,0.387509788152911,0.0004932803757686792
4.84375,Amusement,True,False,False,False,False,False,False,False,0.32451077443531956,0.0011229030577717554,0.3244959129561843,0.008348915034575502,0.008299594487570807,0.32450660325019487,0.008302225461719869,0.00041307131666328976
4.8828125,Amusement,True,False,False,False,False,False,False,False,0.3812248595716102,0.0013193577795169492,0.3812386832256598,0.07293895069424283,0.0035865037178888395,0.14023517926876247,0.0189711328952268,0.00048533284709221755
4.921875,Sadness,False,False,False,False,False,False,True,False,0.19030582571356672,0.0048675652215653745,0.06999685734264484,0.013230587943876734,0.013228325629312726,0.1903334442750112,0.5173787863307436,0.0006586075432787655
4.9609375,Joy,False,False,False,False,False,True,False,False,0.23466384870394122,0.0008121683464758974,0.0863186714257345,0.0022081860319163645,0.006000705601422327,0.6379418198657536,0.031755832194052154,0.0002987678307039275
5.0,Disgust,False,False,True,False,False,False,False,False,0.08768220778541898,0.000825039215100988,0.6478909131300022,0.01658014130049199,0.002242418156979999,0.2383779790732798,0.006097797821103657,0.00030350351762226644
5.0390625,Joy,False,False,False,False,False,True,False,False,0.2346426045153724,0.0008122970535918508,0.08630209564935343,0.0022081198319695403,0.006001149263816296,0.6379827235274053,0.031752233000950314,0.00029877715754096255
5.078125,Joy,False,False,False,False,False,True,False,False,0.23542851968609912,0.0008150669280341963,0.03182324137692081,0.002215664755134128,0.0022149775634466187,0.6400943021020447,0.08659332753721066,0.000814900051109877
5.1171875,Joy,False,False,False,False,False,True,False,False,0.23468362028669748,0.0002989410849765094,0.031721440163304214,0.08622743072636002,0.006005555346633749,0.6380398199774018,0.0008125699638054168,0.0022106224508209173
5.15625,Fear,False,False,False,True,False,False,False,False,0.06852897747918443,0.0006502515866247404,0.035514407934817846,0.5102099213550173,0.004806211957324029,0.18780019615565346,0.00480619188435154,0.18768384164702656
5.1953125,Fear,False,False,False,True,False,False,False,False,0.09933606187983295,0.004764238428966248,0.004760870184679566,0.5053908087232335,0.0006442477305774804,0.1861135579956521,0.012970256081120506,0.18601995897593776
5.234375,Joy,False,False,False,False,False,True,False,False,0.110653202678084,0.005402329190588495,0.014703235424721824,0.2107540031787974,0.001986037770842948,0.5735750205647465,0.005399470647955593,0.0775267005442633
5.2734375,Fear,False,False,False,True,False,False,False,False,0.09517749464967756,0.0024386618183844344,0.006630425747428171,0.7039973342702752,0.0008970166490821638,0.09528262104870548,0.000329895079750348,0.09524655073669662
5.3125,Tenderness,False,False,False,False,False,False,False,True,0.017892503934826828,0.00032678315267758984,0.006562016028776558,0.01275450995493385,0.006565718287031005,0.2564004873672454,0.002414609305043381,0.6970833719694655
5.3515625,Anger,False,True,False,False,False,False,False,False,0.03197658019035286,0.4576182041001523,0.0015870483089295972,0.00158765196600457,0.001586788080556805,0.1686110933926853,0.1685037807827329,0.16852885317858562
5.390625,Amusement,True,False,False,False,False,False,False,False,0.6074114838075054,0.22347824974870026,0.030002429847862985,0.015613665873452032,0.005732384020280793,0.030166249519953593,0.005726192627526903,0.0818693445547179
5.4296875,Anger,False,True,False,False,False,False,False,False,0.011009398273159068,0.42932421043211616,0.0014884468179310528,0.0580981648047389,0.05811389154763645,0.0110674363542102,0.001489792737317336,0.42940865903289077
5.46875,Joy,False,False,False,False,False,True,False,False,0.09198600085446676,0.006423912334968071,0.047469816140389594,0.002357005159168265,0.09203117389241477,0.6803288314014704,0.04742323766787021,0.0319800225492518
5.5078125,Disgust,False,False,True,False,False,False,False,False,0.013576981622892625,0.19443772688094965,0.5284783913443005,0.0006738939826898838,0.19408556467794763,0.02616983489713734,0.036967524711582114,0.005610081882500185
5.546875,Joy,False,False,False,False,False,True,False,False,0.03884805829775087,0.014257743765985115,0.0388109410501758,0.0009946176082891115,0.019997728789759323,0.7810356837448316,0.10568936472767948,0.00036586201552872214
5.5859375,Joy,False,False,False,False,False,True,False,False,0.03722087154303151,0.0025889919090895585,0.10118960989976816,0.002588411213360805,0.00704163688789108,0.7478833872155305,0.10113680144205522,0.0003502898892731405
5.625,Disgust,False,False,True,False,False,False,False,False,0.03409754391006241,0.002370979251693431,0.6848964107856267,0.002370344042265648,0.0064485457845994245,0.25197366073532834,0.0175217393903149,0.00032077610010924234
5.6640625,Joy,False,False,False,False,False,True,False,False,0.04277803457062413,0.008089262122791955,0.04225805102337067,0.0029741531907943593,0.021996221769200762,0.8594968089829336,0.022004978677219456,0.00040248966306509866
5.703125,Joy,False,False,False,False,False,True,False,False,0.03722674800069878,0.002588494645311513,0.10118056786251992,0.0025877965589241898,0.00703428669015105,0.7478748111582874,0.10115709850062249,0.00035019658348458014
5.7421875,Joy,False,False,False,False,False,True,False,False,0.08776106432831553,0.0008255926098401647,0.2385545324343966,0.0008255089019485598,0.016581382718311746,0.648526210058465,0.006100194575143657,0.0008255143735786538
5.78125,Joy,False,False,False,False,False,True,False,False,0.04036019402675047,0.002805877279494819,0.10971100913261794,0.007626885178947031,0.02073046579849902,0.8107601065169793,0.0076257983228649176,0.0003796637438464548
5.8203125,Joy,False,False,False,False,False,True,False,False,0.10346279095037393,0.0026462129147014498,0.10344645099187993,0.002645733687873446,0.0009732209127121652,0.7646144365409476,0.019565507877895072,0.0026456461236163487
5.859375,Joy,False,False,False,False,False,True,False,False,0.08797205535335131,0.0008275868156401355,0.23913338367423478,0.000827514444164793,0.0022493546519622132,0.6501161841357872,0.016624469989467257,0.0022494509353922724
5.8984375,Joy,False,False,False,False,False,True,False,False,0.10346431972917879,0.0026464291340352933,0.10346441125788153,0.019567372039000868,0.002645592229054415,0.7645925707637758,0.0009732444582450512,0.0026460603888282153
5.9375,Joy,False,False,False,False,False,True,False,False,0.04082901591749463,0.0028413790639515023,0.11108172085735035,0.007739412384615512,0.001045062593447142,0.8210156755355632,0.007723162694978775,0.007724570952598866
5.9765625,Joy,False,False,False,False,False,True,False,False,0.034427017169963686,0.002395725415546464,0.2546305047359343,0.0023954898681743885,0.0008811294751352962,0.6922345664430851,0.006518609782364887,0.006516957109795782
6.015625,Disgust,False,False,True,False,False,False,False,False,0.08877431971415066,0.0008355491045836986,0.6560481163703619,0.002271542866973613,0.0022702427371029234,0.2413519551347169,0.0022704567053219798,0.006177817366788408
6.0546875,Fear,False,False,False,True,False,False,False,False,0.0046470086800219955,0.002391428826862257,0.03436110829070671,0.6906155508027627,0.0064977846620798,0.2541045528840318,0.0008793590006052013,0.006503206852929506
6.09375,Tenderness,False,False,False,False,False,False,False,True,0.011921306619555774,0.0005931351686592819,0.1712676000392484,0.1712928363627573,0.004382444226392993,0.17130293669706678,0.004383744432956486,0.46485599645336295
6.1328125,Disgust,False,False,True,False,False,False,False,False,0.001828718283599266,0.037785096547298294,0.5277795030765403,0.03781749092234963,0.001827223472223008,0.004975143448331604,0.19403081037897113,0.19395601387068684
6.171875,Anger,False,True,False,False,False,False,False,False,0.04712778103911744,0.3443681204939165,0.047204473752015565,0.1283918209701755,0.008931026968297626,0.06618952590248287,0.008933491339654362,0.34885375953434017
6.2109375,Fear,False,False,False,True,False,False,False,False,0.005188383515257142,0.014119179273083303,0.00519521720330827,0.5509492530844492,0.014107238297716734,0.20265198212647165,0.005188294904159897,0.20260045159555384
6.25,Fear,False,False,False,True,False,False,False,False,0.0023848778848446356,0.0023848925254164564,0.0023869035738616423,0.6873138802864822,0.01760752187072261,0.0008761527327418306,0.03414365694468876,0.2529021141812419
6.2890625,Tenderness,False,False,False,False,False,False,False,True,0.1740527852229673,0.09001259609335165,0.012129664417921963,0.06380150642180411,0.08982951717987976,0.06392584720422077,0.0330415650308744,0.47320651842898
6.328125,Fear,False,False,False,True,False,False,False,False,0.006180405379459288,0.006166058631940941,0.0008341271485091783,0.654513990311424,0.0022687426225428643,0.08855299759923775,0.0008342142576269492,0.240649464049259
6.3671875,Amusement,True,False,False,False,False,False,False,False,0.390668461177126,0.0013539973045107762,0.39084463047575363,0.14372154177721216,0.010016861354212068,0.01003428744899194,0.0004981148591541093,0.05286210560303927
6.40625,Fear,False,False,False,True,False,False,False,False,0.0008144906981299012,0.0002993643373500253,0.08627560628285494,0.638710915821422,0.030960571451968733,0.006019050746309729,0.0022136458683683197,0.23470635479359628
6.4453125,Tenderness,False,False,False,False,False,False,False,True,0.006581862787861033,0.00032670694701883885,0.0024144355484964843,0.25641274357673666,0.017867541173451934,0.012721193555539948,0.006571925892011735,0.6971035905188835
6.484375,Joy,False,False,False,False,False,True,False,False,0.0670410608507688,0.0048294925827609345,0.0358227091426842,0.0017731475406957257,0.0017730893071603406,0.5121580349098463,0.18821683486183022,0.18838563080425338
6.5234375,Joy,False,False,False,False,False,True,False,False,0.2389212315360566,0.002248626728999067,0.01661505316998454,0.08787507817984291,0.0022477732998096435,0.649533698100017,0.00030418070546208364,0.0022543582798281126
6.5625,Fear,False,False,False,True,False,False,False,False,0.03809885618939813,0.05338137951417522,0.0072235061487475214,0.28220980899953124,0.2822408533898243,0.28217694349456,0.0009771978781032927,0.05369145438566033
6.6015625,Inspiration,False,False,False,False,True,False,False,False,0.19693312595476561,0.0006823399252054975,0.1969638063538331,0.013722966894890982,0.5356644612538665,0.03728402190763796,0.005042051160707531,0.013707226549092982
6.640625,Amusement,True,False,False,False,False,False,False,False,0.4095922368045756,0.0014185671261059333,0.15066217326538867,0.010481253261828676,0.4096456214866759,0.003856607767929009,0.010486797717877944,0.003856742569618174
6.6796875,Inspiration,False,False,False,False,True,False,False,False,0.020049375072665326,0.0005136806529386545,0.010318720262855073,0.14831996551053275,0.40344696933168844,0.40323463156200523,0.0037976450912709445,0.010319012516043688
6.71875,Joy,False,False,False,False,False,True,False,False,0.013546528915623184,0.0006743587396814144,0.19480697242637304,0.19284372287645635,0.02635895247478246,0.5295991568616398,0.004999521234412979,0.037170786471030635
6.7578125,Disgust,False,False,True,False,False,False,False,False,0.018935538848039536,0.002562417951764789,0.2722166818625002,0.14021514476040364,0.01893751486962497,0.27231897104152203,0.2722509772472863,0.002562753418858525
6.796875,Fear,False,False,False,True,False,False,False,False,0.006333101292552941,0.0003147523585955381,0.03344604998024058,0.6720534761471707,0.03344886253409734,0.24721736933711963,0.0008556106013192115,0.006330777748903992
6.8359375,Fear,False,False,False,True,False,False,False,False,0.00999478610167674,0.0004975386841651566,0.14370105971198935,0.3907940585164092,0.05287560909004693,0.39078655118252204,0.001352859522590481,0.009997537190600007
