time_sec,pred_label,Amusement,Anger,Disgust,Fear,Inspiration,Joy,Sadness,Tenderness,prob_Amusement,prob_Anger,prob_Disgust,prob_Fear,prob_Inspiration,prob_Joy,prob_Sadness,prob_Tenderness
0.0390625,Fear,False,False,False,True,False,False,False,False,0.06919524519416102,0.0034355445514905204,0.009338869907288065,0.36517505236312514,0.06918619352062114,0.36523485282953005,0.06903836110462137,0.04939588052916276
0.078125,Fear,False,False,False,True,False,False,False,False,0.0029408731380555016,0.001081964219132696,0.042235128377419974,0.3126127176597917,0.3126107051037153,0.015540673394380294,0.0003979341627904557,0.31258000394471414
0.1171875,Inspiration,False,False,False,False,True,False,False,False,0.011640380984770219,0.03176228206250543,0.0015746216360855514,0.011765260594045134,0.45471499538978366,0.032255332890121884,0.0015751646307263305,0.4547119618119618
0.15625,Fear,False,False,False,True,False,False,False,False,0.07000860214272821,0.0006595055775064597,0.19004278438555083,0.5174986328997521,0.004873586294606123,0.19040395288358397,0.01325602503618394,0.013256910780088298
0.1953125,Joy,False,False,False,False,False,True,False,False,0.004378327631286274,0.004385372367813019,0.014044113331944616,0.17063473010181024,0.17081045492592753,0.464400325206534,0.0005917119050702841,0.17075496452961395
0.234375,Anger,False,True,False,False,False,False,False,False,0.001358758494823717,0.39043375967913546,0.0521785847219479,0.010102544883775526,0.010042691146782723,0.39145982872520113,0.0004990027243539109,0.1439248296239796
0.2734375,Joy,False,False,False,False,False,True,False,False,0.02555844931438611,0.0006574147199078761,0.01320820917017706,0.18143297379922887,0.06957910540568861,0.5153665296890092,0.004854755294790647,0.18934256260681173
0.3125,Joy,False,False,False,False,False,True,False,False,0.016129584676343792,0.23007580052523655,0.00589282011909921,0.01604157943212199,0.00589866544313441,0.6256924985130677,0.016070888479334328,0.08419816281166186
0.3515625,Anger,False,True,False,False,False,False,False,False,0.0367664158475801,0.7457718440132637,0.10079890059344754,0.0025858264782426064,0.011557616492796807,0.10059896296956959,0.0009511731918828485,0.0009692604132167928
0.390625,Anger,False,True,False,False,False,False,False,False,0.05746101793818446,0.42435803806357303,0.004004090966819155,0.01090689794160993,0.42499062349891076,0.020946462493549995,0.0005417222568698488,0.05679114684048288
0.4296875,Amusement,True,False,False,False,False,False,False,False,0.28254712906746254,0.28170423068487704,0.01971988443812594,0.01966411062708504,0.2825838118967058,0.103870548089618,0.002661148330062706,0.007249136866062931
0.46875,Anger,False,True,False,False,False,False,False,False,0.04299269985451258,0.8636349626035107,0.015654805221351768,0.0011011860583880814,0.008606943503344103,0.002992839122477818,0.04281906975793331,0.022197493878481703
0.5078125,Amusement,True,False,False,False,False,False,False,False,0.2848787746892321,0.2849085221902807,0.28362452437360397,0.019941461682781332,0.10474444736882481,0.007299442909537277,0.00730260861860023,0.0073002181671396925
0.546875,Amusement,True,False,False,False,False,False,False,False,0.38929557793364944,0.143153049339786,0.01905377258642613,0.05257841950396169,0.38955172113680697,0.0013494073170479744,0.0013495472584914877,0.0036685049238302583
0.5859375,Inspiration,False,False,False,False,True,False,False,False,0.0038270973897458153,0.14917748891650995,0.020068117233457194,0.0038250126201415952,0.40565453581520705,0.0014058101171922372,0.405653413363125,0.010388524544621202
0.625,Amusement,True,False,False,False,False,False,False,False,0.28246878668254766,0.2821529603892783,0.2822828994347847,0.019687101127037747,0.002660760439818307,0.007237382642391513,0.10384725482574028,0.0196628544584017
0.6640625,Inspiration,False,False,False,False,True,False,False,False,0.07556515619704436,0.20149993531074145,0.07554025534936806,0.005271530827709035,0.5592124278546193,0.07569790399247397,0.005274488544717297,0.0019383019233264807
0.703125,Joy,False,False,False,False,False,True,False,False,0.19171071171665044,0.013359104758058684,0.19170292547921233,0.0049078980845129305,0.07044580897413694,0.5211578782799736,0.004910541176519289,0.0018051315309356465
0.7421875,Disgust,False,False,True,False,False,False,False,False,0.0037067753946586307,0.14398178433369885,0.3930007638801708,0.0013623913604673319,0.0100720607452684,0.39334783567681775,0.053165404043355305,0.0013629845655628978
0.78125,Joy,False,False,False,False,False,True,False,False,0.006719540226130992,0.006649000032922912,0.01804792567352036,0.0008969525631624599,0.0024370153573278273,0.7039492379594683,0.25886298017074527,0.00243734801672185
0.8203125,Joy,False,False,False,False,False,True,False,False,0.014734816774873458,0.007595108980368252,0.10899792163851238,0.0010267170619429713,0.020640116488196095,0.805947884993317,0.04003095636594216,0.0010264776968476413
0.859375,Disgust,False,False,True,False,False,False,False,False,0.09550404766926046,0.0009008726532916674,0.7066666691489268,0.0024475497608071393,0.002446516113765362,0.09563191215824421,0.09550238610171034,0.0009000463939940837
0.8984375,Sadness,False,False,False,False,False,False,True,False,0.012703892672145205,0.0008899743995690954,0.01790236342607968,0.006573643902806663,0.0008889554019565744,0.2567395136166702,0.6977280545726307,0.006573602008142086
0.9375,Sadness,False,False,False,False,False,False,True,False,0.0862368510172132,0.00029919099476065,0.23451046443345577,0.00221075254085194,0.006009818632987435,0.03171817924473512,0.6382019093715988,0.0008128337643970256
0.9765625,Sadness,False,False,False,False,False,False,True,False,0.08877701069280759,0.0022742268429627233,0.24140312684384255,0.0022725220024371793,0.00618769701052983,0.002275384266570523,0.6559743240836715,0.0008357082571780316
1.015625,Sadness,False,False,False,False,False,False,True,False,0.08818088852046352,0.0003061786904273869,0.239881846086129,0.006152703412212899,0.006143629851702708,0.006181082631688598,0.6523224981833176,0.00083117262405841
1.0546875,Sadness,False,False,False,False,False,False,True,False,0.033098185991397425,0.00031251724169491956,0.24441612919798777,0.04712104682336619,0.006286424951173321,0.0023090406943104985,0.6656079562082468,0.0008486988918229274
1.09375,Amusement,True,False,False,False,False,False,False,False,0.3945650857295207,0.010116488023320267,0.3946807079996405,0.0037162732893597067,0.0490240713253407,0.0013666278498007834,0.14516377015017903,0.001366975632838352
1.1328125,Disgust,False,False,True,False,False,False,False,False,0.103125604469906,0.0026424036220729116,0.7624164954923525,0.01954405614779758,0.007189054782316789,0.0009712431975685298,0.10313964655222976,0.0009714957357559172
1.171875,Fear,False,False,False,True,False,False,False,False,0.00670448828518449,0.000895021643964298,0.25709899142509685,0.699522108654729,0.018137771996148872,0.002426507286656777,0.012788581361717077,0.0024265293465025642
1.2109375,Fear,False,False,False,True,False,False,False,False,0.011942887647354902,0.0016097648056665281,0.17078832511237158,0.4641353201374766,0.17077244497339758,0.001608905418645841,0.00849120718464246,0.17065114472044468
1.25,Disgust,False,False,True,False,False,False,False,False,0.18837053833975587,0.0017760549338271974,0.5126399235730058,0.18843803644804316,0.025302118138986997,0.00177533007674189,0.013290855468017445,0.06840714302162168
1.2890625,Fear,False,False,False,True,False,False,False,False,0.01009366255225624,0.0013621360164504308,0.1444540001549125,0.39283548436262117,0.39303944090988985,0.0013628635698741186,0.0037031427363618083,0.05314926969763395
1.328125,Inspiration,False,False,False,False,True,False,False,False,0.0022334347889772506,0.0008216478243556791,0.01152934420243675,0.08717313679996132,0.6442274963079488,0.016635721006904185,0.0003021207517202866,0.23707709831769566
1.3671875,Disgust,False,False,True,False,False,False,False,False,0.004827906224110466,0.0006522567959259967,0.5113050964535452,0.18736552505161294,0.013146630594454102,0.025306462154166886,0.06918466186316502,0.1882114608630193
1.40625,Fear,False,False,False,True,False,False,False,False,0.010819290449770062,0.0005378988911055859,0.056776408109935866,0.4218660273814653,0.029415934348145382,0.42201884845279314,0.0014620794972544139,0.0571035128695302
1.4453125,Joy,False,False,False,False,False,True,False,False,0.0008516113104728433,0.0023171908539637407,0.017164396375810475,0.0330890049645876,0.2453396754432916,0.667723518074961,0.00031299581440304456,0.033201607162509784
1.484375,Inspiration,False,False,False,False,True,False,False,False,0.006012298224812182,0.0002991515282672791,0.0022132707043275913,0.08629160830776729,0.6378545275514359,0.23477248505022416,0.0008134184345600232,0.03174324019860567
1.5234375,Joy,False,False,False,False,False,True,False,False,0.23699269121359257,0.0008210930566653245,0.016514952341751394,0.011784799153292638,0.08678909678831367,0.644563290178136,0.0003019881292637361,0.002232089138984723
1.5625,Joy,False,False,False,False,False,True,False,False,0.007196115700161586,0.0026506437272290494,0.0009718098415032119,0.10310201293383336,0.01954524409191931,0.7625832562448727,0.0009717399931519187,0.10297917746732875
1.6015625,Anger,False,True,False,False,False,False,False,False,0.06069965567397878,0.449170234647894,0.01153094029617531,0.011522377953032105,0.01177916851630744,0.4495005552701338,0.001558789768921478,0.004238277873557126
1.640625,Anger,False,True,False,False,False,False,False,False,0.11474623782981401,0.31066124352598207,0.00294352355806451,0.021816179048353083,0.11487682038803612,0.31232518313069,0.00799830962332644,0.1146325028957336
1.6796875,Anger,False,True,False,False,False,False,False,False,0.07756116833115057,0.574814421078841,0.014741839929343015,0.0007327688908504203,0.014766628896767784,0.07774632863091069,0.21111170789484482,0.028525136347291775
1.71875,Anger,False,True,False,False,False,False,False,False,0.03910097159251678,0.7863255049218754,0.03910907924595073,0.0003688104293927591,0.007510370313318111,0.0010024497698812435,0.020196266671431408,0.10638654705563366
1.7578125,Anger,False,True,False,False,False,False,False,False,0.019737080784345752,0.3994958925575617,0.14660197126958394,0.027946186397948408,0.3996799894959548,0.0013855381557300692,0.0013855137216261394,0.003767827617249198
1.796875,Amusement,True,False,False,False,False,False,False,False,0.2960685606842518,0.29589487920920454,0.0686285636113876,0.02062827426649538,0.2960179289463859,0.007581928946340119,0.007592569151450189,0.007587295184484545
1.8359375,Sadness,False,False,False,False,False,False,True,False,0.012537280122935118,0.2523961989892678,0.006482854605997834,0.0008749530360995731,0.034097329879899815,0.0008744333073988714,0.686264392917542,0.006472557140858862
1.875,Anger,False,True,False,False,False,False,False,False,0.19881525452243912,0.5407199752690438,0.19657242496707247,0.013911297622093815,0.037849659103857854,0.005096070334042035,0.005158390085166498,0.0018769280962844855
1.9140625,Anger,False,True,False,False,False,False,False,False,0.05556902280398648,0.4106249423004509,0.055449810250767465,0.054838665576109696,0.41104690257714344,0.010523211464057849,0.0014237736263357345,0.000523671401148455
1.953125,Anger,False,True,False,False,False,False,False,False,0.047991563951340015,0.35495168013370104,0.1294215305356053,0.009121581940973334,0.3556756446920397,0.024819902402530035,0.06891351389664102,0.009104582447169636
1.9921875,Anger,False,True,False,False,False,False,False,False,0.12133436204471988,0.3293778839330128,0.06334013275378467,0.00846474856928019,0.02300638210312759,0.12121694030197426,0.33014836122511027,0.0031111890689904972
2.03125,Joy,False,False,False,False,False,True,False,False,0.017848161388629998,0.01789400574787033,0.14004585992020946,0.0023997098564860703,0.01778159150348943,0.6927450623897746,0.09354525971326842,0.017740349480271828
2.0703125,Disgust,False,False,True,False,False,False,False,False,0.1496816437276195,0.010445681474343155,0.407327965090026,0.0005188110986661289,0.010427740508033096,0.4073154431308507,0.010447409204312778,0.0038353057661486348
2.109375,Disgust,False,False,True,False,False,False,False,False,0.03712531523322627,0.007054146345097053,0.7479852617568157,0.0003505701932752377,0.002589835384065612,0.10122290725877071,0.10108140976886779,0.002590554059881517
2.1484375,Joy,False,False,False,False,False,True,False,False,0.006959289417808872,0.0024294791594138367,0.01797681724937511,0.006600393391341171,0.00032848552424984286,0.7012137573416105,0.25788834383077036,0.006603434085430185
2.1875,Joy,False,False,False,False,False,True,False,False,0.10153365846203996,0.0009567988085656185,0.03734767201050874,0.0025999017762278957,0.002599780553368633,0.7507907921666087,0.10157199884624402,0.0025993973764364665
2.2265625,Sadness,False,False,False,False,False,False,True,False,0.08632157575773222,0.0002991478020427611,0.23472903272279108,0.0022103882113471028,0.006007662756827695,0.03175733921209376,0.6378622165927154,0.0008126369444500063
2.265625,Sadness,False,False,False,False,False,False,True,False,0.011892601696987535,0.0008297570509824888,0.08796393718998106,0.006132304808098497,0.0008288487454877478,0.23937441659269998,0.6507248339726522,0.0022532999431105283
2.3046875,Sadness,False,False,False,False,False,False,True,False,0.011716215813833739,0.0022560728857148145,0.23930888232469902,0.006131695039425129,0.0008290453315236825,0.0880232112109126,0.650905771367221,0.0008291060266700363
2.34375,Amusement,True,False,False,False,False,False,False,False,0.32450154315074,0.0004135025992471711,0.3245903993654696,0.008306130398669344,0.008305919537308146,0.008311341520241064,0.3244475732305129,0.001123590197811897
2.3828125,Disgust,False,False,True,False,False,False,False,False,0.24800734258676846,0.000859467291238906,0.6745219282297191,0.033497101775453765,0.0023358465670986644,0.00635071109085803,0.03356843156888998,0.0008591708899729911
2.421875,Disgust,False,False,True,False,False,False,False,False,0.07032858938853503,0.0018071064025295314,0.5211268898779725,0.19175076058208762,0.004911002734026028,0.013366714962529624,0.19179554982930394,0.004913386223015726
2.4609375,Sadness,False,False,False,False,False,False,True,False,0.08764700560706178,0.00030377774383531016,0.23837065358417445,0.006108662820610008,0.016616543508852097,0.0022433147251307768,0.647884373441781,0.0008256685685546028
2.5,Disgust,False,False,True,False,False,False,False,False,0.24807725980325912,0.0023368459080946842,0.674525695689307,0.033480226503074986,0.006355839133643802,0.0008589974607896586,0.033505957345218815,0.000859178156611999
2.5390625,Disgust,False,False,True,False,False,False,False,False,0.06917638761844883,0.0017777489801036744,0.5115793876643829,0.18737009200685284,0.1877422318861952,0.03574536032352228,0.0017774706528703823,0.004831320867623719
2.578125,Inspiration,False,False,False,False,True,False,False,False,0.01245597752769293,0.0016170139922132669,0.1713070680439178,0.1713980025755681,0.4661621282580742,0.001615109957332995,0.004396869406212939,0.1710478302389877
2.6171875,Disgust,False,False,True,False,False,False,False,False,0.1093384603148382,0.0010304934746886607,0.8084721393591154,0.02080492417899752,0.0028050791555518525,0.0028016449121253616,0.014537665242229396,0.04020959336245353
2.65625,Fear,False,False,False,True,False,False,False,False,0.013898014183627672,0.0051013793798736825,0.19886083326340465,0.5404948657080786,0.013880024890397346,0.19900100654827443,0.0018746496273352926,0.026889226399008422
2.6953125,Inspiration,False,False,False,False,True,False,False,False,0.0008097130454378248,0.002202451118316306,0.011503390381607371,0.031565400770556126,0.6344318088714377,0.23331678030877218,0.000297518572028533,0.08587293693184399
2.734375,Tenderness,False,False,False,False,False,False,False,True,0.0022602708884643173,0.0008312987828499095,0.08806526550895717,0.011910958262975684,0.0022636247778142484,0.23995034079095773,0.002259974863340203,0.6524582661246409
2.7734375,Joy,False,False,False,False,False,True,False,False,0.002781427490445899,0.0010230792570458983,0.056002901227938724,0.020625343158283484,0.0010225665587010758,0.8024876741800967,0.007561344451884447,0.10849566367560383
2.8125,Joy,False,False,False,False,False,True,False,False,0.0009752841775734928,0.000976525411688833,0.054039746990111305,0.03756183904850026,0.037794037541092264,0.7643763673362535,0.0009743397999048289,0.1033018596948756
2.8515625,Joy,False,False,False,False,False,True,False,False,0.002759414240055795,0.007512826534760368,0.007521702709348424,0.10749658882815094,0.039511941349057736,0.7953435038203516,0.0003728666837502898,0.03948115583452485
2.890625,Joy,False,False,False,False,False,True,False,False,0.012855025095745215,0.00063925414704759,0.04994296438313822,0.18178401257092588,0.1842371842576554,0.5010527333761889,0.0017366091512072324,0.06775221701809152
2.9296875,Anger,False,True,False,False,False,False,False,False,0.13502926188814293,0.36815034187212287,0.0698820899725856,0.0034741703482357184,0.01804210918404371,0.13553380537479895,0.13558843300825213,0.13429978835181802
2.96875,Anger,False,True,False,False,False,False,False,False,0.10018723403555949,0.7400917223204632,0.10012949397351109,0.0025660725393023315,0.03668823331506172,0.019045264767801055,0.0009444588472043492,0.000347520201096919
3.0078125,Inspiration,False,False,False,False,True,False,False,False,0.026475716297559862,0.19595934040290963,0.005036931550947995,0.013694245460153721,0.5342294339940631,0.19631958859303372,0.0018518940959032257,0.02643284960542881
3.046875,Anger,False,True,False,False,False,False,False,False,0.24822317174718186,0.6743849674243442,0.00637373341630129,0.0008599970574149793,0.03352859228202051,0.03342873212564032,0.0023394312855628194,0.000861374661534102
3.0859375,Anger,False,True,False,False,False,False,False,False,0.04186903654918157,0.8415557952071517,0.04170034789567271,0.0003945556975701955,0.00793099048844977,0.0029166590813321453,0.04182592719230368,0.02180668788833814
3.125,Amusement,True,False,False,False,False,False,False,False,0.5354550743163022,0.19699724338713376,0.19686640481770243,0.013724101883618759,0.037497917942509965,0.01372203691260904,0.005054405283225153,0.0006828154568986944
3.1640625,Inspiration,False,False,False,False,True,False,False,False,0.19896193106331406,0.1986229736416666,0.026680194994947025,0.013860397732435777,0.5409839276356483,0.013922300169465825,0.001873688679939832,0.005094586082582535
3.203125,Disgust,False,False,True,False,False,False,False,False,0.07541317435904783,0.07536555662821516,0.5572564501490995,0.0019309054311497276,0.20505806306122717,0.005252051719347908,0.07447346873888269,0.005250329913029904
3.2421875,Anger,False,True,False,False,False,False,False,False,0.07836797861810804,0.5792593609306733,0.02857156615741169,0.0020069026179225236,0.014853073999113894,0.21311467483345983,0.07836868082171533,0.005457762021595395
3.28125,Inspiration,False,False,False,False,True,False,False,False,0.07816024519922304,0.21237363505367507,0.04040612209695613,0.005443019951230594,0.5780092546547057,0.07816341802286031,0.005442251642759983,0.0020020533785892066
3.3203125,Disgust,False,False,True,False,False,False,False,False,0.07465929565873622,0.07424874162331589,0.5543432121813675,0.0019210728026972307,0.07477917690563475,0.20390008025450995,0.014225975730353353,0.0019224448433851034
3.359375,Joy,False,False,False,False,False,True,False,False,0.02519842752763628,0.06968485201297574,0.13207227972270782,0.025073771785507373,0.025074805518656026,0.35979668666068265,0.359708422079741,0.003390754692093063
3.3984375,Joy,False,False,False,False,False,True,False,False,0.0028881478588403315,0.0010587230821821184,0.02125896353629349,0.021316454354546883,0.0028776707918650416,0.8304901081704202,0.11228635440683561,0.007823577799016258
3.4375,Amusement,True,False,False,False,False,False,False,False,0.5173055381659256,0.013261583301858223,0.00491580611985307,0.01328400142065981,0.19037002174922926,0.06998626111236986,0.1902174323027795,0.0006593558273246495
3.4765625,Sadness,False,False,False,False,False,False,True,False,0.031615561601589286,0.0008132560745159123,0.08632369791981936,0.0002991558142670256,0.0060237536319500224,0.23474317058141408,0.6379721118769668,0.002209292499477524
3.515625,Joy,False,False,False,False,False,True,False,False,0.0038166353913863687,0.0013985596822366265,0.028129837598269276,0.1479337151871316,0.001397777138636675,0.4035520866454964,0.4034391093353859,0.010332279021457176
3.5546875,Sadness,False,False,False,False,False,False,True,False,0.2387561427481499,0.0003050813184344123,0.011885819146099654,0.002257311296041314,0.0022540662189920826,0.08795842678971248,0.6504567667884992,0.0061263856940710106
3.59375,Sadness,False,False,False,False,False,False,True,False,0.08632379046757634,0.00029915063410077816,0.23471713114836248,0.006009920550297398,0.002210235850427382,0.031696607792063694,0.6379305327465833,0.000812630810588502
3.6328125,Sadness,False,False,False,False,False,False,True,False,0.08631602405983452,0.0002993174061909994,0.23471791210758397,0.0022119038060564836,0.0008131201707795652,0.0314689816184309,0.6381615527896584,0.006011188041465347
3.671875,Disgust,False,False,True,False,False,False,False,False,0.1387707372961662,0.0004813916768528048,0.37672151855905495,0.05069777000119332,0.0035564364803280907,0.0509635593387869,0.3775006348550306,0.0013079517925870528
3.7109375,Disgust,False,False,True,False,False,False,False,False,0.14830770081602662,0.010331058776692173,0.40339521993677213,0.0037978707486766112,0.028091813057515153,0.0013964539920488682,0.4032831247169821,0.0013967579552863622
3.75,Disgust,False,False,True,False,False,False,False,False,0.24864258805915165,0.0023437061799056725,0.6762035429829495,0.033620943112927376,0.002343454291081754,0.0023410149199337223,0.03364365718151144,0.0008610932725389367
3.7890625,Disgust,False,False,True,False,False,False,False,False,0.19056801873020615,0.0017992824737135642,0.5184400425173683,0.1906982950309383,0.013289599629630904,0.013285728035417659,0.07012155030607808,0.001797483276647042
3.828125,Amusement,True,False,False,False,False,False,False,False,0.3905417066440026,0.0004984726290920566,0.14389184237036276,0.05248399492945384,0.010061466643361125,0.010009381239679836,0.39115735514962985,0.0013557803944179807
3.8671875,Disgust,False,False,True,False,False,False,False,False,0.15058503327210376,0.0014190160652307702,0.40969686057509,0.40956003382959066,0.010510150587989974,0.003856278971051787,0.0038693879930537935,0.01050323870588928
3.90625,Disgust,False,False,True,False,False,False,False,False,0.07038345048915273,0.0018058655164582811,0.5212128820738907,0.19171063276554534,0.19172400672004883,0.004908100643433928,0.004908410537108033,0.01334665125436209
3.9453125,Disgust,False,False,True,False,False,False,False,False,0.003718988228137736,0.0013670702213211187,0.3943466456895001,0.39462915848842606,0.14514384524047375,0.003717502566519963,0.0037158791245016556,0.053360910441119604
3.984375,Fear,False,False,False,True,False,False,False,False,0.19014340493659296,0.0006593025881726343,0.19041377388221448,0.5174794802739203,0.013275754462262333,0.013251479988286723,0.06986869986120535,0.004908104007345148
4.0234375,Fear,False,False,False,True,False,False,False,False,0.0666500453619102,0.001714454249702388,0.1812349141931393,0.4950010646646429,0.004671288677284107,0.18207372046682274,0.0017141896910412423,0.06694032269545713
4.0625,Fear,False,False,False,True,False,False,False,False,0.004339497572279309,0.004338821970732649,0.16922219662046234,0.4604674572499241,0.16923946597563136,0.16891780946042115,0.0005868531621108769,0.022887897988438197
4.1015625,Joy,False,False,False,False,False,True,False,False,0.002198456472812158,0.00029753344837532986,0.011520269893929624,0.031585228757256674,0.08550724627781561,0.6346122834998545,0.0008086073700550423,0.23347037427990114
4.140625,Joy,False,False,False,False,False,True,False,False,0.006444439091789149,0.0003206805414915943,0.25048409852722814,0.017560460680602456,0.006447940858247196,0.6838527141230034,0.0008717899971238266,0.034017876180514175
4.1796875,Joy,False,False,False,False,False,True,False,False,0.014120790036329506,0.19662569034230498,0.01413266181704162,0.0019101085688170763,0.005192806633141646,0.551200403120178,0.01415821380299991,0.20265932567918726
4.21875,Joy,False,False,False,False,False,True,False,False,0.09961018681830774,0.0009517868155876456,0.002581596925659356,0.03682657902521821,0.0134411596543442,0.7449702205094548,0.0009495468565951497,0.10066892339483297
4.2578125,Joy,False,False,False,False,False,True,False,False,0.18603506100243689,0.01300321064346746,0.0006452392478664709,0.037644498651453924,0.06849378908466945,0.5063452086448141,0.0017540256777422174,0.18607896704754937
4.296875,Anger,False,True,False,False,False,False,False,False,0.13366012947657993,0.36377142789752487,0.0012611671313119692,0.003436038212591142,0.0034372414449672056,0.1339205321609711,0.001261253084545457,0.35925221059150825
4.3359375,Anger,False,True,False,False,False,False,False,False,0.14132802108294157,0.383661874032764,0.01810622923019942,0.0013326910056468187,0.0517597524923306,0.019135290876760254,0.0004903230552554825,0.38418581822410186
4.375,Anger,False,True,False,False,False,False,False,False,0.021062570980386393,0.42399074420880445,0.004010151562701556,0.010893095359218268,0.4250126632738815,0.057116534904429465,0.0005418381588748486,0.057372401551703624
4.4140625,Anger,False,True,False,False,False,False,False,False,0.14980343116708417,0.40667105314393553,0.0038384694519638034,0.010460091727713106,0.4071372717191767,0.011121672944088359,0.0005190561239764427,0.010448953722061878
4.453125,Amusement,True,False,False,False,False,False,False,False,0.24215135458306117,0.2422801913599546,0.006249227646526604,0.0022834023809901118,0.24227467251501317,0.006204461884095924,0.24167793647772437,0.016878753152634103
4.4921875,Amusement,True,False,False,False,False,False,False,False,0.2607892328922101,0.2607975260248717,0.09590100245130867,0.26113798108420483,0.095537738822549,0.0009051572655345384,0.0182279835898856,0.006703377869435571
4.53125,Inspiration,False,False,False,False,True,False,False,False,0.1693044158327882,0.16886154867879433,0.02290640500542689,0.16932743747349144,0.46034287885291947,0.0005865196986813928,0.00433600444561261,0.0043347900122858475
4.5703125,Sadness,False,False,False,False,False,False,True,False,0.0044149120220698425,0.1708472846593372,0.17123509370588386,0.0016196939940981557,0.17151675193920554,0.0016172989851448631,0.46675229536862933,0.011996669325631022
4.609375,Amusement,True,False,False,False,False,False,False,False,0.28250857295413556,0.2826112148505839,0.10286014677510445,0.019761332880631352,0.007242751353094611,0.019716617836746966,0.28263514127775885,0.0026642220719443493
4.6484375,Anger,False,True,False,False,False,False,False,False,0.1177179856829572,0.3162742243706156,0.06076749289278069,0.11774106415363818,0.04336501153156009,0.32055355502244814,0.022470028679125797,0.0011106376668743563
4.6875,Disgust,False,False,True,False,False,False,False,False,0.038532622475474954,0.05410490661177689,0.284541735507409,0.020122045756217982,0.28514236954264466,0.28505262848285867,0.03151601420217461,0.0009876774214433734
4.7265625,Joy,False,False,False,False,False,True,False,False,0.0065216602317961486,0.006511676650680206,0.2538708988834079,0.0065037238214009216,0.0008794154801814759,0.690474894998403,0.03435824173298407,0.0008794882011463069
4.765625,Joy,False,False,False,False,False,True,False,False,0.007841943564184318,0.0010581211144313517,0.02154735875885998,0.021261579115334432,0.0028741371879661753,0.8302485654249971,0.11229387622721007,0.0028744186070165465
4.8046875,Joy,False,False,False,False,False,True,False,False,0.014729956340102796,0.002834454410339605,0.04054240908234999,0.007704301739570405,0.002832681041298122,0.8178976851052194,0.11062638804265947,0.0028321242384601398
4.84375,Disgust,False,False,True,False,False,False,False,False,0.23456673068776981,0.0008128539529306246,0.6380531971363025,0.006012083857071419,0.0022091635995117142,0.08633879017708056,0.03170827745195217,0.0002989031373812649
4.8828125,Joy,False,False,False,False,False,True,False,False,0.05314288005678607,0.0013619965890176529,0.14445723285566922,0.00370012771590735,0.0013605050875782206,0.39298693303119075,0.3929296945676126,0.01006063009623818
4.921875,Sadness,False,False,False,False,False,False,True,False,0.031822205375641475,0.0008156566977251006,0.23540397354859663,0.0022168694435985444,0.0022160522463748077,0.08659098406753468,0.6401190632923487,0.0008151953281800504
4.9609375,Disgust,False,False,True,False,False,False,False,False,0.1045700454144169,0.0026773318479463314,0.7729238519212281,0.007276101417923636,0.0026759889653822618,0.002676309941129575,0.10452479478853771,0.002675575703435493
5.0,Disgust,False,False,True,False,False,False,False,False,0.24790193948578598,0.006351879386705903,0.6740863491603328,0.03312372204547959,0.0023342555209413655,0.002333696626947746,0.03355236946517078,0.0003157883086359469
5.0390625,Amusement,True,False,False,False,False,False,False,False,0.7487195867423069,0.0009549532676587398,0.10132315602030285,0.037042749003116236,0.002594929238652815,0.007071448307057356,0.1013381917607383,0.0009549856601668318
5.078125,Amusement,True,False,False,False,False,False,False,False,0.6484160833643624,0.0008266008440002355,0.08777161173380665,0.006119632893097816,0.016619489126498327,0.0008260662109932956,0.238593998659449,0.0008265171677922085
5.1171875,Disgust,False,False,True,False,False,False,False,False,0.24803593674523985,0.0023385153244918446,0.6746195212556433,0.033424478970034754,0.006360932396229828,0.0008593309757381154,0.03350162310033619,0.0008596612322861238
5.15625,Disgust,False,False,True,False,False,False,False,False,0.03836405356700683,0.00512325819068078,0.5422174921863084,0.1994651464029895,0.19949145936067728,0.0051111647345742925,0.005116248995486603,0.005111176562276332
5.1953125,Inspiration,False,False,False,False,True,False,False,False,0.004416652378694746,0.0016241391600584952,0.17217566232346448,0.1723093669484995,0.4687660920860938,0.004413393197125892,0.004422724593490524,0.1718719693125725
5.234375,Disgust,False,False,True,False,False,False,False,False,0.14840271340166744,0.001398208674754203,0.40370814496578683,0.4035625769195891,0.028734445094507136,0.003800952774596219,0.006589016275765894,0.0038039418933332124
5.2734375,Disgust,False,False,True,False,False,False,False,False,0.1191057950005467,0.008303062888955109,0.3239831821376322,0.3240685303038325,0.11633516846110165,0.06141183588695801,0.0030523494657071657,0.043740075855266604
5.3125,Disgust,False,False,True,False,False,False,False,False,0.001363234721019313,0.003708092119641206,0.39295592613602226,0.3932667798954278,0.14414577452171348,0.010090152601332678,0.001362367183143374,0.05310767282169979
5.3515625,Inspiration,False,False,False,False,True,False,False,False,0.003555450857156503,0.0013065684737581448,0.0509326376687356,0.050969269889632164,0.37695101370758083,0.13860351131324683,0.0004807691168335435,0.37720077897305637
5.390625,Joy,False,False,False,False,False,True,False,False,0.0064633048673152825,0.00032043281879642085,0.2512942186564331,0.017686373819977116,0.006475338173700167,0.6834075239697067,0.0008711922150557695,0.033481615479015535
5.4296875,Joy,False,False,False,False,False,True,False,False,0.0008947086286622363,0.006678751444888354,0.018038094663235485,0.0066888262959972295,0.006622326037327465,0.7020510487494418,0.0008949379627064236,0.258131306217741
5.46875,Joy,False,False,False,False,False,True,False,False,0.0022795881467143433,0.032144992403012246,0.03261294290381206,0.032574802227206066,0.0008376502384415877,0.6574355793647824,0.0003082345397313367,0.2418062101763
5.5078125,Joy,False,False,False,False,False,True,False,False,0.007565973520933668,0.0010240948604053376,0.020583338354329603,0.056053162660716256,0.002785317092264056,0.8024153374247656,0.0010226868114644656,0.10855008927512094
5.546875,Joy,False,False,False,False,False,True,False,False,0.013954072398820565,0.19959000127541915,0.005125100780678921,0.005126687032412549,0.005129261254543898,0.5441687606890874,0.026885566064995522,0.20002055050404183
5.5859375,Anger,False,True,False,False,False,False,False,False,0.03165490111761344,0.6376795752124855,0.006514249585017836,0.0008134133338031588,0.0022131608075792383,0.23457757591006287,0.0002991615835223549,0.08624796244991562
5.625,Inspiration,False,False,False,False,True,False,False,False,0.005351864174932615,0.026116625996725568,0.013865532206700995,0.013889738897939844,0.5408990089455032,0.19913149766580845,0.001875794376918876,0.19886993773547035
5.6640625,Amusement,True,False,False,False,False,False,False,False,0.2643009763341672,0.26398891304622046,0.0024905834922089236,0.00676820317879093,0.2640910741006336,0.09726782996211336,0.0067701958717796724,0.09432222401408578
5.703125,Anger,False,True,False,False,False,False,False,False,0.07048517150692883,0.5211759111414755,0.19163638630975866,0.0018058275479740638,0.19170702176737622,0.004910352434224388,0.0049133839786336345,0.013365945313628629
5.7421875,Inspiration,False,False,False,False,True,False,False,False,0.08139441376977849,0.22142467752932807,0.005669676917666,0.0020851724097935495,0.6020800321847467,0.029958228717530556,0.015427482482538153,0.04196031598861867
5.78125,Amusement,True,False,False,False,False,False,False,False,0.5282515338341451,0.19394135175248142,0.02625948102022085,0.013521901711304686,0.1943462318304899,0.03803362081911978,0.00497258568013121,0.0006732933521069228
5.8203125,Inspiration,False,False,False,False,True,False,False,False,0.030251357793140483,0.22369067259077713,0.030270860705758566,0.005732846077181759,0.6087222434268678,0.015598559617985156,0.00574217678436516,0.07999128300392397
5.859375,Anger,False,True,False,False,False,False,False,False,0.15076062295876438,0.40954495782310457,0.028592666074895655,0.003861672805832022,0.07784891836671579,0.1506236072780414,0.14977661007803383,0.028990944614612418
5.8984375,Inspiration,False,False,False,False,True,False,False,False,0.10099678066920978,0.10111149357893952,0.0025924742981997704,0.007077931142527315,0.7480713854239527,0.0372081488457499,0.0025912221872345063,0.0003505638541865719
5.9375,Disgust,False,False,True,False,False,False,False,False,0.12134770713968603,0.06290615672753157,0.3300675369179577,0.008461129285503228,0.33001541398281653,0.1210616669580932,0.02303194097231884,0.003108448016092922
5.9765625,Sadness,False,False,False,False,False,False,True,False,0.04448168573172062,0.01632153779726129,0.04478230961321024,0.016318112518219467,0.005987897176070306,0.23393759665909394,0.635967778013721,0.00220308249070318
6.015625,Joy,False,False,False,False,False,True,False,False,0.01570089389848693,0.002117669863269101,0.04259100753493783,0.0824973476665642,0.005756049384616373,0.6110854150165311,0.224594564742855,0.015657051892739467
6.0546875,Inspiration,False,False,False,False,True,False,False,False,0.08026653227084417,0.005594154593519859,0.07540967079379679,0.005657992760834186,0.5935957508202531,0.2182400784417292,0.01564617923606817,0.005589641082954376
6.09375,Joy,False,False,False,False,False,True,False,False,0.019601528388862758,0.0003570093226354146,0.10300793597285918,0.0026391006542560713,0.007174438593278525,0.7615851118054076,0.10299782159817049,0.002637053664529935
6.1328125,Sadness,False,False,False,False,False,False,True,False,0.012390081091705937,0.0008663641638057012,0.00640002789627006,0.047684946606329576,0.0008657225060911469,0.2499973715764237,0.6794420959130295,0.0023533902463444096
6.171875,Sadness,False,False,False,False,False,False,True,False,0.011280267956873079,0.0003050773729823903,0.08793299114463023,0.002255976989336838,0.0022538938489959797,0.23930451980409326,0.6505400825464388,0.006127190336649479
6.2109375,Sadness,False,False,False,False,False,False,True,False,0.03172533649520958,0.0008137190559877576,0.2346592907543193,0.006013183583204368,0.0022097776660099746,0.08631582817258586,0.6379638866654375,0.0002989776072456554
6.25,Sadness,False,False,False,False,False,False,True,False,0.0871151145525031,0.0003021497915727591,0.23682550271380812,0.016561952491090833,0.0008214078387738559,0.011752382301446956,0.6443884383777315,0.002233051933072844
6.2890625,Sadness,False,False,False,False,False,False,True,False,0.031575053815070475,0.00029774305371925756,0.23304484070241743,0.0855110199629458,0.000808980618467705,0.01160848012556068,0.6349539468464711,0.002199934875347529
6.328125,Amusement,True,False,False,False,False,False,False,False,0.32447289489775455,0.000413589015652234,0.3245464862960617,0.008315937220834993,0.00830778616623556,0.008302792249201739,0.32451638889337564,0.001124125260883558
6.3671875,Disgust,False,False,True,False,False,False,False,False,0.1011950664998426,0.0009540887291229855,0.7487503916167235,0.10124926552685158,0.002593776845911044,0.007048998121036405,0.037254602164854475,0.0009538104956573812
6.40625,Disgust,False,False,True,False,False,False,False,False,0.015671474887191218,0.002117497637472144,0.6109301701929649,0.22468650998327958,0.0156980892924415,0.042589301183157395,0.08255259462280859,0.005754362200684651
6.4453125,Sadness,False,False,False,False,False,False,True,False,0.1806752184979823,0.000629891449742627,0.18182320236894223,0.06670125425947436,0.06666669229253484,0.004654726452545965,0.49417451014201125,0.004674504536766399
6.484375,Disgust,False,False,True,False,False,False,False,False,0.08137044292560743,0.0020856325051936274,0.6020920979724338,0.2214537037489264,0.015514743571902585,0.005668761787723165,0.02944090845340403,0.042373709034808985
6.5234375,Fear,False,False,False,True,False,False,False,False,0.03820893378644978,0.0010163044615745704,0.10785386901868466,0.7971964171540273,0.007569179884580831,0.0075122142303227545,0.0010160432826724676,0.039627038181687696
6.5625,Disgust,False,False,True,False,False,False,False,False,0.002346009749783504,0.0008621308062085854,0.676175189890093,0.24870576316493143,0.033583222049956334,0.002342631415214393,0.002342257560206028,0.033642795363606814
6.6015625,Disgust,False,False,True,False,False,False,False,False,0.03327880379608374,0.0008556083691159024,0.6712796470025263,0.24573781772892425,0.012239332262098944,0.0023479831110138497,0.0008558232106790153,0.03340498451955798
6.640625,Joy,False,False,False,False,False,True,False,False,0.0009682172599714675,0.0003560648204498494,0.10258193951342108,0.007203312999826798,0.01945885728647485,0.7595005739640066,0.007155380835082208,0.10277565332076709
6.6796875,Joy,False,False,False,False,False,True,False,False,0.0022457589184936904,0.01670000896868462,0.08747009514304029,0.0008259378731881699,0.006143907553826195,0.6480171812486047,0.00030373635453199,0.23829337393963032
6.71875,Joy,False,False,False,False,False,True,False,False,0.002336796592616721,0.0008598918168074746,0.03338335775389195,0.033485166679185246,0.006352829525944093,0.6745913777535371,0.0008594108986962276,0.2481311689793211
6.7578125,Joy,False,False,False,False,False,True,False,False,0.007830838135575975,0.002877686889922159,0.021307118404706723,0.021834893668021254,0.0028756229292335026,0.8299767981508561,0.0010576134818347921,0.1122394283398494
6.796875,Joy,False,False,False,False,False,True,False,False,0.014067399066188134,0.2001245778531455,0.014151740280094659,0.001902840012237142,0.0051906591640549235,0.5490138725720638,0.01407859856589299,0.20147031248632283
6.8359375,Tenderness,False,False,False,False,False,False,False,True,0.01668561295479814,0.08719005158039939,0.0061189763701643895,0.0008285862755456349,0.002308901486077509,0.2384597911184675,0.00030403829003507416,0.6481040419245124
