time_sec,pred_label,Amusement,Anger,Disgust,Fear,Inspiration,Joy,Sadness,Tenderness,prob_Amusement,prob_Anger,prob_Disgust,prob_Fear,prob_Inspiration,prob_Joy,prob_Sadness,prob_Tenderness
0.0390625,Amusement,True,False,False,False,False,False,False,False,0.3972282964966095,0.0005055341285415165,0.14613190046098964,0.019776087626602636,0.027601467411134183,0.39722858522108556,0.010153947943238706,0.0013741807117982683
0.078125,Amusement,True,False,False,False,False,False,False,False,0.6379163926962902,0.0008118429349653025,0.005998798310673564,0.0002986589346001199,0.08633188257683176,0.002206830466399129,0.23467579423477777,0.03175979984546229
0.1171875,Disgust,False,False,True,False,False,False,False,False,0.16925702206820034,0.00432654480766973,0.4600884884212319,0.004326571820240124,0.1692551280411081,0.000585531690608111,0.16925553670578852,0.02290517644515313
0.15625,Sadness,False,False,False,False,False,False,True,False,0.22148789527093993,0.0056618936201307596,0.02997418374434826,0.04183659839384782,0.08148124807011836,0.015392046050036927,0.6020832612542218,0.002082873596356059
0.1953125,Sadness,False,False,False,False,False,False,True,False,0.06677589676580965,0.004640561954489598,0.06678124796055294,0.00464053231919335,0.18152767982506987,0.1815365331659327,0.4934695260185888,0.0006280219903631274
0.234375,Joy,False,False,False,False,False,True,False,False,0.0022415930340064835,0.00030335551594883975,0.2383615050856087,0.08767903088739808,0.0060932250083631945,0.6479314558856344,0.016565228045636274,0.0008246065374040124
0.2734375,Joy,False,False,False,False,False,True,False,False,0.2530306323047755,0.0008757051417327069,0.034253289724846,0.012586809429811534,0.002385710391205086,0.6880174841567503,0.0064701831222535285,0.0023801857286253787
0.3125,Fear,False,False,False,True,False,False,False,False,0.0021132940878338647,0.015615927748857542,0.005744721114569676,0.6108540137008045,0.22470627638656676,0.04268789147953469,0.015615674208107786,0.0826622012737253
0.3515625,Inspiration,False,False,False,False,True,False,False,False,0.10761017941472278,0.007477679198495483,0.03956905394777968,0.0003722797654613244,0.7951569515845806,0.007477732600672171,0.03958527216508264,0.002750851323205338
0.390625,Amusement,True,False,False,False,False,False,False,False,0.7457156816678541,0.0009490380038622695,0.10092132274633613,0.0003491306763156599,0.03712289120092289,0.007012759614429637,0.1009164815756193,0.007012694514659952
0.4296875,Amusement,True,False,False,False,False,False,False,False,0.45153521739474517,0.004246213619644454,0.0042462534292559435,0.011542358284331663,0.06110717059026618,0.011543115002288617,0.45153351620811233,0.004246155471355789
0.46875,Joy,False,False,False,False,False,True,False,False,0.1024825589086199,0.01935796470195911,0.013869151948465294,0.0009637301660663089,0.10248071965246215,0.757262426056254,0.0009637343755762854,0.002619714190597002
0.5078125,Amusement,True,False,False,False,False,False,False,False,0.5100354100159799,0.0006491041364043225,0.18763045720106014,0.004796312050870758,0.0690208200818007,0.18763124442241355,0.03544038032301502,0.004796271768455755
0.546875,Disgust,False,False,True,False,False,False,False,False,0.18765351890309442,0.0006491878454393409,0.5100810904079734,0.004797011058134952,0.06903425570330372,0.18754087476201733,0.03544711700784261,0.004796944312194154
0.5859375,Joy,False,False,False,False,False,True,False,False,0.10805135418156063,0.0027620872252093853,0.039746656070239514,0.002762112113703592,0.039749686807482566,0.7984033022678474,0.007508692519845801,0.0010161088141110147
0.625,Inspiration,False,False,False,False,True,False,False,False,0.017822263326704075,0.00032638301360933417,0.25645398878263914,0.0127575323649724,0.6971156598020934,0.006556657375475537,0.00241178810894643,0.006555727225559656
0.6640625,Amusement,True,False,False,False,False,False,False,False,0.2735666212565347,0.0009464608259959448,0.27358074725887305,0.05168691777832742,0.2735824545994665,0.019010702903105834,0.10063262615561643,0.006993469222080168
0.703125,Joy,False,False,False,False,False,True,False,False,0.1684799927884298,0.0015843889493108076,0.1684807744550698,0.0015843941752452053,0.16848166111510848,0.45797952012009896,0.03182489225834522,0.0015843761383918505
0.7421875,Amusement,True,False,False,False,False,False,False,False,0.36079055709398455,0.0012481403864443683,0.1327269269828343,0.0012481465114617635,0.132725466865425,0.3607898937611819,0.009222729821720125,0.0012481385769478482
0.78125,Amusement,True,False,False,False,False,False,False,False,0.3603017977394824,0.00045854077930146213,0.13254717994027546,0.0033881876114201354,0.13254541823028854,0.36030239980901085,0.009210036205199234,0.0012464396850219337
0.8203125,Amusement,True,False,False,False,False,False,False,False,0.36212494967385006,0.0012527459805713834,0.1332181046920954,0.0034053355131559654,0.1332159425030493,0.36212485430374125,0.0034053243634594916,0.001252742970077191
0.859375,Amusement,True,False,False,False,False,False,False,False,0.36163280180324764,0.0034006823630599735,0.13303699856350207,0.0034006929438941207,0.13303474147239297,0.36163316387395195,0.003400688377389292,0.00046023060256199884
0.8984375,Amusement,True,False,False,False,False,False,False,False,0.36030173799984017,0.0004585370900753539,0.13254731571395437,0.0033881762657566976,0.13254602153504352,0.36030181474040224,0.009209966540391723,0.0012464301145359278
0.9375,Amusement,True,False,False,False,False,False,False,False,0.3216281095565589,0.0004093188123828594,0.32162776991524766,0.0030244848805131273,0.02234850333898355,0.3216277495563354,0.008221419729451557,0.0011126442105269673
0.9765625,Amusement,True,False,False,False,False,False,False,False,0.7064803116836657,0.0008991007631935345,0.09561166210867753,0.002444022196381289,0.0956103325780449,0.09561146465367079,0.0024440074434242585,0.0008990985729421001
1.015625,Amusement,True,False,False,False,False,False,False,False,0.640015900609951,0.0008145126885738572,0.08661652313832258,0.0022141486980481817,0.23544590164557894,0.031864423180646306,0.0022140789128384424,0.0008145111260408446
1.0546875,Amusement,True,False,False,False,False,False,False,False,0.6922025036729142,0.0008809297132665496,0.2546459643115968,0.0023946195386436208,0.006509479591795669,0.03446253869003176,0.006509345403827146,0.0023946190779242454
1.09375,Amusement,True,False,False,False,False,False,False,False,0.866680383460431,0.008150043088306955,0.043146956469896115,0.0004057644109304363,0.04314823774025708,0.008150427224455584,0.022167565425098328,0.008150622180624395
1.1328125,Amusement,True,False,False,False,False,False,False,False,0.6379178925962841,0.000811849610688122,0.03175880736517131,0.00029866221720724817,0.08633197565623976,0.0059989528108940595,0.2346749885866324,0.002206871156882964
1.171875,Sadness,False,False,False,False,False,False,True,False,0.10015815042975092,0.0009418622500506123,0.036845210390030254,0.00034648989106569596,0.10015792141547195,0.01891806177017407,0.7400720006928045,0.002560303160651815
1.2109375,Amusement,True,False,False,False,False,False,False,False,0.39076802860369325,0.001351842224161798,0.009989350837345328,0.0004973120728936515,0.14375459459509593,0.05288175182626238,0.3907653970376149,0.009991722802932788
1.25,Amusement,True,False,False,False,False,False,False,False,0.2743438051753137,0.002579886368130466,0.10092463943232284,0.0025798708202435603,0.274345378257167,0.051820868972954695,0.27434261568003193,0.019062935293835768
1.2890625,Amusement,True,False,False,False,False,False,False,False,0.566841850435376,0.0019609679265826527,0.028219700635466118,0.005330475325260361,0.07671372141479253,0.10707452057183597,0.20852820478034598,0.005330558910340318
1.328125,Sadness,False,False,False,False,False,False,True,False,0.08346684455379774,0.0007849136225219388,0.08342847977639707,0.00579978461976922,0.08346798469815334,0.04285684579649888,0.6167284201953118,0.08346672673754997
1.3671875,Inspiration,False,False,False,False,True,False,False,False,0.04226988108585641,0.00039750553725264015,0.002937716954971102,0.021704165497845693,0.8490351972123503,0.058996358808929325,0.021721824410244204,0.002937350492550163
1.40625,Amusement,True,False,False,False,False,False,False,False,0.2608183659477813,0.0009023138796928828,0.09594661024649673,0.01812370484216475,0.26082390458161353,0.09591565864133371,0.26080199663740317,0.006667445223513983
1.4453125,Joy,False,False,False,False,False,True,False,False,0.034694400127687625,0.0008870995734644964,0.09433164983270377,0.006554872187482278,0.0943309282144736,0.2563971645764324,0.25638427144518267,0.256419614042573
1.484375,Fear,False,False,False,True,False,False,False,False,0.01962443662722822,0.0072183488648975185,0.019643777336520857,0.28232489648908954,0.28235998079950414,0.0026554719911904535,0.28229879851203304,0.10387428937953619
1.5234375,Sadness,False,False,False,False,False,False,True,False,0.008363820773221958,0.0030768229626880724,0.044274073359505624,0.001131922575164431,0.022736384734554447,0.008367680189725222,0.8893072195715591,0.02274207583358116
1.5625,Sadness,False,False,False,False,False,False,True,False,0.005650321405425227,0.005650411194747605,0.22101963288106827,0.04175675681469342,0.04175354581980603,0.0812967755609365,0.6007938827852253,0.002078673538097464
1.6015625,Joy,False,False,False,False,False,True,False,False,0.006149278798037996,0.0022620923792811033,0.24053807794109944,0.00226211671158183,0.006149320126765963,0.6538457806085181,0.08848719817113038,0.00030613526358534563
1.640625,Joy,False,False,False,False,False,True,False,False,0.0008301627841957719,0.006133781610202662,0.23994748952628425,0.006133850385891303,0.006134507246695112,0.6522451161169975,0.08826971427988282,0.00030537804985055487
1.6796875,Joy,False,False,False,False,False,True,False,False,0.01782168921980844,0.002411812215324369,0.2564661629728426,0.006555916806284106,0.0008872418725066921,0.6971484124216029,0.017821527882769434,0.000887236608861422
1.71875,Joy,False,False,False,False,False,True,False,False,0.23833204300869978,0.0003033594154570849,0.08769026841805737,0.006093251406217865,0.016563570648188673,0.6479513457542071,0.0022415442089649593,0.0008246171402071887
1.7578125,Amusement,True,False,False,False,False,False,False,False,0.3603010172823537,0.0004585383496889702,0.1325473927807924,0.0033882001526756105,0.13254610738840666,0.3603023124710557,0.009209998759578685,0.0012464328154482526
1.796875,Joy,False,False,False,False,False,True,False,False,0.23915476098721658,0.0008273396799107148,0.08798022719585569,0.002248953052852613,0.01661955882383793,0.6500928770560491,0.00224894555335125,0.0008273376509260321
1.8359375,Amusement,True,False,False,False,False,False,False,False,0.36212462819192476,0.0012527461434369003,0.1332188396436664,0.003405354871406401,0.13321408752491046,0.36212627636134226,0.003405319097632221,0.0012527481656806323
1.875,Amusement,True,False,False,False,False,False,False,False,0.3609596668452626,0.0012487177129142852,0.13278981477887616,0.006610199115902962,0.13278766169750492,0.36096084932191336,0.0033943771804366414,0.0012487133471890273
1.9140625,Amusement,True,False,False,False,False,False,False,False,0.38657325632679734,0.0004919758379042705,0.14221206634059289,0.0036354623135460467,0.0523140367302359,0.3865742946575893,0.026861582853989437,0.0013373249393448842
1.953125,Amusement,True,False,False,False,False,False,False,False,0.4027318317558666,0.0005125550804178415,0.14815890723518044,0.003787330105165556,0.010296224406813156,0.40273782167874034,0.02798796824133039,0.0037873614964856884
1.9921875,Disgust,False,False,True,False,False,False,False,False,0.0249556456585649,0.0006379524491678146,0.5012638090159777,0.03483400015573016,0.18435290610557392,0.18440192799231814,0.06781964039489824,0.0017341182277691267
2.03125,Amusement,True,False,False,False,False,False,False,False,0.5326615831474721,0.005009242993296103,0.1959563953558402,0.0018428126458566816,0.19595705878173844,0.03704550645892259,0.026518246540598315,0.00500915407627547
2.0703125,Disgust,False,False,True,False,False,False,False,False,0.04069218526612692,0.02089724381146555,0.30070445067543333,0.007687462008366984,0.3007205336659173,0.020897374885885254,0.3007132192774391,0.007687530409365561
2.109375,Disgust,False,False,True,False,False,False,False,False,0.07051876849884817,0.0018027670992640233,0.521088533274747,0.004984409895549142,0.19169906465995754,0.013322127607462006,0.19168381879068117,0.004900510173490875
2.1484375,Amusement,True,False,False,False,False,False,False,False,0.1680842199037914,0.00307784845108143,0.3272917006177737,0.022743754180645562,0.3272904808643536,0.02274474968947986,0.12040079720986287,0.008366449083011592
2.1875,Disgust,False,False,True,False,False,False,False,False,0.02375017746688081,0.008737050676820379,0.34178159217542636,0.12572672487666006,0.12573609221814044,0.023752062459907953,0.3417792672668181,0.008737032859346013
2.2265625,Amusement,True,False,False,False,False,False,False,False,0.1504606878259711,0.0010135137674410414,0.10777357508506694,0.29290377615061713,0.039646729891299436,0.2929531732408971,0.10775958250638853,0.007488961532318611
2.265625,Disgust,False,False,True,False,False,False,False,False,0.10177543638910096,0.0006857346114220773,0.5388076145014952,0.19797739571520157,0.009868200838951312,0.07291809168993778,0.07290056585145159,0.0050669604024395735
2.3046875,Disgust,False,False,True,False,False,False,False,False,0.0647784909436676,0.008766524121551019,0.34294181604565654,0.34290319278248893,0.046411093596533066,0.1261566619013268,0.06481721446019192,0.0032250061485840473
2.34375,Disgust,False,False,True,False,False,False,False,False,0.11869811622482045,0.008268634561791199,0.3234611891991337,0.3226661340831642,0.043770580497632355,0.11899379334583983,0.061099725119058944,0.003041826968559225
2.3828125,Disgust,False,False,True,False,False,False,False,False,0.09547002287833183,0.0006431620976866727,0.5053595083260702,0.18569145022150574,0.009254905456944856,0.18591015516368312,0.004752435863499959,0.012918359992277561
2.421875,Amusement,True,False,False,False,False,False,False,False,0.26744134740890135,0.002605611479367292,0.27707750912928075,0.2767306274922307,0.01926784869538376,0.10192992704376114,0.05234152954412919,0.0026055992069457207
2.4609375,Disgust,False,False,True,False,False,False,False,False,0.1974139410703729,0.0018566595157645319,0.5366811798850044,0.03730737193188615,0.013732942268606198,0.19743216122939433,0.013719098047030604,0.0018566460519408514
2.5,Disgust,False,False,True,False,False,False,False,False,0.19595406282595804,0.001842821299408029,0.532684831370181,0.026510452841692712,0.037026613156609996,0.19596259798079876,0.005009321629326678,0.0050092988960248564
2.5390625,Disgust,False,False,True,False,False,False,False,False,0.19452941674305796,0.0018293984533088868,0.5288067564005111,0.004973074108160291,0.036750314532936076,0.19453626880816136,0.03674537768603137,0.0018293932678330558
2.578125,Disgust,False,False,True,False,False,False,False,False,0.18706354373071413,0.0017591421438265934,0.5084995100255569,0.004782016471730246,0.09607207853821045,0.18706599804854213,0.012998572977827489,0.0017591380635919578
2.6171875,Disgust,False,False,True,False,False,False,False,False,0.17036023332305694,0.0016020528355485035,0.463092067007878,0.011838300759868511,0.17031897213566466,0.17036133865259281,0.011837672770843546,0.0005893625145468981
2.65625,Amusement,True,False,False,False,False,False,False,False,0.4630914642848024,0.001602055048036526,0.1703623442363191,0.011838194390751044,0.17031697628696643,0.1703618912440335,0.011837713422933003,0.0005893610861580299
2.6953125,Amusement,True,False,False,False,False,False,False,False,0.5049061187446591,0.0017467065534669225,0.18574483312844706,0.012906727682288371,0.0954013300665379,0.1857450564417963,0.012906650311670187,0.0006425770711341267
2.734375,Disgust,False,False,True,False,False,False,False,False,0.1703562091454716,0.0016019977462366738,0.46307770610903554,0.011837518133010738,0.1703435690324526,0.17035634852356676,0.011837309498987916,0.0005893418112382625
2.7734375,Amusement,True,False,False,False,False,False,False,False,0.4630750354181117,0.000589338215986666,0.1703556210000285,0.011837726467642884,0.17034747656090055,0.1703556249080667,0.011837192855340099,0.001601984573922911
2.8125,Amusement,True,False,False,False,False,False,False,False,0.3603181406787516,0.001246503374219544,0.13255314422285647,0.003388376990054408,0.1325070617247008,0.36031765998554466,0.009210550957753253,0.0004585620661191811
2.8515625,Amusement,True,False,False,False,False,False,False,False,0.36030471610444564,0.0004585470443849448,0.13254836982660567,0.00338829533539591,0.1325392260052052,0.3603041836517523,0.009210202061744938,0.001246459970465296
2.890625,Amusement,True,False,False,False,False,False,False,False,0.3770400562383752,0.0004798518886320736,0.051025797576993576,0.05101946426038451,0.13854562407820678,0.37703916033646506,0.003545677446389851,0.0013043681745529
2.9296875,Joy,False,False,False,False,False,True,False,False,0.24075435581928822,0.0008329176993606936,0.0885674017218976,0.0022641856903889523,0.006154491346938074,0.654439177907359,0.006154568501561757,0.0008329013132057419
2.96875,Joy,False,False,False,False,False,True,False,False,0.2389413964456276,0.000304107513146803,0.08789812605079159,0.0022474364140546484,0.0022471720571878543,0.6495090282459469,0.0166056004081128,0.0022471328651318366
3.0078125,Joy,False,False,False,False,False,True,False,False,0.24785206564697823,0.00031547010800333635,0.0335433170373074,0.006337003852414249,0.00233121703324151,0.6737612287049026,0.03352867547284642,0.002331022144306196
3.046875,Amusement,True,False,False,False,False,False,False,False,0.2884478027966224,0.05451265470854139,0.28849260508359686,0.0027133059986908913,0.02006100568926899,0.2884826969353234,0.05457676564020985,0.0027131631477462182
3.0859375,Disgust,False,False,True,False,False,False,False,False,0.04334596130635162,0.008199760683637638,0.8717516762879383,0.0011095829313191538,0.0433939503371994,0.015797003314260843,0.008202251526888193,0.00819981361240484
3.125,Disgust,False,False,True,False,False,False,False,False,0.017574597733369734,0.0008749409147562778,0.6873744407444888,0.002378408258691819,0.034205949280396136,0.2528350183637362,0.0023784360076715425,0.0023782086968895753
3.1640625,Disgust,False,False,True,False,False,False,False,False,0.13011604632654905,0.06695964291688779,0.35438802699579147,0.009060698170794856,0.35437122806345017,0.06698004461612789,0.009064148774140083,0.009060164136258835
3.203125,Disgust,False,False,True,False,False,False,False,False,0.03928892790870859,0.03928871939399938,0.7896242195685482,0.0010050529894300823,0.10685765735435768,0.002732218486518951,0.02019816986290109,0.001005034435535986
3.2421875,Joy,False,False,False,False,False,True,False,False,0.002732727798824645,0.00100528323934952,0.10685774725948109,0.054902604296541764,0.039316125851244776,0.7897205931009077,0.0027325284361778795,0.0027323900174726803
3.28125,Inspiration,False,False,False,False,True,False,False,False,0.05335302797601972,0.0037105813676203193,0.1451144409863968,0.0037103153343895343,0.3945143899514489,0.39452190960500416,0.003710392239464637,0.0013649425396560359
3.3203125,Amusement,True,False,False,False,False,False,False,False,0.3865865503720184,0.0004920937679519682,0.0523017793514932,0.02687071073501627,0.386558929448222,0.14221584887034042,0.0013376430596473894,0.00363644439531031
3.359375,Inspiration,False,False,False,False,True,False,False,False,0.00544261662830893,0.007609809127917857,0.04019697312411665,0.00037871960194029906,0.808652402250602,0.10941722730546614,0.02069473599640464,0.007607515965243516
3.3984375,Inspiration,False,False,False,False,True,False,False,False,0.00617988994522143,0.0008353030662604209,0.08874445896457639,0.002270743887257887,0.6561027871700077,0.24132493607563607,0.002270519344998054,0.002271361546042054
3.4375,Inspiration,False,False,False,False,True,False,False,False,0.024768625754382517,0.009096211241735182,0.13075108946610134,0.009098123903256995,0.3556104663779739,0.3555701034522861,0.06729670850056685,0.047808671303696974
3.4765625,Inspiration,False,False,False,False,True,False,False,False,0.218588275382452,0.0020573667818296138,0.045984008523838486,0.015211949527850026,0.5943734347316384,0.002058540984224329,0.08036910508173553,0.04135731898643161
3.515625,Amusement,True,False,False,False,False,False,False,False,0.6484770362075112,0.00030367536511410827,0.08774514256655262,0.006100786523308415,0.2385733473389307,0.0008254497507181844,0.011874729382532749,0.006099832865332145
3.5546875,Amusement,True,False,False,False,False,False,False,False,0.6485076188394718,0.0008254303000950144,0.08776010549027267,0.0008254087917598183,0.23857720957121265,0.0008254136637988971,0.006099421584126014,0.016579391759263092
3.59375,Amusement,True,False,False,False,False,False,False,False,0.6855711208870798,0.0008725541914715464,0.034127257952427235,0.002371839379719385,0.25220880071719337,0.00644886438066437,0.017527023602711952,0.0008725388887322553
3.6328125,Amusement,True,False,False,False,False,False,False,False,0.40501330156876564,0.0014012029605457357,0.14899303261055274,0.003808842557875258,0.40501313425831126,0.028152759793029655,0.0038088951272375,0.003808831123682282
3.671875,Inspiration,False,False,False,False,True,False,False,False,0.21091060669266698,0.014656471938495529,0.07758847202190955,0.0398423263588211,0.5733190007172182,0.07756183120334696,0.0007296695467883072,0.00539162152075335
3.7109375,Amusement,True,False,False,False,False,False,False,False,0.4048006885843219,0.00380715246622437,0.14891767800705363,0.0038070526859615493,0.4048043453806213,0.028655684859203123,0.003806924385957959,0.001400473630656246
3.75,Amusement,True,False,False,False,False,False,False,False,0.46609189710666116,0.0016124892295545353,0.17146244866737334,0.004383177872303723,0.17146457350150185,0.1714580467022474,0.01191489839160164,0.0016124685287563381
3.7890625,Disgust,False,False,True,False,False,False,False,False,0.13272652663171194,0.001248178827385459,0.36078939178298436,0.0012481746974710786,0.13272633462582192,0.3607904422211861,0.009222795766980266,0.0012481554464589628
3.828125,Joy,False,False,False,False,False,True,False,False,0.17228461635419917,0.00440406770315527,0.1722841285094603,0.004404084168588131,0.17228096038195984,0.4683179814991322,0.004404007884629897,0.0016201534988752608
3.8671875,Joy,False,False,False,False,False,True,False,False,0.17146350821432543,0.0016125088524520663,0.17146371865167487,0.004383169556589579,0.17146377383433478,0.4660861856291632,0.011914670535033008,0.0016124647264269796
3.90625,Joy,False,False,False,False,False,True,False,False,0.1714606358649594,0.0016125486653385318,0.1714643853814842,0.004383210706779393,0.1714634445546673,0.46608848796211383,0.01191480057340257,0.0016124862912548928
3.9453125,Joy,False,False,False,False,False,True,False,False,0.17229172688616198,0.0016205331317353027,0.1722985102875078,0.004404740723110578,0.17229802830141036,0.4682772165215013,0.004404622826879461,0.004404621321693236
3.984375,Inspiration,False,False,False,False,True,False,False,False,0.007914375902458505,0.11379923333030986,0.015403475064316,0.0029120103781232094,0.8412293998730571,0.007916250990297474,0.002912004993877377,0.00791324946756063
4.0234375,Joy,False,False,False,False,False,True,False,False,0.20156006781243105,0.0018960831593570903,0.01404444399847999,0.014010228776758272,0.20156881425486248,0.5477548179895022,0.014011469113086528,0.005154074895522532
4.0625,Amusement,True,False,False,False,False,False,False,False,0.5794557827698099,0.00545004770067724,0.0054513432184501364,0.0761120104155736,0.21283273337319356,0.07837745471291818,0.0020049064726000605,0.040315721336777216
4.1015625,Joy,False,False,False,False,False,True,False,False,0.08800254025094305,0.08705421274523122,0.03238388018265611,0.006144701145296751,0.04531049533356321,0.6509980248418218,0.0022537305309138682,0.08785241496957409
4.140625,Inspiration,False,False,False,False,True,False,False,False,0.19450415011543432,0.013535032513280596,0.026158212102247804,0.004976784456404009,0.5290003113636434,0.19436467634650903,0.0006735600461809533,0.03678727305629993
4.1796875,Amusement,True,False,False,False,False,False,False,False,0.6971808537568551,0.006562252984038751,0.006563754940477365,0.00032649448982601935,0.2565094313248506,0.012607563201899055,0.0024125983014636468,0.017837051000589153
4.21875,Amusement,True,False,False,False,False,False,False,False,0.6855548618273826,0.0008725619626961059,0.03412501196487345,0.002371814995511944,0.2522048662273267,0.017550774365912594,0.006447572980206865,0.0008725356760898223
4.2578125,Amusement,True,False,False,False,False,False,False,False,0.392924874561082,0.0013594216434006557,0.14453820360148262,0.003695135956363343,0.39292926483604484,0.053149129211375726,0.010044592268676744,0.0013593779215739755
4.296875,Amusement,True,False,False,False,False,False,False,False,0.40501336157475853,0.003809135531139217,0.14899239646519524,0.003808843200165338,0.4050171904728189,0.02814900054722462,0.0014011987398857711,0.003808873468812415
4.3359375,Amusement,True,False,False,False,False,False,False,False,0.45152852547354844,0.011546956062237813,0.06110111841713077,0.01154415200736005,0.45153949808248606,0.004246772230165242,0.004246464688650164,0.004246513038421506
4.375,Sadness,False,False,False,False,False,False,True,False,0.014703139875174727,0.07767012788628412,0.014703368266911723,0.0007317567756004671,0.07755152163802086,0.02856961704662259,0.5746569035852835,0.21141356492610192
4.4140625,Disgust,False,False,True,False,False,False,False,False,0.057427051872559066,0.001468440934124907,0.424328902169804,0.003991344746259556,0.4243795212065844,0.05738372001233044,0.0014685278654647453,0.029552491192872933
4.453125,Disgust,False,False,True,False,False,False,False,False,0.15069122855642736,0.0014172441006817607,0.40958887675419736,0.003852381882265158,0.40962637163610033,0.01049902295216404,0.010472342728103433,0.0038525313900605027
4.4921875,Disgust,False,False,True,False,False,False,False,False,0.15132418109759463,0.0038685353772419935,0.4113361498734605,0.0038684708440620843,0.411349210968433,0.010516086874166627,0.0038685726735670266,0.0038687922914741805
4.53125,Amusement,True,False,False,False,False,False,False,False,0.4419150694308191,0.0015288616275839749,0.059804850787787606,0.011297271818359749,0.44191592851751565,0.030712080736065104,0.0015288483031015271,0.011297088778767369
4.5703125,Amusement,True,False,False,False,False,False,False,False,0.39450088111285775,0.0013648050728196281,0.14512174570118505,0.0037099622496707535,0.39449745325967167,0.05338531581061838,0.003709921047110848,0.0037099157460657403
4.609375,Amusement,True,False,False,False,False,False,False,False,0.6506487560999183,0.0008280862856398254,0.08805007041266293,0.002250964210760914,0.2393600392227066,0.011915200907717995,0.0008280869746001658,0.006118795885993164
4.6484375,Amusement,True,False,False,False,False,False,False,False,0.6831650798713157,0.0008694954936684552,0.034007346783646634,0.017465649172923634,0.2513225737708515,0.006425203630724933,0.0003198637414026596,0.00642478753546648
4.6875,Amusement,True,False,False,False,False,False,False,False,0.7039976142065066,0.0024359167231827196,0.0024401708867970383,0.0066224429683481275,0.2589871719411079,0.00662102644901754,0.0008960392653198975,0.017999617559720137
4.7265625,Amusement,True,False,False,False,False,False,False,False,0.7012564981302803,0.006603164281533016,0.00032845623221574666,0.002428460770185752,0.257954701156271,0.006602034417118645,0.018229388865848812,0.006597296146546703
4.765625,Joy,False,False,False,False,False,True,False,False,0.005638583489438135,0.02952169715730424,0.01532683364216925,0.11336276771957045,0.0020725628577319415,0.5986533209682314,0.22010342523527823,0.015320808930276314
4.8046875,Disgust,False,False,True,False,False,False,False,False,0.0015042645535233666,0.004090702932791836,0.43463822380420225,0.001504163762117773,0.08221418809344828,0.4346725618562589,0.03025793990270076,0.01111795509495694
4.84375,Disgust,False,False,True,False,False,False,False,False,0.05085640894679314,0.001306729000069496,0.37762349427137837,0.001306626033543064,0.051069614368366885,0.37763103266195264,0.0013066141042907139,0.1388994806136057
4.8828125,Disgust,False,False,True,False,False,False,False,False,0.17225941725815389,0.004405676541516959,0.46834563741590657,0.0044050277698166685,0.1722809488139059,0.1722757036567254,0.0016204055578621247,0.004407182986112447
4.921875,Disgust,False,False,True,False,False,False,False,False,0.1722964464928138,0.004405298083355589,0.4683760677869353,0.004405202897911088,0.17230213246374754,0.17218906846753101,0.0016205109464472512,0.004405272861258399
4.9609375,Disgust,False,False,True,False,False,False,False,False,0.19850648670723547,0.0018670659684186107,0.5396408152596351,0.005075071528990217,0.1985177800384842,0.03752103151175769,0.013796568820287724,0.005075180165190882
5.0,Disgust,False,False,True,False,False,False,False,False,0.15131503384208544,0.0038686580595618486,0.4113487949472643,0.0038687564693942107,0.4113450683035304,0.010516065155384587,0.0038685370489271675,0.003869086173851962
5.0390625,Amusement,True,False,False,False,False,False,False,False,0.4113357173999912,0.003868809322200603,0.15132433075614599,0.010516325113160472,0.4113488372292294,0.0038685528617238415,0.003868557536486805,0.003868869781061619
5.078125,Amusement,True,False,False,False,False,False,False,False,0.3270846918848025,0.001131736297597518,0.3270918474988995,0.0030762461673307776,0.3271005559273313,0.003076215568342576,0.008362423529805155,0.003076283125890707
5.1171875,Amusement,True,False,False,False,False,False,False,False,0.3270887509909666,0.0011317043275943166,0.3270883079447315,0.0030761829405704898,0.3270998736286244,0.003076252797516109,0.008362459529870633,0.0030764678401258194
5.15625,Amusement,True,False,False,False,False,False,False,False,0.325603669401695,0.0004144337937081372,0.3255960809534606,0.003062224530509212,0.3256126056210585,0.0030621525756880826,0.008323900294221772,0.008324932829658729
5.1953125,Amusement,True,False,False,False,False,False,False,False,0.327092772691568,0.0011316867550333679,0.3270860786287868,0.003076150615355467,0.32709912926284207,0.003076132746858006,0.008361816826154804,0.003076232473401505
5.234375,Amusement,True,False,False,False,False,False,False,False,0.3270957213709331,0.0011316951859097217,0.3270805793296832,0.003076178086335372,0.3271010853274021,0.0030762304592905146,0.008362342941661945,0.003076167298783983
5.2734375,Amusement,True,False,False,False,False,False,False,False,0.3270917148261277,0.0011316933945279676,0.327085581426049,0.0030761663264499283,0.32710037445599244,0.0030761691048704757,0.008362069109067411,0.0030762313569151207
5.3125,Amusement,True,False,False,False,False,False,False,False,0.327097718682489,0.00113178430889383,0.3270713880943919,0.003076306058383004,0.3271075160588488,0.003076264727533763,0.003076276678384451,0.008362745391075253
5.3515625,Amusement,True,False,False,False,False,False,False,False,0.40334940391781543,0.00139565085693198,0.1483634529665741,0.010311745460921423,0.4033584448021097,0.00379352778183833,0.028032237503060935,0.001395536710748009
5.390625,Amusement,True,False,False,False,False,False,False,False,0.6855735728800313,0.0008726949861548254,0.034117882139494585,0.0023719915625870355,0.25221313941471396,0.01752940379116391,0.006448683604507287,0.0008726316213471417
5.4296875,Amusement,True,False,False,False,False,False,False,False,0.44386834492193494,0.011354958130105555,0.06004043274274958,0.004175045097550664,0.44387713738034246,0.030973200617581752,0.0015358619440065428,0.004175019165728549
5.46875,Amusement,True,False,False,False,False,False,False,False,0.6814408786363048,0.017437156101059226,0.012450912604334653,0.0008675049458150804,0.25068937718114415,0.03388859848885238,0.002358104199137134,0.0008674678433527077
5.5078125,Amusement,True,False,False,False,False,False,False,False,0.3925556837531617,0.05254470303417011,0.003694211355108305,0.003693269913362742,0.14439342950726658,0.39254880421620475,0.010070113411926162,0.0004997848087995837
5.546875,Inspiration,False,False,False,False,True,False,False,False,0.1423343678938477,0.05056285868722701,0.0004929767316218109,0.0036421430787249715,0.38696828078533446,0.38696342210802825,0.027695935773509036,0.0013400149417067452
5.5859375,Amusement,True,False,False,False,False,False,False,False,0.51103678073682,0.025356640772911384,0.01308664424987746,0.00065121547768344,0.06910089911761474,0.18803078028346598,0.18792070766166508,0.0048163316999618915
5.625,Amusement,True,False,False,False,False,False,False,False,0.49262760271428707,0.06334318817413492,0.0017066107386302933,0.0006277794196545447,0.06652798545763462,0.18128977545617836,0.1812555472344838,0.012621510804996534
5.6640625,Disgust,False,False,True,False,False,False,False,False,0.10965793962948957,0.007648003415054327,0.1542807871317879,0.0010349890950006133,0.29876098226365094,0.020843506571168364,0.29809218360378664,0.10968160829006153
5.703125,Amusement,True,False,False,False,False,False,False,False,0.38732576323827017,0.001341299353231764,0.0521482176214069,0.0013411905444002965,0.38742838024796383,0.0013408044394780502,0.14212495814901235,0.026949386406236522
5.7421875,Amusement,True,False,False,False,False,False,False,False,0.6831405090889088,0.0008701105861043761,0.01749454161303577,0.0003199711679169292,0.2513241670094904,0.006428397815804968,0.03399444046241269,0.006427862256326057
5.78125,Inspiration,False,False,False,False,True,False,False,False,0.09558068323192699,0.0008997115731876858,0.09554075348186199,0.002445628470445245,0.7066339243348949,0.0008995964914147254,0.002447177442029004,0.09555252497423944
5.8203125,Inspiration,False,False,False,False,True,False,False,False,0.09923048129648293,0.0009337239878333439,0.1389702756954068,0.0009336243188036761,0.7333362924974202,0.0009334690050424953,0.006902957421540605,0.01875917577747015
5.859375,Amusement,True,False,False,False,False,False,False,False,0.6501122431827714,0.0022500005383403374,0.016627212478623123,0.0008276222191565691,0.23917752582650711,0.0022497428677313736,0.08792804483367571,0.0008276080531944012
5.8984375,Amusement,True,False,False,False,False,False,False,False,0.6831255727907098,0.00031993958608406907,0.03396988695290647,0.0008695861805889067,0.25131784000325463,0.006425827763141156,0.01754418971549199,0.006427157007823016
5.9375,Amusement,True,False,False,False,False,False,False,False,0.40336786615314274,0.010316906487525257,0.14829761682005257,0.0013959023089949168,0.40339592039800015,0.02803518570144326,0.0013959129430502406,0.003794689187790764
5.9765625,Inspiration,False,False,False,False,True,False,False,False,0.10459193668450473,0.0026752164210067284,0.10455103743321814,0.0026745389301169754,0.7728886669128849,0.00726976885771159,0.0026745291823652797,0.002674305578191548
6.015625,Amusement,True,False,False,False,False,False,False,False,0.40340603997217767,0.003795262957047185,0.1482162204357454,0.0013959419952216947,0.40342300654437513,0.028044234628128044,0.010323363772534054,0.001395929694770774
6.0546875,Amusement,True,False,False,False,False,False,False,False,0.4050081362309742,0.0038210246601847503,0.14896988460866728,0.0014015266514560813,0.405026771350408,0.02815295771819485,0.003810017302072545,0.0038096814780424217
6.09375,Inspiration,False,False,False,False,True,False,False,False,0.10130283765780834,0.03707303529620243,0.10132395763419501,0.0009532514941895508,0.748759522288254,0.007043092888881154,0.0009531929110640342,0.0025911098294053828
6.1328125,Inspiration,False,False,False,False,True,False,False,False,0.10328059871585303,0.013936970755513593,0.10327532641577929,0.0009716652233581066,0.763197442777553,0.007185783101045089,0.007180643416103862,0.000971569594794069
6.171875,Inspiration,False,False,False,False,True,False,False,False,0.03748288211449549,0.19461637746837876,0.19479168320970824,0.0018328217290000082,0.5295473568078721,0.026350251486770816,0.013545735126735316,0.0018328920570391647
6.2109375,Disgust,False,False,True,False,False,False,False,False,0.047574554258847226,0.012361488906296196,0.6770882350183391,0.00031731241845110015,0.24904999257865804,0.006372810915154898,0.006373288762092,0.000862317142161559
6.25,Disgust,False,False,True,False,False,False,False,False,0.010442145505684718,0.14984024326305256,0.4078396216692346,0.0014131202209110244,0.4078793917323672,0.010737948200498634,0.001412305929893167,0.010435223478358258
6.2890625,Joy,False,False,False,False,False,True,False,False,0.004911601405146532,0.19139054019060767,0.19179286798514017,0.0018055657928792335,0.0704975405667246,0.5213393646208043,0.013350327968745293,0.004912191469952117
6.328125,Joy,False,False,False,False,False,True,False,False,0.00490935252563224,0.19151299988509893,0.07051754025861025,0.0018058810390621663,0.19156852131134847,0.5213905811806261,0.004912408594051003,0.013382715205570729
6.3671875,Tenderness,False,False,False,False,False,False,False,True,0.0048714629524490615,0.013269659523531369,0.06994166457751258,0.013319575772444902,0.19033680706526204,0.19033139057273,0.0006592197457466559,0.5172702197903234
6.40625,Inspiration,False,False,False,False,True,False,False,False,0.00706363326763591,0.0009567902291443604,0.09995639648606619,0.002598866423110278,0.7500320094894759,0.10141968317915992,0.0009558139714844418,0.03701680695392295
6.4453125,Inspiration,False,False,False,False,True,False,False,False,0.00638835794008373,0.027256167204147305,0.0023505336934297877,0.00031783824226723977,0.6783487282576851,0.033734468181868205,0.0023542144547326047,0.24924969202578592
6.484375,Inspiration,False,False,False,False,True,False,False,False,0.0061547175953264475,0.2398681818783431,0.0008331416786167137,0.0008329854384740412,0.6536722739074767,0.08835599089650122,0.006175237977292241,0.004107470627969487
6.5234375,Inspiration,False,False,False,False,True,False,False,False,0.0010703129765328215,0.0029125456815855856,0.007920812006456827,0.007925398217937854,0.8403449587057078,0.021534165848631086,0.11037308285323709,0.00791872370991109
6.5625,Inspiration,False,False,False,False,True,False,False,False,0.03979297261607288,0.02092241672739619,0.0027921229319454732,0.000377343170218357,0.8054678665535383,0.0027900531279607343,0.10721885552949634,0.02063836934337172
6.6015625,Amusement,True,False,False,False,False,False,False,False,0.6849928196854074,0.033928332844992866,0.002373549629609198,0.00032090256928304586,0.25202072555475047,0.01753543445171803,0.00645673235537089,0.0023715029088682534
6.640625,Anger,False,True,False,False,False,False,False,False,0.13322658806364157,0.3620110889640603,0.0012541786344521936,0.0034087175742206614,0.3622118113571924,0.13322067138987165,0.003413039304156646,0.0012539047124045268
6.6796875,Inspiration,False,False,False,False,True,False,False,False,0.021889423235093342,0.05936291762482773,0.021798216002114526,0.0015231250410231239,0.4400420604202273,0.4399857656393987,0.004141458438570062,0.011257033598745423
6.71875,Amusement,True,False,False,False,False,False,False,False,0.28232606941090377,0.0072556659755165405,0.1037730787743691,0.0026570671991219476,0.28235630706910825,0.28235732937787356,0.019636258825414633,0.01963822336769223
6.7578125,Anger,False,True,False,False,False,False,False,False,0.053039267628931214,0.39239341142693573,0.010054441328225775,0.003693544543526428,0.3922150818145771,0.1444049247270484,0.0036994824294228354,0.0004998461013324351
