time_sec,pred_label,Amusement,Anger,Disgust,Fear,Inspiration,Joy,Sadness,Tenderness,prob_Amusement,prob_Anger,prob_Disgust,prob_Fear,prob_Inspiration,prob_Joy,prob_Sadness,prob_Tenderness
0.0390625,Joy,False,False,False,False,False,True,False,False,0.08826938682638724,0.006137379504835892,0.23996039049517937,0.00030544989537042267,0.006136911394392015,0.6522234453624839,0.0008303951937169994,0.006136641327634178
0.078125,Anger,False,True,False,False,False,False,False,False,0.0038165600583494087,0.40557786074927993,0.001403853453069028,0.4055840624479604,0.003818165109530228,0.14923226319643015,0.01039008298969494,0.020177151995685955
0.1171875,Inspiration,False,False,False,False,True,False,False,False,0.006514657580833651,0.0008815244795543896,0.002395962044994815,0.006516440851347952,0.6922651810029061,0.0344100684759762,0.2546197862041449,0.0023963793602420143
0.15625,Anger,False,True,False,False,False,False,False,False,0.018103823729309063,0.7019108728873512,0.006620672035289722,0.006621777760454605,0.0008947774922585296,0.25833437455835656,0.006618187636752032,0.0008955139002282951
0.1953125,Fear,False,False,False,True,False,False,False,False,0.021149340721119736,0.040847725723347515,0.00038582477860448264,0.8233703523452539,0.001049247133722341,0.040967999029861535,0.014838991167018286,0.057390519101072235
0.234375,Sadness,False,False,False,False,False,False,True,False,0.02130352378845836,0.0010607435164904236,0.0028799838253433995,0.007830634412746703,0.11248311400247854,0.015077761170405185,0.8315305796294898,0.007833659654587478
0.2734375,Sadness,False,False,False,False,False,False,True,False,0.17885023475867246,0.1787733617580963,0.0016848684521979201,0.0006199464425282465,0.024029198804743728,0.06530057716170126,0.48624989427199283,0.06449191835006726
0.3125,Tenderness,False,False,False,False,False,False,False,True,0.18790705622681975,0.013109481031506446,0.0006515175201783211,0.06912531095112989,0.02541213605903964,0.18798694059197793,0.004821420612525349,0.5109861370068227
0.3515625,Amusement,True,False,False,False,False,False,False,False,0.6939689898883286,0.01780002925187653,0.09274745127423001,0.002404956579104612,0.09379579288116228,0.03273737023337639,0.04839576460796375,0.018149645283957794
0.390625,Amusement,True,False,False,False,False,False,False,False,0.30622134150217784,0.11249770309771386,0.04130202281249421,0.0028834526351083655,0.3045230283200336,0.11213984600514941,0.11259284022976576,0.007839765397556975
0.4296875,Joy,False,False,False,False,False,True,False,False,0.010378720238402958,0.020088272878795044,0.01036695131762263,0.1474596294945072,0.0005156889135101137,0.4049328940869578,0.4024457214541143,0.003812121616089852
0.46875,Joy,False,False,False,False,False,True,False,False,0.0021161181744950666,0.0822947832680263,0.22465534718386798,0.01565292397739472,0.005751054733797441,0.6111589220333215,0.042720402499856217,0.015650448129240727
0.5078125,Disgust,False,False,True,False,False,False,False,False,0.028377217954545193,0.0766026590527207,0.5717266656361334,0.21020878980656543,0.0019799965521401603,0.07735741493807859,0.005388073017683012,0.028359183042133546
0.546875,Amusement,True,False,False,False,False,False,False,False,0.46625845158435825,0.17114317447116018,0.011950956598664879,0.17149874952240354,0.0016146069115566628,0.17152874757077674,0.001615464005373073,0.004389849335706607
0.5859375,Fear,False,False,False,True,False,False,False,False,0.00266522921990514,0.0071886404444232,0.10305616742799517,0.7615352230814507,0.0026369736247235757,0.10303952909942254,0.01952136283760071,0.00035687426447902985
0.625,Fear,False,False,False,True,False,False,False,False,0.08852849536371528,0.0008341579550713016,0.24076716796166092,0.6544383642081354,0.006161419639310311,0.006168034681776805,0.0008339669177089961,0.002268393272620874
0.6640625,Fear,False,False,False,True,False,False,False,False,0.10444497797521884,0.002677577130100216,0.10458470992806755,0.7729734484238912,0.002679591415300907,0.007284941579957103,0.002678231189624771,0.0026765223578395225
0.703125,Disgust,False,False,True,False,False,False,False,False,0.002912506878154951,0.0029094185700300527,0.8401077623261405,0.11367909456648484,0.002908617331166364,0.021653978630914016,0.007920821368940031,0.007907800328169375
0.7421875,Disgust,False,False,True,False,False,False,False,False,0.05824122240011217,0.0003895641855423105,0.831474801966208,0.04134006167510591,0.002878786298118289,0.02142270207773941,0.04137386717494895,0.0028789942222248333
0.78125,Fear,False,False,False,True,False,False,False,False,0.006162604906683865,0.0008335367349751588,0.2407640131557693,0.6544772580699704,0.0008339003449289327,0.006162038857663374,0.002265905960874005,0.08850074196913489
0.8203125,Fear,False,False,False,True,False,False,False,False,0.108130606078323,0.0010180061568076547,0.039759746560948085,0.7990053480264144,0.002766849417802645,0.03902942567451605,0.007523814846409351,0.002766203238778709
0.859375,Disgust,False,False,True,False,False,False,False,False,0.20262007601413218,0.0051869380042719295,0.5508929983345341,0.014103365341607723,0.014110450512437438,0.00518497413245555,0.20270838461765597,0.005192813042905035
0.8984375,Disgust,False,False,True,False,False,False,False,False,0.06110003274481217,0.004249202446049601,0.4515402675052612,0.011549400100345854,0.011570417456914608,0.004249180721937044,0.4514934315387247,0.004248067485954693
0.9375,Fear,False,False,False,True,False,False,False,False,0.24075737066174588,0.0008333372050449596,0.08854082286763669,0.6544375678698781,0.006161829361053771,0.006170285406265228,0.0022654998626542664,0.0008332867657212565
0.9765625,Fear,False,False,False,True,False,False,False,False,0.0781483032145978,0.005448880666959303,0.21251819797977306,0.5779198640897586,0.005442006016859905,0.0403508628337633,0.07816987633498704,0.0020020088633009004
1.015625,Inspiration,False,False,False,False,True,False,False,False,0.003704724168063549,0.0013631578821204763,0.144103884848101,0.010077323187678273,0.3933908704721027,0.39291437327274276,0.0013641746141239888,0.05308149155506738
1.0546875,Inspiration,False,False,False,False,True,False,False,False,0.006141781815417325,0.0003057175247669496,0.00614294761931193,0.00614824806595,0.6523520355276012,0.08815497699667933,0.0008311377253098504,0.23992315472496353
1.09375,Inspiration,False,False,False,False,True,False,False,False,0.0348127604437487,0.0024251127703866665,0.006588449483472601,0.0003278914656830101,0.6997519238751488,0.23569176164209732,0.002423538948247155,0.01797856137121575
1.1328125,Inspiration,False,False,False,False,True,False,False,False,0.03834600720699101,0.000991410188109548,0.01994860303765631,0.00036446123120710143,0.7779565599931207,0.05472252955340086,0.10497657830776996,0.002693850481744454
1.171875,Inspiration,False,False,False,False,True,False,False,False,0.0064297849533846525,0.00031931697284819685,0.04785981978642346,0.000867942477382418,0.6815557993397937,0.006416075278384111,0.25011061265134243,0.006440648540440847
1.2109375,Inspiration,False,False,False,False,True,False,False,False,0.04303469012729052,0.008204004759071955,0.008157289519002298,0.0004060253799091914,0.866814115821784,0.0081581545555244,0.043040679298072926,0.02218504053934464
1.25,Inspiration,False,False,False,False,True,False,False,False,0.25120344453831167,0.006465469864423959,0.006428206650361074,0.0008698363641522444,0.6831307159424042,0.03397654458090387,0.01760575386100016,0.00032002819844293876
1.2890625,Inspiration,False,False,False,False,True,False,False,False,0.08844048048772704,0.006180851003928451,0.006164878580208889,0.0022641427748711306,0.6538834300594607,0.002264222250351156,0.24049563865909876,0.0003063561843537731
1.328125,Inspiration,False,False,False,False,True,False,False,False,0.006133658479102791,0.08761148053525561,0.0022437461823030793,0.0008251828010428042,0.6480268202625207,0.016583147208062924,0.23827234503834466,0.0003036194933674422
1.3671875,Inspiration,False,False,False,False,True,False,False,False,0.08712914710333673,0.236880030641833,0.002230554006041529,0.0008203157594072844,0.6441397168007045,0.016708701415209144,0.011789698870111517,0.0003018354033564296
1.40625,Anger,False,True,False,False,False,False,False,False,0.015871401218177674,0.31907548527667906,0.0011052605306939545,0.003004711902142504,0.022339408827782875,0.3191620638595515,0.31903513758772634,0.0004065307972460372
1.4453125,Anger,False,True,False,False,False,False,False,False,0.01932428749554408,0.3890603441362349,0.0036659466381507603,0.003665812133184937,0.38934948508390477,0.1432296917915593,0.0512083367284493,0.0004960959929718378
1.484375,Inspiration,False,False,False,False,True,False,False,False,0.01979686916350561,0.14694093439631423,0.003764053502944592,0.0005090001826561336,0.39951738004812726,0.019861788464053315,0.39938233282674035,0.010227641415658515
1.5234375,Amusement,True,False,False,False,False,False,False,False,0.3616130694139433,0.36159647640984716,0.0034058383771972344,0.003404680860970079,0.0034075647248429015,0.13308862788239256,0.13302301305991043,0.0004607292708963586
1.5625,Amusement,True,False,False,False,False,False,False,False,0.2381021704906587,0.03212463737907895,0.0061117171275571,0.002248789721437347,0.2383127897820299,0.23876694796246836,0.2382215809692033,0.006111366567566434
1.6015625,Amusement,True,False,False,False,False,False,False,False,0.5252298203282466,0.0703629874502826,0.19279144087762548,0.0006694566074558161,0.06841175698376996,0.07087583578561635,0.06983892385527161,0.001819778111731712
1.640625,Amusement,True,False,False,False,False,False,False,False,0.4571337345768885,0.1681240268315612,0.0043203163237146664,0.000582581436453611,0.03186677638062847,0.1682055135969216,0.16818330257348357,0.0015837482803484366
1.6796875,Joy,False,False,False,False,False,True,False,False,0.08300991025851762,0.005825513386719106,0.01578497357245058,0.04290666348302084,0.005804603330973003,0.6165553730811892,0.2243083870947377,0.005804575792391915
1.71875,Joy,False,False,False,False,False,True,False,False,0.0072276039492190376,0.002642863461168791,0.10296409328292493,0.00035712613028887814,0.01949668987995555,0.7618230770906056,0.10285036050542411,0.0026381857004131475
1.7578125,Disgust,False,False,True,False,False,False,False,False,0.11630862136628001,0.06507286425500909,0.3166147616365555,0.00812134056820344,0.05996986031537362,0.11646197035053482,0.31635327002392843,0.0010973114841152164
1.796875,Amusement,True,False,False,False,False,False,False,False,0.5411154343856884,0.19839334820221957,0.0018758374132280022,0.026720891590718745,0.013860609624634793,0.19905589071704313,0.013875286756664247,0.005102701309803135
1.8359375,Amusement,True,False,False,False,False,False,False,False,0.3209192010239676,0.0082624376997829,0.003025563779852298,0.3204861229314736,0.3208896274653752,0.0011116935422281506,0.024896539493637446,0.00040881406368268615
1.875,Amusement,True,False,False,False,False,False,False,False,0.46765890276596916,0.011983854185616583,0.0044082585436990285,0.012029916221839774,0.46779698446605916,0.01974077312577599,0.01197712932380407,0.004404181367236277
1.9140625,Sadness,False,False,False,False,False,False,True,False,0.24875200923956747,0.030326046112575607,0.006476149073572477,0.03362616258030227,0.0023463187320496145,0.0023433217203902177,0.6758131159615768,0.000316876579965537
1.953125,Sadness,False,False,False,False,False,False,True,False,0.2394802297446301,0.002262614805472069,0.011906806186989168,0.006139678293579129,0.08760854882373974,0.0008311476241923445,0.6509413551755788,0.0008296193458187061
1.9921875,Disgust,False,False,True,False,False,False,False,False,0.042618564114927544,0.002971229967588493,0.8561382557288091,0.008188735585571604,0.041625536414711097,0.0425201240967886,0.0029705298622746683,0.0029670242293289763
2.03125,Fear,False,False,False,True,False,False,False,False,0.012519177067633386,0.012392579987042903,0.2516257716014886,0.6839898467682195,0.0023692107662146703,0.03385946368218284,0.002372597437120031,0.0008713526900981564
2.0703125,Disgust,False,False,True,False,False,False,False,False,0.053371409224496055,0.0013745557041207716,0.39458667800156044,0.3945072067890376,0.003716558097719355,0.1450091642439402,0.003718674771016348,0.0037157531681090237
2.109375,Disgust,False,False,True,False,False,False,False,False,0.0026033516688405926,0.0026064545073017733,0.750967127243199,0.037308655350995146,0.10147906805023076,0.0026030593629894887,0.10147555998215174,0.0009567238342915495
2.1484375,Disgust,False,False,True,False,False,False,False,False,0.0024299332848575117,0.0024323625651714955,0.701347195296994,0.2579089471602655,0.018248793495136282,0.002431402291082837,0.012770476644716445,0.0024308892617758613
2.1875,Fear,False,False,False,True,False,False,False,False,0.017477868833573586,0.0008295818864154206,0.0878623546004354,0.6500896824760038,0.002252222934825267,0.23840139028193927,0.0008294611116847174,0.002257437875122548
2.2265625,Disgust,False,False,True,False,False,False,False,False,0.011478162047848874,0.001551779194155415,0.44767353718192937,0.44776549339984967,0.0603713677332021,0.011478330730829074,0.008174749025392933,0.011506580686792634
2.265625,Disgust,False,False,True,False,False,False,False,False,0.004143600620938058,0.0015224596265795926,0.4389422806251879,0.030645175114881452,0.43945388986477857,0.004140734838311851,0.021738151105704127,0.05941370820361863
2.3046875,Fear,False,False,False,True,False,False,False,False,0.05174669587951616,0.0013423899814107847,0.009937569822240507,0.3874113405111237,0.387593024413304,0.14220828842177363,0.0004938086188457795,0.019266882351785506
2.34375,Inspiration,False,False,False,False,True,False,False,False,0.041253662596890096,0.001056666669845343,0.04092824857652447,0.021246050211793138,0.8293362120841321,0.05795544371021186,0.0003887471051742883,0.007834969045428766
2.3828125,Inspiration,False,False,False,False,True,False,False,False,0.11173152449147268,0.0003877104277048571,0.002868346767992331,0.0077869478545422146,0.8267717798213134,0.007789141349468644,0.021462510838780927,0.02120203844872494
2.421875,Inspiration,False,False,False,False,True,False,False,False,0.0195800152766407,0.0026499740401227877,0.002648756826950742,0.002649056389833846,0.7648311188654309,0.1032880050195672,0.0009746278720222595,0.10337844570943167
2.4609375,Inspiration,False,False,False,False,True,False,False,False,0.016906017491793903,0.000826229429932204,0.006104345573987527,0.00030361022612724833,0.6477956550770376,0.08762324628935392,0.0022441830145221078,0.23819671289724553
2.5,Inspiration,False,False,False,False,True,False,False,False,0.03862512161910226,0.10712756998959799,0.0010166718134892976,0.007515934649991561,0.7975450017164261,0.03964033231983706,0.007512685143773676,0.0010166827477820519
2.5390625,Inspiration,False,False,False,False,True,False,False,False,0.021441208515529175,0.0010596773649681748,0.0028781778350780306,0.002878997417044823,0.8305047948238128,0.11197351203813323,0.007824214179808962,0.021439417825624765
2.578125,Inspiration,False,False,False,False,True,False,False,False,0.005412214283987574,0.10971232929660134,0.002813995532342056,0.0010344959296040314,0.8122599138089313,0.04030357393795645,0.020804462618316963,0.007659014592260353
2.6171875,Inspiration,False,False,False,False,True,False,False,False,0.0384346210871476,0.1047281153109784,0.0009876200811680263,0.000987515356456571,0.7751853109795408,0.038480995361268464,0.03850882066492878,0.002687001158511417
2.65625,Inspiration,False,False,False,False,True,False,False,False,0.0003083586667105568,0.2416171335218887,0.0022784493151927388,0.0326948173222105,0.6570926464688741,0.03250043627603441,0.03267041982477683,0.0008377386043121662
2.6953125,Inspiration,False,False,False,False,True,False,False,False,0.03382532760508637,0.2504840797416221,0.0023610100286422433,0.0008683962314479775,0.6816413413595983,0.017618188860578372,0.012333121145686597,0.0008685350273380857
2.734375,Sadness,False,False,False,False,False,False,True,False,0.002295461304806708,0.24067866514709188,0.006161534762073153,0.0008336657986337494,0.08857173961541434,0.006163881849080462,0.6544611911453344,0.0008338603775652078
2.7734375,Anger,False,True,False,False,False,False,False,False,0.23464060542813847,0.6378967426453477,0.0008128464430829139,0.002211246751056292,0.006073183910869427,0.0863353719510728,0.03173096325465492,0.00029903961577732287
2.8125,Joy,False,False,False,False,False,True,False,False,0.03408848419008623,0.004587212791914598,0.0023763635830694723,0.002376895229145194,0.2522458863552166,0.685862984754903,0.017588183028517185,0.0008739900671475781
2.8515625,Amusement,True,False,False,False,False,False,False,False,0.30219917650061806,0.11080991309322495,0.11079321804604797,0.0028455383382772095,0.11087583279735275,0.30219720862116767,0.05743295399631935,0.002846158606992184
2.890625,Amusement,True,False,False,False,False,False,False,False,0.360681966549188,0.3607890629002894,0.001250317507871129,0.0012496087944248316,0.009271922341453152,0.13277130337611207,0.13273626377550002,0.0012495547551614008
2.9296875,Joy,False,False,False,False,False,True,False,False,0.21547481381402686,0.015179912463621818,0.002037270756750074,0.01506618344913249,0.07925403051438383,0.5883707389677495,0.0790768538362076,0.005540196198127827
2.96875,Disgust,False,False,True,False,False,False,False,False,0.02000473402386891,0.003804124820949399,0.40334694164015655,0.000514022540396599,0.01033952069225767,0.4034466606472266,0.14820840514525438,0.010335590489889756
3.0078125,Amusement,True,False,False,False,False,False,False,False,0.2773206090565482,0.277005163551948,0.03745706421455571,0.007105043106298304,0.01930426482377783,0.10205810752268317,0.27713773794780544,0.0026120097763833875
3.046875,Fear,False,False,False,True,False,False,False,False,0.01314168367984317,0.004820431833957226,0.00481147420893922,0.26353614480169746,0.013081619970575628,0.5110348388536953,0.18780241216437887,0.0017713944869132679
3.0859375,Inspiration,False,False,False,False,True,False,False,False,0.2395527178880899,0.0008307702676868131,0.002256199431296647,0.08618533159466508,0.6514023825598015,0.0008296919408517266,0.0022570182764245525,0.01668588804118371
3.125,Amusement,True,False,False,False,False,False,False,False,0.4656967421631824,0.004382281573585794,0.0043822851073017114,0.1711890818468513,0.17124000723471472,0.011931822148271633,0.17058483089082044,0.0005929490352720359
3.1640625,Amusement,True,False,False,False,False,False,False,False,0.6480632587782729,0.006112357039696458,0.0008254817670635868,0.002247548538632856,0.0166523277852265,0.08753700688403407,0.23825835269335954,0.0003036665137140072
3.203125,Joy,False,False,False,False,False,True,False,False,0.00235193544275401,0.006365620564533188,0.03354595570628349,0.24812594481999836,0.0008596247705935997,0.6746559675759983,0.03323538958638377,0.0008595615334553261
3.2421875,Fear,False,False,False,True,False,False,False,False,0.03314123930580191,0.0008492391666278814,0.2451257890850326,0.6663900605656048,0.006291693416530864,0.04650356237497,0.0008491870627517404,0.0008492290226802704
3.28125,Fear,False,False,False,True,False,False,False,False,0.01266143007507988,0.01776927635732534,0.25483121457403646,0.6927265762834502,0.0008823255117622366,0.01784748411689239,0.0008828798364417106,0.0023988132450117033
3.3203125,Disgust,False,False,True,False,False,False,False,False,0.0008833172937518178,0.0024000267956945133,0.6924504228911978,0.2547234967539828,0.002398220702431393,0.034103601537854446,0.006523060485658194,0.006517853539429186
3.359375,Disgust,False,False,True,False,False,False,False,False,0.008201639895448566,0.0011089145738615413,0.8705114985528624,0.04328056913582731,0.022496941157389955,0.00819681496312897,0.04318642725420566,0.0030171944672757072
3.3984375,Fear,False,False,False,True,False,False,False,False,0.006631322357690353,0.000897008150774694,0.25897694422088874,0.7039688539055138,0.002438892853420015,0.01801511588104221,0.006634198612390786,0.0024376640182795324
3.4375,Disgust,False,False,True,False,False,False,False,False,0.14164763035316888,0.0013362015153356294,0.38565691098361,0.3857220104310555,0.001335848419069341,0.07309087880923598,0.0013356805144422146,0.009874838974082598
3.4765625,Disgust,False,False,True,False,False,False,False,False,0.0009552193943687927,0.000954777878932239,0.7491553306690213,0.03726665971039913,0.10068988786437272,0.007053966127523051,0.1013291166897654,0.002595041665617435
3.515625,Disgust,False,False,True,False,False,False,False,False,0.003716963854500121,0.0013674229900723094,0.39465597030894317,0.14512548528341374,0.39452076760576416,0.00371680534412089,0.003723894421763725,0.05317269019142193
3.5546875,Fear,False,False,False,True,False,False,False,False,0.07617232548572156,0.0019529450281621508,0.02777091916625623,0.563435268843305,0.2071644910961321,0.10709512177262255,0.0019516373530057295,0.014457291254794724
3.59375,Inspiration,False,False,False,False,True,False,False,False,0.00756686613539408,0.0010217700530606977,0.020610560102963082,0.10835979722134306,0.8016078661458058,0.020676569208029672,0.000375939857471527,0.039780631275931996
3.6328125,Sadness,False,False,False,False,False,False,True,False,0.002386107953962315,0.0008794395641560008,0.033484946864012474,0.017642835588738776,0.25312172276521855,0.0023841185616771455,0.6877117009429834,0.0023891277592512925
3.671875,Inspiration,False,False,False,False,True,False,False,False,0.00224420397947284,0.0003037509803904056,0.01660105854042048,0.006101373157790837,0.6479765832820835,0.23831934596893006,0.0008277942615213494,0.08762588982939044
3.7109375,Inspiration,False,False,False,False,True,False,False,False,0.01754888694319131,0.0003182121198823766,0.017644718437645212,0.0008644947869309789,0.6783423251746384,0.249471024453771,0.00235051259811954,0.033459825485821076
3.75,Inspiration,False,False,False,False,True,False,False,False,0.02053632740730144,0.0003754808674132872,0.007624070638228355,0.002773805697454309,0.8007061575486855,0.10794780187597175,0.0027741777472200394,0.05726217821772527
3.7890625,Inspiration,False,False,False,False,True,False,False,False,0.007888046727168417,0.002904130101181424,0.007897208896713881,0.0010675391963880733,0.8376951922121938,0.021525181285415387,0.007895966918191714,0.11312673466274747
3.828125,Inspiration,False,False,False,False,True,False,False,False,0.0028960075339669548,0.007918408724447015,0.06169201606802575,0.00039180226633365805,0.8361576595403103,0.041615775869964525,0.007992673979587805,0.04133565601736395
3.8671875,Inspiration,False,False,False,False,True,False,False,False,0.04199179959712479,0.04200350218137877,0.00107828643724365,0.0010782343700563453,0.846294817319459,0.021775948112257422,0.037806346745574336,0.007971065236905679
3.90625,Inspiration,False,False,False,False,True,False,False,False,0.007520551313798077,0.033827051517391016,0.0003207026064783084,0.0023712968031294156,0.6844110142623093,0.2516139347456641,0.0175640815158844,0.0023713672353452495
3.9453125,Inspiration,False,False,False,False,True,False,False,False,0.05695362649387183,0.007491674726979333,0.07977472769996917,0.0014580277884950312,0.4210888777549833,0.4209887813383268,0.010785344547103117,0.0014589396502716137
3.984375,Amusement,True,False,False,False,False,False,False,False,0.3908578063464284,0.3904697794272204,0.0013545435155787992,0.0004981868488245739,0.14384843467215166,0.010044554099311669,0.05290896447708155,0.01001773061340286
4.0234375,Anger,False,True,False,False,False,False,False,False,0.02251319897449467,0.321452122032646,0.0004099190736297287,0.0030342496424562147,0.3214977688908104,0.3217267194532908,0.008251276064888412,0.0011147458677838041
4.0625,Inspiration,False,False,False,False,True,False,False,False,0.011883052401770865,0.01195326408068706,0.032250308992302315,0.004377687819735811,0.46303582400167753,0.4630235296776806,0.0016071277240776376,0.011869205302068048
4.1015625,Sadness,False,False,False,False,False,False,True,False,0.0010039929234586804,0.03906423740397796,0.020163809577948295,0.000368821812003469,0.10629631736521641,0.039111940507971135,0.786565081100288,0.0074257993091360495
4.140625,Sadness,False,False,False,False,False,False,True,False,0.03697116043867558,0.10087369821344551,0.0003495614124464596,0.000950558800485113,0.00703567931795683,0.10090783502720546,0.7458713053394302,0.007040201450354956
4.1796875,Joy,False,False,False,False,False,True,False,False,0.08759590124836611,0.16766762071412028,0.004311574546195065,0.09033874208825908,0.011740176750397825,0.45783788714723633,0.08679758414540703,0.09371051336001833
4.21875,Disgust,False,False,True,False,False,False,False,False,0.18076155797877724,0.06601262147481192,0.49132085878956405,0.0006259740042313615,0.001702086642801316,0.06648367097286396,0.18049566568943912,0.01259756444751117
4.2578125,Joy,False,False,False,False,False,True,False,False,0.07944239301025169,0.07926463371597088,0.21610265623255878,0.0055285321316767035,0.01503239667862066,0.5875630277174495,0.015032761401525714,0.0020335991119461915
4.296875,Joy,False,False,False,False,False,True,False,False,0.03408713145932069,0.0023734376780048393,0.2521699235788856,0.0008728608303865637,0.01753144638989918,0.6856363770558643,0.006455993892599736,0.000872829115039079
4.3359375,Disgust,False,False,True,False,False,False,False,False,0.08774374446560713,0.0008259152759305055,0.6485144631516738,0.0008255515170279612,0.016583376170070982,0.23858029920092388,0.00610107248251039,0.0008255777362554422
4.375,Disgust,False,False,True,False,False,False,False,False,0.08262058067595486,0.01563845233190275,0.611019168493934,0.005752231355516154,0.04248009168138468,0.22473311614681618,0.002114515890956876,0.015641843423534477
4.4140625,Joy,False,False,False,False,False,True,False,False,0.07463821226891089,0.07466624906602982,0.20327253546848473,0.0747101385146248,0.014135140985856274,0.5526731368154156,0.005200824948792892,0.0007037619318849779
4.453125,Disgust,False,False,True,False,False,False,False,False,0.011503995438347762,0.004232007990436982,0.44948196527309564,0.011516110513822644,0.011501622632738802,0.44949285177604664,0.06071563476683372,0.0015558116086777974
4.4921875,Disgust,False,False,True,False,False,False,False,False,0.04204855016134007,0.0029340753548950096,0.8473138581901406,0.015483896255854673,0.007974634925781654,0.042166102138884824,0.001078954486709603,0.04099992848639349
4.53125,Fear,False,False,False,True,False,False,False,False,0.012460696159771655,0.03383478273499869,0.2506075904231913,0.681445515932551,0.0008679065081534233,0.017554700422513135,0.0008685416647898379,0.002360266154030827
4.5703125,Disgust,False,False,True,False,False,False,False,False,0.0066244958682784415,0.006620452420978609,0.7018895761484165,0.2581907218473914,0.0008942564184338557,0.00681596899925175,0.01807014480010888,0.0008943834971404802
4.609375,Fear,False,False,False,True,False,False,False,False,0.012713025535126718,0.0024313297715772095,0.2581007052940311,0.7014830748432337,0.0024346669301874417,0.0179714917377727,0.002433229479879468,0.00243247640819188
4.6484375,Disgust,False,False,True,False,False,False,False,False,0.02016833166728433,0.0038327591164268424,0.4056076689963003,0.4057634399018625,0.003819853990517434,0.010404934369593909,0.1489977970016659,0.0014052149563487575
4.6875,Fear,False,False,False,True,False,False,False,False,0.03421977145040309,0.006504644400545653,0.0023982125350396027,0.6880975786178634,0.0008770320054134278,0.25296475764145737,0.01255259943180031,0.002385403917477217
4.7265625,Disgust,False,False,True,False,False,False,False,False,0.0026480142360368253,0.0009718707998913074,0.7619687372786289,0.10303609947756298,0.02030086871546966,0.007178348846992211,0.10292499602737366,0.0009710646180445042
4.765625,Disgust,False,False,True,False,False,False,False,False,0.00560247462515405,0.0029761966246085467,0.3156680983691052,0.3154784255292456,0.3154988901053079,0.04258825501095943,0.0010942478250844467,0.0010934119105348791
4.8046875,Joy,False,False,False,False,False,True,False,False,0.0008348617486877447,0.002269688576780095,0.2407251356769672,0.006169045206989959,0.08844078667239451,0.6545587666312106,0.000834521385653775,0.006167194101316145
4.84375,Disgust,False,False,True,False,False,False,False,False,0.041476549310969384,0.007951985979908913,0.842197304158173,0.0003952757550847857,0.0415255648248517,0.04182989175294107,0.002919272134147239,0.021704156083923908
4.8828125,Disgust,False,False,True,False,False,False,False,False,0.0024392197724633856,0.0024400610293140615,0.7039292641590816,0.0008970780650841847,0.25901428393390197,0.018022487973026288,0.006628527862474053,0.00662907720465431
4.921875,Inspiration,False,False,False,False,True,False,False,False,0.0022168875013392946,0.0022165694132097852,0.002217409682325057,0.0002998469020031782,0.6400841412867413,0.23535526814740346,0.08576840177442674,0.03184147529255102
4.9609375,Joy,False,False,False,False,False,True,False,False,0.006461948144683046,0.0008744072846186065,0.03412488798312907,0.0008741282566845338,0.0064718908257739675,0.6864032489916694,0.2522753985685375,0.012514089944903823
5.0,Disgust,False,False,True,False,False,False,False,False,0.002249106062726303,0.00030432344509393833,0.6495444401284478,0.0022494822593401675,0.23891380415314145,0.08784894204149042,0.002249872178399999,0.01664002973135975
5.0390625,Inspiration,False,False,False,False,True,False,False,False,0.0003301848461820971,0.0008980564364756602,0.006665046299497254,0.002440486762323229,0.7046152002911036,0.0952771429232888,0.09447746090025828,0.09529642154087108
5.078125,Tenderness,False,False,False,False,False,False,False,True,0.19396138461023793,0.03710757609539563,0.00496764627107314,0.0006720523253899598,0.1941017430702179,0.03678297628848174,0.004970308770357652,0.527436312568846
5.1171875,Inspiration,False,False,False,False,True,False,False,False,0.10150746818468719,0.0009563314328967067,0.0026000799761890844,0.002599277809514767,0.7507985721063569,0.0025992025501746733,0.10156325434169548,0.03737581359848513
5.15625,Inspiration,False,False,False,False,True,False,False,False,0.2382925486469864,0.00030348444044673797,0.0008249549995889189,0.006097909554244995,0.6479830583337515,0.08764776510564903,0.016602890784044227,0.002247388135288102
5.1953125,Amusement,True,False,False,False,False,False,False,False,0.4037565603536246,0.05447506084984004,0.010338216775806605,0.07635696054623782,0.14824962908544753,0.14857592741496842,0.010336493412315267,0.14791115156175966
5.234375,Tenderness,False,False,False,False,False,False,False,True,0.22156850077110302,0.015435868405483501,0.08150941775438349,0.0020852403517052287,0.005670375019109226,0.04190440879481255,0.029434635797443955,0.602391553105959
5.2734375,Inspiration,False,False,False,False,True,False,False,False,0.0026691536166320268,0.00725666451617216,0.002669482727856351,0.007314741862676477,0.771067458638835,0.10429768587736443,0.0009818636581118419,0.10374294910235177
5.3125,Inspiration,False,False,False,False,True,False,False,False,0.0048463523118505636,0.004802855874243448,0.18747884128106126,0.0006494872216745478,0.5099073623732386,0.035835149441771075,0.06897353354378738,0.18750641795237297
5.3515625,Disgust,False,False,True,False,False,False,False,False,0.23996235204592856,0.0008311956607878195,0.6521772846690496,0.0003055468675698076,0.08828075285557759,0.0061605621685304375,0.006143309600063991,0.006138996132492119
5.390625,Joy,False,False,False,False,False,True,False,False,0.06675400787237175,0.18149197744971696,0.004645066016995049,0.004643481246149692,0.18147475619826312,0.4935877610349631,0.06677455442576241,0.0006283957557779621
5.4296875,Joy,False,False,False,False,False,True,False,False,0.10158884558443551,0.002600146729209014,0.002598910629854663,0.002598585722193787,0.1015771436231086,0.7508114127718634,0.0372689508141882,0.0009560041251469322
5.46875,Disgust,False,False,True,False,False,False,False,False,0.16959808689488898,0.02267708574629183,0.46103566413095937,0.0015961920399133417,0.004354553049426805,0.1696271841650709,0.1695150278289231,0.0015962061445257765
5.5078125,Joy,False,False,False,False,False,True,False,False,0.17107236856804892,0.004381706573722518,0.1711153069040259,0.0005925913138588973,0.011911603620493762,0.46542117002929817,0.17112563845361753,0.0043796145369343975
5.546875,Joy,False,False,False,False,False,True,False,False,0.002649194744462461,0.0026473012192872202,0.1033882805298892,0.0009736764246787061,0.0026482693134416944,0.7643623706515362,0.01992574721689764,0.1034051598998069
5.5859375,Inspiration,False,False,False,False,True,False,False,False,0.23938071661727797,0.0022539017168430814,0.0008288803658643598,0.01666409983966257,0.6509251332012375,0.0008288942847306833,0.0022651972245605477,0.08685317674982332
5.625,Inspiration,False,False,False,False,True,False,False,False,0.0887789570816219,0.00227190376887206,0.006174563171932741,0.0008355328347699833,0.6560681683789398,0.0022710594266871745,0.2413282268301815,0.0022715885069946474
5.6640625,Joy,False,False,False,False,False,True,False,False,0.13224096542517846,0.00045931755618663363,0.13222883240885702,0.009235046933802279,0.003394272521115988,0.3606043530888772,0.3605880379436757,0.0012491741223065193
5.703125,Sadness,False,False,False,False,False,False,True,False,0.006442395849357796,0.006429802948394062,0.0008697978229373638,0.00032002781259592964,0.25133416108506623,0.03399830810326168,0.6831243763031046,0.017481130075282292
5.7421875,Inspiration,False,False,False,False,True,False,False,False,0.08789580017716624,0.0003041496818674183,0.002247667267619951,0.002247593619801823,0.6495326602825092,0.016610254360018947,0.23891433708788834,0.002247537523128112
5.78125,Amusement,True,False,False,False,False,False,False,False,0.6500855288461236,0.0008274867561155136,0.0022494248211969033,0.016625721169143425,0.23915836666416446,0.08797663322619699,0.0008275661793415479,0.002249272337717513
5.8203125,Amusement,True,False,False,False,False,False,False,False,0.6680831397214907,0.0008503178275486137,0.0332549146257578,0.017080322385885437,0.24577095447084643,0.03325974878528496,0.0008502907615842114,0.0008503114216018738
5.859375,Amusement,True,False,False,False,False,False,False,False,0.672055201479907,0.00031467620450442664,0.033454134393950875,0.006321134897692969,0.24722481998307672,0.03345427356307319,0.0063203970396863655,0.0008553624381082491
5.8984375,Amusement,True,False,False,False,False,False,False,False,0.5336603216366326,0.04073184238351939,0.005021683796258478,0.013649026739209119,0.19632650587985181,0.013667200635691039,0.19626403411375593,0.0006793848150817304
5.9375,Amusement,True,False,False,False,False,False,False,False,0.4314864864161906,0.4313886009719692,0.004062326508127972,0.0014936551060220427,0.05833807612188684,0.058124240297150256,0.011046317935288421,0.0040602966433645905
5.9765625,Inspiration,False,False,False,False,True,False,False,False,0.0010256999100513944,0.020653675553794333,0.1090007492030812,0.03940125477901609,0.8054759429734232,0.0027871836974653645,0.020630013429600483,0.001025480453567942
6.015625,Amusement,True,False,False,False,False,False,False,False,0.8600664230309829,0.042808746517018305,0.008090393631948549,0.04280283919869463,0.021989743714528682,0.015747317736142755,0.00809179906770797,0.000402737102976123
6.0546875,Joy,False,False,False,False,False,True,False,False,0.03408308863381041,0.002369851760987205,0.25196465997094897,0.002369846010572589,0.017512616083547365,0.684937032440262,0.006442208298908114,0.0003206968009633055
6.09375,Joy,False,False,False,False,False,True,False,False,0.2385633819994502,0.00082541996029879,0.08776178947815935,0.0008254311594733541,0.01658828544020703,0.6485113363903015,0.006098961043223507,0.0008253945288862002
6.1328125,Inspiration,False,False,False,False,True,False,False,False,0.0018391049066804398,0.03694750310903677,0.03701242677964869,0.0018403830035652977,0.5313467165578097,0.19543125874214307,0.005001156936487335,0.1905814499646288
6.171875,Inspiration,False,False,False,False,True,False,False,False,0.19393042036198768,0.0006721356863058232,0.004965675585904881,0.004965984207876834,0.5279255542825797,0.036734045585132186,0.03671308097314638,0.19409310331706658
6.2109375,Amusement,True,False,False,False,False,False,False,False,0.40103131033681266,0.001387603142575704,0.14750913135233115,0.010253208057695093,0.4010652176414123,0.02798745987971855,0.0005104678830096372,0.010255601706444843
6.25,Amusement,True,False,False,False,False,False,False,False,0.3944980061985521,0.003710137090044566,0.053373003082835324,0.0037101000047932288,0.3945068708599176,0.14512691527093396,0.003710104560587769,0.0013648629323354917
6.2890625,Amusement,True,False,False,False,False,False,False,False,0.4218640331450572,0.0014595169272112079,0.05708838269463615,0.029315965332075852,0.4218631103800812,0.0570876876863237,0.0005369115038483755,0.010784392330766238
6.328125,Amusement,True,False,False,False,False,False,False,False,0.392933833185415,0.001359406660272224,0.14454759942328135,0.0036952378767468484,0.3929358021322857,0.053124050295268184,0.0013593822074717955,0.010044688219258753
6.3671875,Amusement,True,False,False,False,False,False,False,False,0.6384802234766864,0.000812602613563136,0.08640694705129831,0.0008125941341632746,0.2348848178248141,0.03178584946430915,0.0060043753942533185,0.0008125900409122984
6.40625,Amusement,True,False,False,False,False,False,False,False,0.36030461368289207,0.0012465032365681383,0.13254600674424755,0.0033883371146009593,0.3603028234013196,0.132542714827441,0.009210446016515326,0.00045855497641546174
6.4453125,Amusement,True,False,False,False,False,False,False,False,0.6737456207449484,0.002330888637353937,0.03354321366902785,0.006336009133409834,0.24785567181945672,0.033542321033349094,0.002330830265661324,0.00031544469679295424
6.484375,Amusement,True,False,False,False,False,False,False,False,0.39451233847761535,0.0037102429402942716,0.14512982547711198,0.0037101514936607577,0.39451267563980374,0.053349789968614135,0.003710101412276209,0.0013648745906235046
6.5234375,Amusement,True,False,False,False,False,False,False,False,0.4033135368189901,0.00139557572061527,0.14834764390091806,0.0037931618017746165,0.40332316837279986,0.028119398052463527,0.010312113620503594,0.0013954017119349365
6.5625,Amusement,True,False,False,False,False,False,False,False,0.44189993344690115,0.011304153140265122,0.05980161038460624,0.0015290474143587896,0.44192031807703097,0.030717220408075556,0.011298680803625082,0.0015290363251370433
6.6015625,Amusement,True,False,False,False,False,False,False,False,0.40333145497937156,0.003794990662703258,0.14836455627099962,0.0013956787247621477,0.40336492764691434,0.028039461385601948,0.010313180824506954,0.001395749505140232
6.640625,Inspiration,False,False,False,False,True,False,False,False,0.19033189938872883,0.19024861241727384,0.07000420940274041,0.004867290539401952,0.5174011172172969,0.013244380597274657,0.013243847815565748,0.0006586426217177287
6.6796875,Inspiration,False,False,False,False,True,False,False,False,0.07492793421361459,0.07471570511598463,0.07492774159387823,0.0019167041562100878,0.5537499847841779,0.20366565070160106,0.014179567411353311,0.0019167120231801391
6.71875,Joy,False,False,False,False,False,True,False,False,0.22146322107602737,0.04194072441587126,0.02995048171419937,0.0020835510719939263,0.08146398491967449,0.6020338970073977,0.005664746336673615,0.015399393458162297
6.7578125,Joy,False,False,False,False,False,True,False,False,0.19509622992303674,0.05762519491714669,0.0703986356195712,0.000676072024853822,0.07182374629935404,0.5308751239901243,0.07166719727762738,0.001837799948285695
