time_sec,pred_label,Amusement,Anger,Disgust,Fear,Inspiration,Joy,Sadness,Tenderness,prob_Amusement,prob_Anger,prob_Disgust,prob_Fear,prob_Inspiration,prob_Joy,prob_Sadness,prob_Tenderness
0.0390625,Amusement,True,False,False,False,False,False,False,False,0.6903883834714797,0.00032331203815363024,0.017655978410896417,0.006496173659103145,0.017657535791013083,0.2539728585278138,0.0008789173882380382,0.012626840713302287
0.078125,Anger,False,True,False,False,False,False,False,False,0.04028760608555779,0.5779738957762306,0.005441492658022298,0.0020004747758441063,0.07803641338116951,0.07823650479080291,0.21258498993716754,0.0054386225952051895
0.1171875,Amusement,True,False,False,False,False,False,False,False,0.6849322003899865,0.0064537986134069174,0.000320930139997099,0.002371281699219934,0.2519558363536493,0.03405976620042437,0.0023795574628187595,0.01752662914049711
0.15625,Amusement,True,False,False,False,False,False,False,False,0.7635951493273644,0.0003578742111780216,0.10334005284002039,0.0009725186653022657,0.037954976876933784,0.05317166835654104,0.03796424299428555,0.0026435167283746022
0.1953125,Sadness,False,False,False,False,False,False,True,False,0.012762285226403816,0.18033495034106983,0.1805799963360411,0.0006255469457783683,0.06645152663958832,0.0664456422744563,0.4910992258293406,0.0017008264073215824
0.234375,Amusement,True,False,False,False,False,False,False,False,0.38207991168369304,0.0013237886671553752,0.07242406439306633,0.001322848448731383,0.018843557570660176,0.140554049035392,0.38212850619493305,0.001323274006368694
0.2734375,Amusement,True,False,False,False,False,False,False,False,0.6380261928719005,0.0008130852299744618,0.0863272550517864,0.0022084898908215395,0.006005891175768362,0.03167538651195315,0.23464479730329696,0.000298901964498555
0.3125,Amusement,True,False,False,False,False,False,False,False,0.6582524874608584,0.0022824426777837406,0.03267163904672902,0.0003084443506500019,0.03073459481719726,0.03273904105432286,0.24217277913609492,0.0008385714563638512
0.3515625,Amusement,True,False,False,False,False,False,False,False,0.3148617521852168,0.002968644596506511,0.008069967375019135,0.0004014766761777006,0.3151375534335645,0.042353294214389416,0.31511459891876886,0.0010927126003571171
0.390625,Amusement,True,False,False,False,False,False,False,False,0.6380876123666299,0.002211473120593913,0.03165405681502044,0.00029903505981900355,0.006010974268632636,0.08617287906033871,0.23475064720896616,0.000813322099999296
0.4296875,Amusement,True,False,False,False,False,False,False,False,0.6545189832122533,0.0022670341329010593,0.08856335716806793,0.0008335182226464081,0.006161358161868694,0.00615988609515362,0.24066220715423647,0.0008336558528726335
0.46875,Amusement,True,False,False,False,False,False,False,False,0.638018275757421,0.00029903971580380617,0.03171618630748569,0.006005365792760752,0.08629255535036455,0.0008127806778004107,0.23464369347601416,0.0022121029223496494
0.5078125,Amusement,True,False,False,False,False,False,False,False,0.6385175768809418,0.0008138832002914031,0.0008141461514378342,0.0008140835896028392,0.23483566991120483,0.006018141686365256,0.0317705671285233,0.08641593145163282
0.546875,Amusement,True,False,False,False,False,False,False,False,0.6379955820196962,0.0008130629426817767,0.23467763895110227,0.0002990110506806153,0.0022105687526436154,0.006008798782442993,0.031707316434668766,0.08628802106608383
0.5859375,Disgust,False,False,True,False,False,False,False,False,0.042626154778903955,0.0010937883346927419,0.31463087122818933,0.00109399788489176,0.3156911918722805,0.0010934603349880235,0.008103736370233476,0.31566679919582025
0.625,Amusement,True,False,False,False,False,False,False,False,0.6782934049411022,0.0008643244501956829,0.017491230526000833,0.017380762758147168,0.24955330164069536,0.0003179178585665437,0.0023506246710627886,0.033748433154229325
0.6640625,Disgust,False,False,True,False,False,False,False,False,0.08854849378509212,0.006172341806531719,0.6543587929545776,0.0008343548118936414,0.0022696266951223263,0.0008339995185147592,0.0061684697158055435,0.2408139207124622
0.703125,Tenderness,False,False,False,False,False,False,False,True,0.21603649648337322,0.01508720628608083,0.0792410246170747,0.0794033664180107,0.0150708684327458,0.005535474329123945,0.0020362562832409088,0.58758930715035
0.7421875,Tenderness,False,False,False,False,False,False,False,True,0.0020348413117895767,0.015164377537492089,0.01504099136491178,0.21604241063706486,0.07929201040561952,0.07941148618819005,0.005531152594922038,0.58748272996001
0.78125,Fear,False,False,False,True,False,False,False,False,0.0014474771430062737,0.02069125241151917,0.05640050828313157,0.4172962526498238,0.029087147980016468,0.417990443869886,0.0005323567227437228,0.056554560939873086
0.8203125,Anger,False,True,False,False,False,False,False,False,0.05404695726543535,0.2830149554967297,0.038236071436617204,0.28299726218178956,0.019789934866231255,0.28300904120505566,0.0009804262806680395,0.03792535126747314
0.859375,Fear,False,False,False,True,False,False,False,False,0.0013078275818004022,0.05103448787155002,0.0013079519782439742,0.37752486716081884,0.05106602185448687,0.3775834124312162,0.0013077565058372217,0.13886767461604652
0.8984375,Joy,False,False,False,False,False,True,False,False,0.00029721699080456377,0.011590025941533995,0.0008081798340223212,0.08582249930371393,0.031517603008775916,0.6343888213049225,0.0021967903977945023,0.23337886321843238
0.9375,Joy,False,False,False,False,False,True,False,False,0.001795105845218072,0.19070553601388945,0.1904440107146557,0.07011510715247522,0.013295930416310563,0.5185315947912742,0.0017954668270030892,0.013317248239173692
0.9765625,Inspiration,False,False,False,False,True,False,False,False,0.007496159514340858,0.039547148625861527,0.002755593781789502,0.10759229530138191,0.7951772043522678,0.039549184927610136,0.0003726331583699879,0.007509780338378356
1.015625,Fear,False,False,False,True,False,False,False,False,0.0013628431889009952,0.010194277868938674,0.053014633801818714,0.3932952710343913,0.00372617242977643,0.14389019638301961,0.001362741283541561,0.3931538640096126
1.0546875,Inspiration,False,False,False,False,True,False,False,False,0.006629092159806266,0.09494760794317454,0.002439252405657093,0.09516772026400445,0.7042940626080717,0.09529496963392303,0.0008972057398414689,0.00033008924552143884
1.09375,Amusement,True,False,False,False,False,False,False,False,0.23409898299541643,0.016308789288547995,0.23423539509973998,0.04470878791558611,0.23427249503187045,0.23336002972738432,0.0008109757004597981,0.002204544240994915
1.1328125,Disgust,False,False,True,False,False,False,False,False,0.0008885276632108483,0.01786174689794983,0.6970289506155931,0.018049520566806757,0.25630614274584085,0.00656306399230757,0.002413595322172708,0.0008884521961184039
1.171875,Inspiration,False,False,False,False,True,False,False,False,0.010334827639201674,0.003798717692579589,0.14817191085251483,0.0037921246876869903,0.4027678118726749,0.40257475894797323,0.0005131094878727861,0.028046738819495997
1.2109375,Amusement,True,False,False,False,False,False,False,False,0.6479183475619235,0.0008262496715543584,0.23831289380610665,0.002243515317057382,0.08770069754922113,0.01659509835853335,0.006099625584756993,0.00030357215084681643
1.25,Disgust,False,False,True,False,False,False,False,False,0.2407419756126816,0.006170722009466274,0.6544213174708492,0.0022666749920209187,0.08857124871332626,0.006160560099537732,0.0008337987907007257,0.0008337023114172533
1.2890625,Disgust,False,False,True,False,False,False,False,False,0.23833619675461448,0.016654148152658393,0.6479982520794241,0.00030367974735145953,0.08753818340653313,0.006100303026556428,0.0008256857246996002,0.0022435511081623396
1.328125,Disgust,False,False,True,False,False,False,False,False,0.05810412690795172,0.01112390467965152,0.4293727887217816,0.0014871252066767766,0.42934479780330487,0.058068748276947725,0.011011616260114716,0.0014868921435710733
1.3671875,Amusement,True,False,False,False,False,False,False,False,0.8149838131578779,0.00769405367159833,0.04055675687716341,0.001038339700644195,0.1103170188980631,0.014902837998440237,0.007684823417654108,0.0028223562785587722
1.40625,Disgust,False,False,True,False,False,False,False,False,0.03148314911172405,0.08565956891445513,0.6346619359704342,0.000297497866104298,0.23327912947941817,0.011586829725353473,0.0008339477768161106,0.0021979411556945997
1.4453125,Anger,False,True,False,False,False,False,False,False,0.05195159671094687,0.38297540055618545,0.3841335744276643,0.0004893668071304184,0.14114679589516393,0.01910357887243285,0.018869118118416354,0.0013305686120598408
1.484375,Amusement,True,False,False,False,False,False,False,False,0.6349234608269768,0.0008092790013281609,0.08590913974960773,0.0008086109700132211,0.011608883384685725,0.031594424517333256,0.2335375289981779,0.0008086725518773058
1.5234375,Amusement,True,False,False,False,False,False,False,False,0.4854199512391372,0.02398450887806693,0.06562080807808639,0.0006186432244289624,0.1784739502147353,0.06559883231781362,0.1786018557664268,0.0016814502813049417
1.5625,Inspiration,False,False,False,False,True,False,False,False,0.00030417022309354866,0.23777255105663414,0.006168997047368984,0.0008269097281397507,0.6491089589346078,0.08783410446444659,0.01186807537068866,0.006116233175020475
1.6015625,Sadness,False,False,False,False,False,False,True,False,0.0025237006962798556,0.03604406699629904,0.09732028904239873,0.0003412208828080398,0.036211729686541794,0.09851814819310983,0.7281129575941382,0.0009278869084245753
1.640625,Amusement,True,False,False,False,False,False,False,False,0.6479369973697799,0.00224723896934896,0.08767700640847997,0.00030352864389721865,0.006097839307871976,0.016585668685401067,0.23832656580857764,0.0008251548066430973
1.6796875,Amusement,True,False,False,False,False,False,False,False,0.6379438366430735,0.0008138176021534267,0.03169229488056684,0.0022094323772181277,0.23468763439794132,0.006009617160437167,0.08634440324735392,0.00029896369125572504
1.71875,Inspiration,False,False,False,False,True,False,False,False,0.00617701837263881,0.0003064241869391267,0.006154035408197477,0.0022645991025611796,0.6540698746560885,0.0884434302084476,0.2403196550988043,0.0022649629663230855
1.7578125,Inspiration,False,False,False,False,True,False,False,False,0.0004803195278498524,0.0013059066440644887,0.13841428971711586,0.003550176529146367,0.3771341978780984,0.05102340230900118,0.05100977705014101,0.37708193034458287
1.796875,Sadness,False,False,False,False,False,False,True,False,0.006078852688147983,0.000813431252865065,0.0022098825289005833,0.00029909928834355155,0.23470187188314579,0.0316032541021191,0.638016317827284,0.08627729042919398
1.8359375,Amusement,True,False,False,False,False,False,False,False,0.6726992613822431,0.00031521647791737175,0.006336631454394435,0.0008570742301383229,0.24750809364105134,0.0063339519169209975,0.033477543956030587,0.03247222694130365
1.875,Amusement,True,False,False,False,False,False,False,False,0.7985383184339595,0.0027664510373144767,0.002769376991457893,0.0010172912990718444,0.03927332571942709,0.10789745165167076,0.008207065988703018,0.03953071887839539
1.9140625,Amusement,True,False,False,False,False,False,False,False,0.7039923549829855,0.006628390486347956,0.25896179300203154,0.0008963779946837996,0.002436974333892644,0.018020944401878698,0.002437469632176576,0.0066256951660032875
1.953125,Amusement,True,False,False,False,False,False,False,False,0.46614719589466325,0.011933445694383111,0.17143977142620118,0.0016141743309576152,0.17143346586863312,0.004389217913486591,0.0016148474781111082,0.17142788139356394
1.9921875,Amusement,True,False,False,False,False,False,False,False,0.2822943178588211,0.007222532915183949,0.2823020344776051,0.0026566533046111216,0.01965744156200299,0.10387977719911225,0.2823334313173296,0.019653811365333923
2.03125,Amusement,True,False,False,False,False,False,False,False,0.43945408742241066,0.03055120646418326,0.4394686038559116,0.0015206265419238669,0.02126236554133576,0.059474847665523356,0.004134084633994808,0.004134177874716619
2.0703125,Disgust,False,False,True,False,False,False,False,False,0.10772128735500884,0.007488398026490108,0.7960403666972375,0.007487433847271706,0.039606134464655524,0.03962972876199816,0.001013349456234003,0.0010133013911039835
2.109375,Joy,False,False,False,False,False,True,False,False,0.007882753350723108,0.002898611402034975,0.11334317813396547,0.0010662031525226245,0.007890379080677147,0.8376109987632417,0.0078850047407512,0.021422871376083653
2.1484375,Disgust,False,False,True,False,False,False,False,False,0.004435225274167769,0.012064609482360288,0.4713834969125076,0.012055765528095098,0.012057300862492171,0.47147342819311505,0.004434904586412894,0.012095269160849069
2.1875,Joy,False,False,False,False,False,True,False,False,0.015906473294463676,0.0308856089237336,0.22851826740632336,0.04345597748966019,0.043268811927645145,0.6212833815003399,0.00079094299412941,0.01589053646370472
2.2265625,Joy,False,False,False,False,False,True,False,False,0.000689399703730795,0.07314872920784873,0.03775388196948078,0.19889385608904547,0.07320428791646054,0.5412555006828608,0.0018740948968396702,0.07318024953373328
2.265625,Disgust,False,False,True,False,False,False,False,False,0.0037028643046994993,0.05314802882584356,0.3927146735665024,0.14458721224030652,0.0013619110504919918,0.010126641414043359,0.001361763491185004,0.39299690510692775
2.3046875,Anger,False,True,False,False,False,False,False,False,0.011626307690469326,0.4491626972094699,0.06046862017886448,0.4494914682202434,0.004236863148000889,0.0015575369338189811,0.011605291808108474,0.011851214811024666
2.34375,Amusement,True,False,False,False,False,False,False,False,0.4367749750387946,0.43604023273151216,0.011242946118005925,0.05908339026528096,0.004114349066417477,0.0005566125400981783,0.021728841067344455,0.030458653172546087
2.3828125,Amusement,True,False,False,False,False,False,False,False,0.7616083035889326,0.007190800501451134,0.10305159303353345,0.019512115789387226,0.0026369896243437665,0.0026365760592748752,0.10300677711224114,0.00035684429083567335
2.421875,Amusement,True,False,False,False,False,False,False,False,0.814226013352436,0.007665351977046005,0.11018532156692872,0.020840144547225048,0.0010368721649760494,0.0028179776628542317,0.04040996596899549,0.0028183527595384296
2.4609375,Amusement,True,False,False,False,False,False,False,False,0.48565637297493713,0.06531976481194567,0.17849704454617524,0.024149517005871098,0.06563716435708984,0.0016812534818025245,0.17844022554970299,0.0006186572724755249
2.5,Disgust,False,False,True,False,False,False,False,False,0.17129842510796736,0.17126577437743587,0.46584877599850266,0.004393930328715607,0.17135177968222232,0.0016133516222975929,0.012614487853961649,0.0016134750288969476
2.5390625,Amusement,True,False,False,False,False,False,False,False,0.7039882446977217,0.006629365108898433,0.2589607700814474,0.0024367213829499623,0.0180273945585231,0.006623148152847517,0.0024380922282730465,0.0008962637893387625
2.578125,Amusement,True,False,False,False,False,False,False,False,0.4630923270153567,0.01184983109319404,0.4631364499079089,0.004360354883011005,0.01189912996311353,0.032205677241615494,0.011853130191936966,0.0016030997038634055
2.6171875,Disgust,False,False,True,False,False,False,False,False,0.18759607151873828,0.06893665619111963,0.5100376065709686,0.004801163778768338,0.0048014382753549115,0.035703865921539686,0.18747374594514246,0.0006494517983679557
2.65625,Disgust,False,False,True,False,False,False,False,False,0.2472503081407405,0.033413975995192385,0.672114597000387,0.006326118520970568,0.006349108972881446,0.033374924288113055,0.0008561308139264261,0.0003148362677885267
2.6953125,Anger,False,True,False,False,False,False,False,False,0.0672038480884918,0.4922173971650305,0.18261678079678897,0.0017197385627792943,0.1826782342870847,0.06716814962357676,0.0017213152985473242,0.0046745361777005955
2.734375,Inspiration,False,False,False,False,True,False,False,False,0.0261727858087598,0.013714344071665743,0.19445418288198268,0.0049772064981099175,0.5286835542704281,0.1944703893656999,0.03685417196548501,0.0006733651378688903
2.7734375,Amusement,True,False,False,False,False,False,False,False,0.5298789245962143,0.0369709267363115,0.19497748966232267,0.0018351691790968315,0.1948408549893758,0.01358564353763552,0.026075839900409365,0.0018351513986340367
2.8125,Inspiration,False,False,False,False,True,False,False,False,0.0015444004188139573,0.16196806729335358,0.16320991104992302,0.0005667301559500595,0.44476439248241345,0.06016440326516154,0.16359097119707577,0.004191124137308498
2.8515625,Sadness,False,False,False,False,False,False,True,False,0.0008157257951647726,0.0022203067147583103,0.23534324535481185,0.0008154889863061724,0.03185981298419722,0.08660014429493527,0.6401278504635161,0.0022174254063102774
2.890625,Sadness,False,False,False,False,False,False,True,False,0.0003410467122344956,0.03617623719879583,0.09802494413153247,0.002519539005062553,0.09834521669755254,0.036163604275526916,0.7275026876242272,0.0009267243550680456
2.9296875,Sadness,False,False,False,False,False,False,True,False,0.0008134470892180716,0.006012946267869939,0.0859243397213245,0.0002990511508846755,0.23475137380085906,0.03169482663879841,0.6382929337621994,0.0022110815688459475
2.96875,Amusement,True,False,False,False,False,False,False,False,0.6479013660162956,0.0061077412469452445,0.08767804683238625,0.00030349256251214015,0.002242981326308548,0.01658054567593353,0.23836068046071368,0.000825145878905145
3.0078125,Amusement,True,False,False,False,False,False,False,False,0.6501026315182739,0.0008279990964448922,0.08796172597868959,0.0008276673111101245,0.00225003604957529,0.01666481168098612,0.23911507497772785,0.0022500533871924297
3.046875,Amusement,True,False,False,False,False,False,False,False,0.6479742934527659,0.0008254441081253916,0.08767089144316592,0.0003035115421056077,0.00611870947564383,0.016576242207233954,0.23828773436700812,0.0022431734039512854
3.0859375,Amusement,True,False,False,False,False,False,False,False,0.6560763143068434,0.006178544721559515,0.08875551990674163,0.0022713832071603636,0.0022727662700857765,0.0022714198560399657,0.2413381958177787,0.0008358559137904749
3.125,Amusement,True,False,False,False,False,False,False,False,0.6485891357105221,0.0003040195591224109,0.08665610074270248,0.0008261522519832358,0.0022479190417884,0.006117639654838214,0.23853982259345285,0.016719210445590237
3.1640625,Amusement,True,False,False,False,False,False,False,False,0.6560946373516274,0.0022723855829563876,0.241330718606039,0.0008356115405936241,0.0022719837619182034,0.0022716478885772434,0.08874528944574077,0.006177725822547489
3.203125,Amusement,True,False,False,False,False,False,False,False,0.670871643952477,0.0008551013448732644,0.033150083928414384,0.0023249248221782915,0.24681010324543326,0.0008549105370698545,0.03313538449304793,0.011997847676506022
3.2421875,Amusement,True,False,False,False,False,False,False,False,0.6477516129949578,0.0022448009268075772,0.016612079331298553,0.0008255685630945461,0.2383342498738716,0.00030363641266178764,0.006318714949400194,0.08760933694790791
3.28125,Amusement,True,False,False,False,False,False,False,False,0.6381498455746191,0.006015913870465734,0.23471692530847757,0.0002990315338092597,0.0022120246741476083,0.0008128093751400979,0.08630349561693697,0.031489954046403715
3.3203125,Amusement,True,False,False,False,False,False,False,False,0.44382643236859204,0.01136613799862143,0.031067895573236415,0.00418001386714174,0.06003983324039083,0.004179438017287181,0.0015374507936630323,0.4438027981410674
3.359375,Joy,False,False,False,False,False,True,False,False,0.026425537880753504,0.005013873154214939,0.19600428944123446,0.005013223922738405,0.0018444983581124392,0.5328338250885628,0.1957471591273453,0.03711759302703808
3.3984375,Disgust,False,False,True,False,False,False,False,False,0.008013807558036823,0.007975051519423768,0.8474988344268115,0.002933271693399379,0.007972924569475728,0.11469814108653241,0.002932781667603508,0.007975187478716826
3.4375,Amusement,True,False,False,False,False,False,False,False,0.5183350424559723,0.013260424776451857,0.07015596076470053,0.013274676857414437,0.19066063960540433,0.19072489252102984,0.0017940618155710248,0.0017943012034556248
3.4765625,Joy,False,False,False,False,False,True,False,False,0.0003467336696005598,0.0025657471034099084,0.10016262803593844,0.10001751081107943,0.018954335065341943,0.7403267927352338,0.0009425442519013553,0.03668370832749441
3.515625,Joy,False,False,False,False,False,True,False,False,0.0010495474935826243,0.0028540931733854556,0.11155363240397607,0.02109721940750356,0.02113951003642937,0.8244391436221421,0.002853349090312945,0.015013504772667972
3.5546875,Joy,False,False,False,False,False,True,False,False,0.014388943747390727,0.027971276552237342,0.20695721301112732,0.07606798655252067,0.10807977840174565,0.5626408553973818,0.0019469475776171608,0.0019469987599793404
3.59375,Inspiration,False,False,False,False,True,False,False,False,0.0014492159222635787,0.020748857892655802,0.029197593759545087,0.056631961884290476,0.41862700752751963,0.4186684365994253,0.000533068323437369,0.054143858090862834
3.6328125,Inspiration,False,False,False,False,True,False,False,False,0.00030389288578575843,0.0008280934066452145,0.006124071936876124,0.08776694007957661,0.6483434174512176,0.23865294629298703,0.0061094023248484414,0.011871235622063119
3.671875,Joy,False,False,False,False,False,True,False,False,0.0048444723271159635,0.025526787852491333,0.1892312171110326,0.06955795444422765,0.18930213125897505,0.5149101194553783,0.004845302121038263,0.0017820154297407515
3.7109375,Inspiration,False,False,False,False,True,False,False,False,0.010054566472268588,0.0036921597223213243,0.14432683011881797,0.05297421806113716,0.39238590463626083,0.39237514801946927,0.0004995513063214636,0.0036916216634033886
3.75,Disgust,False,False,True,False,False,False,False,False,0.0004095910775310435,0.001113640281777747,0.3216404535322173,0.008247604598795194,0.32149136870033573,0.32156100744892685,0.0030265465226742734,0.022509787837741813
3.7890625,Anger,False,True,False,False,False,False,False,False,0.014561933755659217,0.5685105508489966,0.07690079896372036,0.014576936766858457,0.005897699744498688,0.2093251014787035,0.10950222537017082,0.0007247530713923988
3.828125,Amusement,True,False,False,False,False,False,False,False,0.7040469471869413,0.0008976063956147548,0.09528512128419876,0.0066296349280722255,0.09530812635344303,0.09506460249077052,0.00243803071036764,0.00032993065059171546
3.8671875,Amusement,True,False,False,False,False,False,False,False,0.7409657084282172,0.013523548216021348,0.10017978977482674,0.000944066388420812,0.03687426130474555,0.006976897255560476,0.1001885709534036,0.00034715767880425186
3.90625,Disgust,False,False,True,False,False,False,False,False,0.25897553176973104,0.0066676093186411965,0.703953639471936,0.006625248228708732,0.0024379389472682198,0.01800561868358661,0.0024381734515909956,0.0008962401285372136
3.9453125,Disgust,False,False,True,False,False,False,False,False,0.1443557789556004,0.05292833102984702,0.39247115266368743,0.003699907274664967,0.3923036281524784,0.010043432894235923,0.003697893061718713,0.000499875967767138
3.984375,Inspiration,False,False,False,False,True,False,False,False,0.10316166420988232,0.013913414228068455,0.1031312049685124,0.0026418928353331497,0.7624174237852325,0.007181513232252122,0.007195615837601157,0.000357270903117867
4.0234375,Amusement,True,False,False,False,False,False,False,False,0.3924713359966578,0.05316384182846047,0.3932487203855277,0.00370690363227861,0.1446080742905771,0.010075785763591623,0.0013631180402476025,0.0013622200626591324
4.0625,Disgust,False,False,True,False,False,False,False,False,0.051887130433694695,0.14042293404629408,0.38390682665875403,0.0004893238495139216,0.3838213346132003,0.01906590127594679,0.019076365589722564,0.0013301835328735929
4.1015625,Inspiration,False,False,False,False,True,False,False,False,0.013742517704000654,0.0049149413367337155,0.1912881221427531,0.001805157185770532,0.5212147960827417,0.0704836452458784,0.19164409488406892,0.004906725418052962
4.140625,Anger,False,True,False,False,False,False,False,False,0.0003985035113526464,0.31242391479653425,0.015450224573509527,0.0010833725729286654,0.31265179404042115,0.3127836819090152,0.042264468532729714,0.002944040063508854
4.1796875,Inspiration,False,False,False,False,True,False,False,False,0.0005186250944508985,0.010633846565012236,0.1497819546879858,0.010424666117348772,0.4071290810221082,0.4072556353784067,0.010423860075786443,0.0038323310589008777
4.21875,Inspiration,False,False,False,False,True,False,False,False,0.0005899122698956162,0.17028173695987028,0.011871019307655033,0.011853271441856588,0.4631029183127984,0.1703929379031941,0.17030447943069663,0.0016037243740332973
4.2578125,Sadness,False,False,False,False,False,False,True,False,0.00034732496032412554,0.036762165106107934,0.10005196414863005,0.006977064165934346,0.013509467610980992,0.10021714987922707,0.7411907906883478,0.0009440734404476971
4.296875,Sadness,False,False,False,False,False,False,True,False,0.00030365639589665955,0.0022468606634706498,0.0165890609672711,0.006099782976289629,0.23836061124289465,0.08765865859746529,0.6479159867278289,0.000825382428883021
4.3359375,Inspiration,False,False,False,False,True,False,False,False,0.00030445698555775345,0.002256976298545265,0.016622931587834896,0.0022501375903389805,0.6495716638535021,0.08783864586207447,0.23890443918104112,0.00225074864110556
4.375,Amusement,True,False,False,False,False,False,False,False,0.6386733922325311,0.00603575922236369,0.08638312553418606,0.000299369912387551,0.0022138190379005413,0.030540418214141916,0.23504000465879793,0.0008141111876913972
4.4140625,Amusement,True,False,False,False,False,False,False,False,0.6522414547664162,0.006147212012219251,0.08825014978323668,0.0008307678670608302,0.006157036839367188,0.006139680677021105,0.23992799786915775,0.00030570018552093266
4.453125,Sadness,False,False,False,False,False,False,True,False,0.23468758893178754,0.0002990673880264844,0.03173018506030359,0.0060047428780628746,0.08629018891452993,0.0008126030061178466,0.6379657351568566,0.0022098886643152843
4.4921875,Amusement,True,False,False,False,False,False,False,False,0.7405256355975077,0.0009440397488693849,0.018984237371971517,0.0003471061976442593,0.10006966370324202,0.002566864422690177,0.1001971286513369,0.036365324306737994
4.53125,Amusement,True,False,False,False,False,False,False,False,0.653890486099354,0.0022666073626928206,0.24052808043519944,0.00030643436405761637,0.006159196504038254,0.002264189262376448,0.08842440441442558,0.00616060155785592
4.5703125,Inspiration,False,False,False,False,True,False,False,False,0.013830452252584,0.002622711771318058,0.10189378298627313,0.002622783072699871,0.7569274116745137,0.0003546690680348809,0.1022266714948049,0.019521517679771398
4.609375,Amusement,True,False,False,False,False,False,False,False,0.6831340181262194,0.0008706132865589324,0.01749289177906489,0.006434827752342429,0.25129440159021654,0.0003201560524347192,0.0064811536925041624,0.03397193772065892
4.6484375,Amusement,True,False,False,False,False,False,False,False,0.6994568155538903,0.012730710174459117,0.2573096168138354,0.0008906995066362458,0.002421939934931853,0.006582050891098422,0.002422551212799664,0.018185615912349084
4.6875,Disgust,False,False,True,False,False,False,False,False,0.07328521875577756,0.07264195610169749,0.5415717134201042,0.0018755946067092392,0.07317232296903205,0.03770182207138484,0.0006899987874902726,0.19906137328780438
4.7265625,Disgust,False,False,True,False,False,False,False,False,0.007015794864029087,0.05183443221616962,0.2736143281342379,0.0009481375685429745,0.2730395549644719,0.10066089186246716,0.01919810173231692,0.2736887586577643
4.765625,Joy,False,False,False,False,False,True,False,False,0.01504379846763725,0.2159526977746661,0.07945526254795186,0.005530004919799056,0.015031357915507344,0.5875010532067564,0.0020340796105828367,0.07945174555709916
4.8046875,Amusement,True,False,False,False,False,False,False,False,0.31470019971935564,0.11579597656242366,0.315221877116197,0.09334194025548644,0.021949854246743703,0.11594431715945239,0.0010913349563758425,0.021954499983965297
4.84375,Fear,False,False,False,True,False,False,False,False,0.0006509698004753357,0.02537176056584976,0.013114181686801011,0.5109929294639672,0.06909561707746452,0.18796315268569208,0.0048110609004552345,0.18800032781929477
4.8828125,Fear,False,False,False,True,False,False,False,False,0.0003409065624229938,0.09842523011745338,0.03577921489298292,0.7274848774293156,0.0025200281955848,0.09833544194369766,0.0009268797021865133,0.03618742115635609
4.921875,Fear,False,False,False,True,False,False,False,False,0.007632552477967172,0.10964557851799675,0.02106956245956026,0.8105658882097718,0.007643650817658569,0.002815730181517044,0.000379904514874923,0.0402471328206534
4.9609375,Fear,False,False,False,True,False,False,False,False,0.001517640971341724,0.05918358656403569,0.020272772373460396,0.438202257369517,0.011247003557675758,0.4374528024238087,0.030603635808217462,0.0015203009319431082
5.0,Disgust,False,False,True,False,False,False,False,False,0.031110552834292378,0.010422506684942288,0.4022562102407555,0.14789264437064564,0.001393361303598445,0.0013940261796139605,0.0037900277736114462,0.4017406706125405
5.0390625,Disgust,False,False,True,False,False,False,False,False,0.004162751094168536,0.05968050966220736,0.44108196459347004,0.4411775729868484,0.011320388306545156,0.011293735869373612,0.03072094197078772,0.0005621355165990263
5.078125,Fear,False,False,False,True,False,False,False,False,0.18960917198315633,0.06970168711105092,0.013797698767692825,0.5153946922954314,0.02563601333929662,0.004853004476489862,0.18035095897106823,0.0006567730558138484
5.1171875,Disgust,False,False,True,False,False,False,False,False,0.036165537207887545,0.036065772491613836,0.7273886974714016,0.09836015414090839,0.09823201813779306,0.0025197019428503673,0.0003409963742809572,0.0009271222332642292
5.15625,Anger,False,True,False,False,False,False,False,False,0.010976359222614451,0.4267420254994123,0.15756609068090624,0.029870165154783915,0.1576468910401427,0.15747856380820885,0.029860435156486162,0.029859469437445375
5.1953125,Amusement,True,False,False,False,False,False,False,False,0.7380002671241718,0.0009405213556656973,0.0998697332770939,0.006947208782663382,0.09990160198258956,0.05143918566022482,0.0003458140353344606,0.0025556677822564247
5.234375,Disgust,False,False,True,False,False,False,False,False,0.24048178785675045,0.002265607126382745,0.653881650251273,0.006157546838332501,0.08848703962730557,0.006155630453730792,0.00030638614794613187,0.0022643516982788826
5.2734375,Disgust,False,False,True,False,False,False,False,False,0.014967427589059827,0.002865754193946367,0.8244826409527911,0.0010503708462508321,0.11154860862405157,0.021111888867721754,0.021118212033732365,0.0028550968924462997
5.3125,Amusement,True,False,False,False,False,False,False,False,0.3606803464909831,0.0012490988265093335,0.3607389700837473,0.0012484466995696995,0.13266533200329872,0.13266960101668665,0.00949973894300069,0.0012484659362045978
5.3515625,Amusement,True,False,False,False,False,False,False,False,0.6500488042074414,0.0008278782217601425,0.2391272470806298,0.000827663304261344,0.08796064315146732,0.016707590039821564,0.0022503515134830203,0.002249822481135457
5.390625,Disgust,False,False,True,False,False,False,False,False,0.24001425350613995,0.006147100570591918,0.6524573408067927,0.00030570074861814106,0.08828783475396049,0.006147605820591023,0.004380885874024445,0.002259277919281181
5.4296875,Disgust,False,False,True,False,False,False,False,False,0.08365912192769051,0.08351338485957423,0.6184118638998476,0.0021414688974083513,0.043196738968844406,0.08341852044177493,0.0835178373540348,0.0021410636508252404
5.46875,Amusement,True,False,False,False,False,False,False,False,0.6349252562070086,0.0008090981407527717,0.2335801475991079,0.0008085322779338543,0.0858962929719122,0.031557540252182714,0.011614593037259733,0.0008085395138422685
5.5078125,Amusement,True,False,False,False,False,False,False,False,0.6400191527748765,0.0022304031760842177,0.08662724247604733,0.0008153357279231192,0.03182448095937028,0.002220589429034935,0.23544743876566784,0.0008153566909958428
5.546875,Disgust,False,False,True,False,False,False,False,False,0.05545959413321501,0.010524764712178876,0.41038322616198764,0.0005231424091693015,0.055524610816614216,0.055459573086767085,0.4107025930425513,0.0014224956375165892
5.5859375,Amusement,True,False,False,False,False,False,False,False,0.7046923753744525,0.0008979889144932987,0.09528301226164483,0.0008972874942917166,0.006636026439980052,0.09534268129622918,0.09535322650772855,0.0008974017111798903
5.625,Amusement,True,False,False,False,False,False,False,False,0.6479147611735686,0.002243894085890669,0.08765071740999711,0.00030349609654010257,0.006102428379744099,0.01666460043823122,0.23829499966841786,0.000825102747610456
5.6640625,Sadness,False,False,False,False,False,False,True,False,0.09532061003572025,0.0008979302486551195,0.006632227776167462,0.0008974124701577837,0.09532200959935906,0.09534797190704225,0.7046840739871484,0.0008977639757496911
5.703125,Inspiration,False,False,False,False,True,False,False,False,0.029852213194263403,0.0013722111369646277,0.0013714883030402066,0.0013716731733256669,0.3961436664456486,0.14572070544852592,0.3961303669360068,0.0280376753622248
5.7421875,Amusement,True,False,False,False,False,False,False,False,0.7059071146120258,0.002444648940888828,0.09546290187140227,0.00033065318048020146,0.002443508706445721,0.09546214508045112,0.09550540227344653,0.002443625334859474
5.78125,Amusement,True,False,False,False,False,False,False,False,0.6539079623908487,0.002263869663764215,0.0884745542767493,0.00030627899177239755,0.006156266758654944,0.00615390788533608,0.24047350442380339,0.0022636556090709125
5.8203125,Sadness,False,False,False,False,False,False,True,False,0.23720138313141914,0.002233692491272569,0.011795597993766952,0.00030212695545823206,0.08626870825104421,0.0008213202874191459,0.6448517461901664,0.016525424699453315
5.859375,Amusement,True,False,False,False,False,False,False,False,0.6495616520566085,0.0022516271590764685,0.08783011736546112,0.0003043069510640268,0.0022487154219106285,0.0022496344906973477,0.23891385491362668,0.01664009164155519
5.8984375,Amusement,True,False,False,False,False,False,False,False,0.6922216408339094,0.0065216997136379575,0.2546506296263019,0.0008813706644581571,0.006513896510325688,0.0023958278356721327,0.034418600817129705,0.0023963339985651005
5.9375,Inspiration,False,False,False,False,True,False,False,False,0.038534000207421815,0.002684125068716882,0.1047631143195991,0.0026832125782321396,0.774601853423721,0.0003629476666031526,0.03844897904438112,0.03792176769132477
5.9765625,Amusement,True,False,False,False,False,False,False,False,0.6830741284807104,0.0008704053830027721,0.017517906938329855,0.006436325132664898,0.2513370909009702,0.0003201230733280413,0.006452823859647275,0.03399119623134672
6.015625,Amusement,True,False,False,False,False,False,False,False,0.7623407910771505,0.019640249313577853,0.10315836908640465,0.0009712754898406838,0.0009717739318653226,0.0026400157903469644,0.007182404258253939,0.10309512105256016
6.0546875,Disgust,False,False,True,False,False,False,False,False,0.14977412458509895,0.010703878358323015,0.40702934455651907,0.003839821588919929,0.010451543145241321,0.010622078119848622,0.0005190232847372176,0.4070601863613118
6.09375,Amusement,True,False,False,False,False,False,False,False,0.3772744941590481,0.003557254899265601,0.0507142138557338,0.05071790072983492,0.13881050769524875,0.00048098942267745133,0.0013074233713811602,0.3771372158668102
6.1328125,Tenderness,False,False,False,False,False,False,False,True,0.23497461877530243,0.006027525879577321,0.002216055722026502,0.08634078677398795,0.030665976928665902,0.00029936834241234934,0.0008141496426162425,0.6386615179354113
6.171875,Anger,False,True,False,False,False,False,False,False,0.09842508337034123,0.26825082750902113,0.006884308382428391,0.26833787634846024,0.03620891299251424,0.05233928456251737,0.0009308073003406551,0.2686228995343766
6.2109375,Joy,False,False,False,False,False,True,False,False,0.0006491133061371333,0.18733739816186173,0.004802451952266552,0.1873684854501706,0.03666894951041939,0.5094154796838063,0.004798512965599503,0.06895960896973896
6.25,Fear,False,False,False,True,False,False,False,False,0.0009834509117731941,0.03840105233413326,0.038366098089439346,0.7718364571077446,0.007276417728174299,0.03836078071211041,0.0003617837427115035,0.10441395937391329
6.2890625,Fear,False,False,False,True,False,False,False,False,0.004028942386385731,0.057885524281375646,0.012761474275999626,0.4279980575138842,0.05789114867926587,0.42792957240609353,0.0005451475313214601,0.010960132925673957
6.328125,Inspiration,False,False,False,False,True,False,False,False,0.0008336090964868306,0.006162342029108383,0.006160098004416638,0.08854750561059692,0.6544671425658153,0.2407305182614256,0.000833284263368437,0.0022655001687819257
6.3671875,Joy,False,False,False,False,False,True,False,False,0.0008537886574332794,0.012234507302523215,0.2465663419902512,0.033355806352904874,0.0008541561518139797,0.6704640071097445,0.0023220910717516733,0.03334930136357728
6.40625,Anger,False,True,False,False,False,False,False,False,0.002135554517845577,0.2265903624616832,0.22661077361705792,0.08332247146782885,0.22677085511646652,0.22662482855993943,0.0021356037328261164,0.0058095505263523394
6.4453125,Amusement,True,False,False,False,False,False,False,False,0.390836410957105,0.0526443974345312,0.010032052965044596,0.1437172483513982,0.39091182395291885,0.010006051600094393,0.0004981173977285537,0.0013538973411792426
6.484375,Amusement,True,False,False,False,False,False,False,False,0.3864506328816932,0.052192470628467505,0.3863294437945244,0.14204803844477348,0.027509296739754503,0.003638979551893204,0.0004925944255657701,0.0013385435333280158
6.5234375,Amusement,True,False,False,False,False,False,False,False,0.41483090090529473,0.02947526543614271,0.4147728724115483,0.05605711948302759,0.07899421368437448,0.003904652046459984,0.0005285623101312771,0.0014364137230210147
6.5625,Amusement,True,False,False,False,False,False,False,False,0.5286083327052671,0.036959589989126476,0.1943829390624239,0.03696754624812646,0.19444336039550453,0.0049752793487323034,0.0018325570908447608,0.0018303951599744658
6.6015625,Inspiration,False,False,False,False,True,False,False,False,0.17030027291065034,0.17020491517563893,0.17029991537733513,0.011860874304457036,0.4630500051489511,0.0016037140199717905,0.012090385792749724,0.000589917270245989
6.640625,Disgust,False,False,True,False,False,False,False,False,0.08630342835644757,0.03165095717917403,0.6381215810342458,0.000299072525953833,0.2345945755048842,0.006007550200900785,0.00081292201853683,0.0022099131798569344
6.6796875,Inspiration,False,False,False,False,True,False,False,False,0.10355201556899424,0.013891792480296636,0.10352278202647312,0.0026525134158272997,0.7655429672602313,0.007207901016588722,0.0026547653809977914,0.0009752628505909711
6.71875,Inspiration,False,False,False,False,True,False,False,False,0.0025934610888071934,0.037129171640122104,0.10120054734460891,0.002602356879212204,0.747916016934684,0.007060243768723463,0.10114764651284573,0.00035055583099653575
6.7578125,Disgust,False,False,True,False,False,False,False,False,0.003703948690001356,0.05280754859273937,0.3931646083625084,0.0013621703230742488,0.39301615201601237,0.010106418127206565,0.14447741397602876,0.0013617399124289911
