time_sec,pred_label,Amusement,Anger,Disgust,Fear,Inspiration,Joy,Sadness,Tenderness,prob_Amusement,prob_Anger,prob_Disgust,prob_Fear,prob_Inspiration,prob_Joy,prob_Sadness,prob_Tenderness
0.0390625,Disgust,False,False,True,False,False,False,False,False,0.02006973069793146,0.0005133382528893224,0.40333905816487203,0.01031179737111158,0.010311877492024519,0.14834149453649578,0.4033195257371026,0.003793177747572813
0.078125,Inspiration,False,False,False,False,True,False,False,False,0.017713444090925522,0.006515977727037282,0.0023969231301183276,0.012683057665586075,0.6928117599164563,0.25486782779053674,0.0003243896916526691,0.012686619987686951
0.1171875,Disgust,False,False,True,False,False,False,False,False,0.039872790515615736,0.0007301967216282533,0.5735707364140987,0.21092460747698036,0.07755473469966799,0.0053969479951162256,0.014694022295016889,0.07725596388187576
0.15625,Inspiration,False,False,False,False,True,False,False,False,0.000890573192531466,0.0024209629902781425,0.2573549747111872,0.017890914016472727,0.6996199203773981,0.01281014844915405,0.0024209609590902887,0.006591545303888141
0.1953125,Amusement,True,False,False,False,False,False,False,False,0.5779301832597452,0.005436792131364874,0.04020227070474026,0.0782152374541105,0.2125863286215482,0.07819116231249444,0.00543794109128525,0.002000084424711388
0.234375,Amusement,True,False,False,False,False,False,False,False,0.5183796591516715,0.013254345060780858,0.004876505424842,0.1906896342777788,0.1906858836508573,0.06819445769131961,0.013259639108047798,0.000659875634702192
0.2734375,Inspiration,False,False,False,False,True,False,False,False,0.02686951169150849,0.0004921053116652802,0.1421183865353663,0.001337648859547502,0.3866159819469311,0.05231564540258543,0.003636314922321992,0.38661440533007396
0.3125,Inspiration,False,False,False,False,True,False,False,False,0.002214007514454451,0.08648620756585357,0.0022141736569267854,0.03181099399996157,0.6395328240270474,0.0022132137255774067,0.0002994945971749324,0.23522908491300396
0.3515625,Anger,False,True,False,False,False,False,False,False,0.05326582963907265,0.41253429992390883,0.05577233121443305,0.0014277154921037902,0.007513637974237197,0.05578643868765471,0.0014277964061919408,0.4122719506623979
0.390625,Sadness,False,False,False,False,False,False,True,False,0.004418235973545247,0.004406831681683745,0.17228890419868387,0.0016204660638408097,0.17227672606990876,0.004404991645018434,0.4683231903376717,0.1722606540296474
0.4296875,Amusement,True,False,False,False,False,False,False,False,0.6109579424941668,0.005746782212685049,0.08266453334999055,0.015621125523961351,0.22475402698395056,0.0021138819241194244,0.04251848070649948,0.015623226804626708
0.46875,Anger,False,True,False,False,False,False,False,False,0.05178314165851502,0.27158028689138075,0.01351171522937563,0.0009402649762191323,0.09990126133781344,0.018899208131162182,0.2716892543024847,0.27169486747304916
0.5078125,Tenderness,False,False,False,False,False,False,False,True,0.01900391102285936,0.0003466181719268295,0.10013327623036287,0.0009420790308027028,0.036835256287730836,0.0025612529190215455,0.10013506164191564,0.7400425446953801
0.546875,Inspiration,False,False,False,False,True,False,False,False,0.24052296894566888,0.0003062293504818291,0.006152555687098321,0.0022625938708467695,0.6538781282544874,0.0022631350098551418,0.0884608358923535,0.006153552989208249
0.5859375,Amusement,True,False,False,False,False,False,False,False,0.672923842675283,0.006330121228418536,0.04679607030991443,0.0023288682142735793,0.046896809209503565,0.09103555354474198,0.12735846709461782,0.0063302677232470695
0.625,Amusement,True,False,False,False,False,False,False,False,0.7408569382893846,0.0003469315916582129,0.10022208172862969,0.0009430141869987371,0.10020892106078146,0.013564680838812624,0.0069762703452834855,0.036881161958451245
0.6640625,Inspiration,False,False,False,False,True,False,False,False,0.21602859748467018,0.015051611594477222,0.0055275733157234145,0.01502584573703139,0.5873689083274328,0.0794940204500767,0.07947044920655828,0.002032993884029928
0.703125,Amusement,True,False,False,False,False,False,False,False,0.2422089670461624,0.24220986683452092,0.016854093465430823,0.0022795379485077193,0.2417889581553768,0.24225929246642414,0.006202785317339362,0.006196498766237824
0.7421875,Anger,False,True,False,False,False,False,False,False,0.05261401029970323,0.3882649052117432,0.0036615113162685405,0.0004952432494050703,0.0036603732618141504,0.14307422309284437,0.38889032300617155,0.019339410562049884
0.78125,Inspiration,False,False,False,False,True,False,False,False,0.1467038927333754,0.027794069267869415,0.003752575569414117,0.0005077882423970571,0.39883217640200175,0.003754737474426296,0.019839781060439734,0.3988149792500762
0.8203125,Anger,False,True,False,False,False,False,False,False,0.08262274806523459,0.22438037391390647,0.0007782999184071166,0.015738734119814853,0.22487719941378354,0.2247598642167745,0.0021158719429952596,0.22472690840908374
0.859375,Joy,False,False,False,False,False,True,False,False,0.17030163056553874,0.011957535012536706,0.0016031226490702576,0.011856940439520784,0.17030373946464847,0.46309107846364195,0.17029627032799846,0.0005896830770447521
0.8984375,Disgust,False,False,True,False,False,False,False,False,0.169156400094464,0.0043307066794754075,0.46016130661670934,0.0005860080019879754,0.02288947107391646,0.16931725511929505,0.004332399431317347,0.16922645298283445
0.9375,Joy,False,False,False,False,False,True,False,False,0.11129965168714269,0.0010586540665747058,0.007822325617537844,0.021270865956306523,0.021305317622072814,0.8314837655963605,0.002878196171856025,0.0028812232821488416
0.9765625,Joy,False,False,False,False,False,True,False,False,0.012395686217704455,0.002356664214629274,0.033865206074630436,0.0003189313958420353,0.0023563894929280256,0.6810021877761037,0.25028664042967363,0.017418294398488705
1.015625,Disgust,False,False,True,False,False,False,False,False,0.0038131569893115873,0.0014013326123477074,0.4049528644203759,0.003809910157806295,0.0038098650398130144,0.14896562012046663,0.40486985210825516,0.028377398551623703
1.0546875,Tenderness,False,False,False,False,False,False,False,True,0.00032097454722613373,0.002376513507958971,0.006448387620499578,0.25133778515451094,0.002371360414021866,0.03410655711695352,0.01787435549305127,0.6851640661457777
1.09375,Amusement,True,False,False,False,False,False,False,False,0.6850498830046109,0.00032103122604019437,0.017542479155053598,0.03394700683236408,0.006464749391892651,0.251928377768562,0.002372321299820191,0.0023741513216563753
1.1328125,Amusement,True,False,False,False,False,False,False,False,0.7457640270033808,0.00034946158383173634,0.007026928559542926,0.10086415418297823,0.0371134545374025,0.10090395759101174,0.0009503159976796265,0.00702770054417222
1.171875,Amusement,True,False,False,False,False,False,False,False,0.23858038868208734,0.0022464092026479635,0.006105269038752192,0.23843041773079332,0.2385905393859407,0.23828222633604898,0.03165627384080378,0.006108475782925652
1.2109375,Amusement,True,False,False,False,False,False,False,False,0.7620311403006954,0.0026389020405214107,0.0072855472035258,0.019708644121755027,0.10305190084897713,0.10228770757882125,0.00035712154013883975,0.002639036365565095
1.25,Amusement,True,False,False,False,False,False,False,False,0.39348292616232056,0.000501319083614181,0.019516517181339364,0.3933007936027659,0.01957601779534549,0.14470906035536343,0.0013631766234356078,0.027550189195815488
1.2890625,Fear,False,False,False,True,False,False,False,False,0.0008215480884044059,0.0003020574567333377,0.2368260571808946,0.6445463950395197,0.08721523392861309,0.01656202370567953,0.002233597637091667,0.011493086963063672
1.328125,Tenderness,False,False,False,False,False,False,False,True,0.1003170412344388,0.000948831810413342,0.002578903833722829,0.013002638984406312,0.03704516627349167,0.1007232084209212,0.0009510534959600722,0.7444331559466457
1.3671875,Inspiration,False,False,False,False,True,False,False,False,0.19060260662423495,0.000661561036263267,0.036197345597417864,0.03626403577626146,0.5177523090510919,0.02581645080037599,0.0017991170644419995,0.19090657404991243
1.40625,Inspiration,False,False,False,False,True,False,False,False,0.0009600911243536498,0.00035324345408831035,0.0026110605092170324,0.10192255366606122,0.753418492267422,0.10193348411384544,0.019435139459639667,0.019365935405372653
1.4453125,Inspiration,False,False,False,False,True,False,False,False,0.011311782599163975,0.001528054249007819,0.004157904708941943,0.0856834885782386,0.44082380261599485,0.44101496470144813,0.011321356428470073,0.004158646118734559
1.484375,Inspiration,False,False,False,False,True,False,False,False,0.0022653534178234923,0.0022657116877262745,0.006159895348730307,0.006194113163657533,0.6539126651949954,0.24052381694217512,0.00030658706531033606,0.08837185717958165
1.5234375,Inspiration,False,False,False,False,True,False,False,False,0.006628760210548267,0.0008957710926396404,0.018062049011442653,0.0008948519262159278,0.7020644269654321,0.25822352484430533,0.006619033207076548,0.006611582742339477
1.5625,Inspiration,False,False,False,False,True,False,False,False,0.00030368664821488715,0.0022449778616129156,0.016587149450667995,0.000825553274275823,0.6480014117948357,0.23834344374066654,0.08758584053513592,0.006107936694590179
1.6015625,Inspiration,False,False,False,False,True,False,False,False,0.017804592841836744,0.0008734736698640971,0.002373842647058392,0.0008730709501983504,0.6855915510724702,0.25218209708084366,0.033847432138651413,0.006453939599077252
1.640625,Inspiration,False,False,False,False,True,False,False,False,0.006197345966666626,0.08400971351913264,0.0008379378423370111,0.0008377998189678214,0.657750140458196,0.24189550473858187,0.0061939809396744745,0.0022775767164436435
1.6796875,Inspiration,False,False,False,False,True,False,False,False,0.008287735364368325,0.02265156766734793,0.022561665946958652,0.0011184219019767113,0.8780424711654545,0.04365695757774132,0.02256254948594994,0.0011186308902025233
1.71875,Inspiration,False,False,False,False,True,False,False,False,0.10189716780252783,0.10189884500460156,0.0026104507346490836,0.0009596701498041713,0.7536526771949311,0.01931651718600876,0.0193115027979068,0.00035316912957060736
1.7578125,Inspiration,False,False,False,False,True,False,False,False,0.03407904540052512,0.2522728070849488,0.0008742599380290201,0.0008745307146576552,0.6864371661899555,0.012537886103054901,0.006461174631833097,0.006463129936995744
1.796875,Inspiration,False,False,False,False,True,False,False,False,0.00616708764746829,0.24036506186220094,0.0008343365533930955,0.002269117827967359,0.6547978981655437,0.08856489641998966,0.006167003284311573,0.0008345982391253465
1.8359375,Inspiration,False,False,False,False,True,False,False,False,0.10757996948035413,0.0395926875274013,0.00750695567015382,0.0010150839501500276,0.7968121641686863,0.007509461816079888,0.03896731602319209,0.0010163613639824203
1.875,Amusement,True,False,False,False,False,False,False,False,0.39293935465579277,0.14439029792637637,0.003699917640815674,0.0013607170958008432,0.39301271421961514,0.010255488246819726,0.05298070803508949,0.0013608021796900852
1.9140625,Anger,False,True,False,False,False,False,False,False,0.14219545517450677,0.38736778928016297,0.0004935787270684009,0.0013435977109129802,0.3870623119617503,0.019261230599959874,0.052354377773347296,0.009921658772291547
1.953125,Amusement,True,False,False,False,False,False,False,False,0.6111851931076053,0.08224303529005092,0.005760256659198721,0.01100972667003723,0.015676349110473387,0.22495310295828888,0.04340917724428251,0.00576315896006309
1.9921875,Anger,False,True,False,False,False,False,False,False,0.14463263012715438,0.3929300436867741,0.0013622347276840046,0.0013624331290362274,0.003711768768800073,0.05319816058813892,0.3927250412643395,0.010077687708072986
2.03125,Amusement,True,False,False,False,False,False,False,False,0.36203272841099615,0.362152230914986,0.0012543489024084027,0.003412942976862766,0.0034114750206830635,0.1332671924011153,0.1332145873934493,0.0012544939794991092
2.0703125,Fear,False,False,False,True,False,False,False,False,0.053407111731654244,0.0037237237272368193,0.003717054278044712,0.39402694755043843,0.0013669677034973784,0.39487683508347277,0.14516473321326281,0.0037166267123927388
2.109375,Joy,False,False,False,False,False,True,False,False,0.21257708035761788,0.005517105889691602,0.0782004956460588,0.04053802357991255,0.002001618416459286,0.5781237939554102,0.07759990066659847,0.005441981488251265
2.1484375,Amusement,True,False,False,False,False,False,False,False,0.2824292227326449,0.019668659302438767,0.28248824872008205,0.0026593312439208636,0.007229385041107514,0.10395177886099105,0.28190593703170874,0.01966743706710619
2.1875,Amusement,True,False,False,False,False,False,False,False,0.5396681372717671,0.19832126826860266,0.03756351744539579,0.005083649607239491,0.0018685672242358207,0.19859301539166957,0.013822144831806887,0.005079699959282825
2.2265625,Joy,False,False,False,False,False,True,False,False,0.2404470065066804,0.00030647005070134946,0.08845654055694345,0.0022646774859277382,0.0061545251964829194,0.653935545045722,0.006171532192981898,0.002263702964560236
2.265625,Disgust,False,False,True,False,False,False,False,False,0.013977544350165986,0.0029182889597168474,0.8423750510207556,0.007955645503204913,0.007947230637641176,0.11396225881401889,0.007947159847282219,0.0029168208672142567
2.3046875,Fear,False,False,False,True,False,False,False,False,0.22071679194799512,0.029731408645266296,0.08103976587741467,0.5995452768461034,0.002077262703952175,0.01542415839135755,0.045817056143625245,0.005648279444285636
2.34375,Inspiration,False,False,False,False,True,False,False,False,0.0026549390836782655,0.00264962127907465,0.1034529662124019,0.10340990418657592,0.7642503490523436,0.002653023854483032,0.01995524173841079,0.0009739545930317215
2.3828125,Fear,False,False,False,True,False,False,False,False,0.10665014534338868,0.0010061669007432853,0.03930502703722647,0.7897528267263587,0.039306582118408574,0.02023633432552515,0.001006500352177621,0.00273641719617147
2.421875,Fear,False,False,False,True,False,False,False,False,0.10123067041383428,0.0009541620543411502,0.1012834621181716,0.7486807118109733,0.007053225216462225,0.0025931210734042977,0.03725055117135233,0.0009540961414608004
2.4609375,Amusement,True,False,False,False,False,False,False,False,0.6924413173224562,0.0008827332732513067,0.006531743730536676,0.2544438050276759,0.006538930495883923,0.034357797417551135,0.002403163036998587,0.0024005096956464587
2.5,Fear,False,False,False,True,False,False,False,False,0.095222919353265,0.0003300073532142299,0.09520634942176423,0.7040140021809379,0.09525734576199124,0.006632140243775621,0.0008977577163697804,0.002439477968681994
2.5390625,Fear,False,False,False,True,False,False,False,False,0.002374667403509049,0.00032098000684514284,0.2518443143223553,0.6850006462065797,0.03407775653911959,0.006451499641111433,0.01755331206763967,0.002376823812840084
2.578125,Fear,False,False,False,True,False,False,False,False,0.07740987253450579,0.002014548816397487,0.028835586953953968,0.5810773374643596,0.07835056292746932,0.21189969993251448,0.0054849578298686065,0.014927433540930794
2.6171875,Inspiration,False,False,False,False,True,False,False,False,0.004417136244912024,0.0016252050054039742,0.1719321109396378,0.1724645035641905,0.46893559983836214,0.1717830402633995,0.004420950171960949,0.004421453972133096
2.65625,Inspiration,False,False,False,False,True,False,False,False,0.0015867034481222698,0.0005837894092829903,0.004317511158700395,0.16849206806731684,0.45805893657995456,0.1685070153707487,0.1664665128445891,0.031987463121285246
2.6953125,Fear,False,False,False,True,False,False,False,False,0.059240412188665895,0.004219574772118827,0.004216377132049695,0.4464946283847639,0.022214624322823923,0.4475254296723266,0.004221491517034359,0.011867462010216824
2.734375,Inspiration,False,False,False,False,True,False,False,False,0.0023736012456485036,0.002373541383116102,0.006469219480840258,0.01758741875790547,0.6849452949384268,0.25192316694854683,0.00032108984609957255,0.03400666739941647
2.7734375,Disgust,False,False,True,False,False,False,False,False,0.019580847032709115,0.0026459434294995848,0.7621260571918903,0.007192947533195888,0.10325463502803324,0.10325358056317226,0.0009734466422273904,0.0009725425792722208
2.8125,Inspiration,False,False,False,False,True,False,False,False,0.0008963073302073007,0.0024448885036530803,0.01890399509257881,0.006623000003545481,0.703385601657527,0.2586728086718968,0.006636486269601688,0.0024369124709899045
2.8515625,Inspiration,False,False,False,False,True,False,False,False,0.006454441466836274,0.03390588601298892,0.002372897310638423,0.00032098071184261643,0.6849487014784269,0.25197931722138106,0.017640216052828228,0.002377559745057516
2.890625,Inspiration,False,False,False,False,True,False,False,False,0.0061622500166059946,0.08848517465347713,0.002267645548804233,0.0008339418029429176,0.6545511172959075,0.240702459677161,0.006163013707674519,0.0008343972974265222
2.9296875,Inspiration,False,False,False,False,True,False,False,False,0.022116512120545148,0.022041054504215056,0.04267850856779135,0.0010963047691873494,0.8605198965838629,0.008315169278700216,0.04213642956225413,0.001096124613443994
2.96875,Inspiration,False,False,False,False,True,False,False,False,0.0026510400165848914,0.10336123073592253,0.0026528677030175146,0.0009739557208289427,0.7647647230058259,0.019584686788099773,0.10336243908220713,0.0026490569475132856
3.0078125,Inspiration,False,False,False,False,True,False,False,False,0.03995114674564877,0.10871325739258184,0.0027842982591202436,0.001024002201724042,0.8038816177797227,0.020797727823239326,0.02182394431948408,0.0010240054784790003
3.046875,Inspiration,False,False,False,False,True,False,False,False,0.03390019039799114,0.0023856867512837545,0.000875583851950114,0.0023807470176273843,0.6875726221973734,0.25290080392016356,0.017603477274727764,0.002380888588882896
3.0859375,Amusement,True,False,False,False,False,False,False,False,0.4097180518223493,0.01052741880337104,0.003873508051476639,0.0038557725502424973,0.4094602066750067,0.1506657281153675,0.010481078996417854,0.0014182349857684512
3.125,Amusement,True,False,False,False,False,False,False,False,0.6385592408222956,0.0008134348130551855,0.0008131827217421138,0.0008130159877016655,0.2348408659574679,0.08639598072107409,0.03175278796951461,0.00601149100714864
3.1640625,Anger,False,True,False,False,False,False,False,False,0.1819426597369562,0.4942902883170445,0.0017129025696074084,0.001713237664628845,0.0668293175532949,0.06693948564810749,0.18191403760528999,0.004658070905070633
3.203125,Amusement,True,False,False,False,False,False,False,False,0.2745895813766125,0.10016336440638768,0.019105600419039838,0.0025862946973325878,0.002584579004641737,0.27461216007444134,0.27441782183075847,0.051940598190785905
3.2421875,Anger,False,True,False,False,False,False,False,False,0.08814443083295487,0.6512653356391989,0.06950585554903187,0.006138972831368072,0.006141199958543768,0.08460997089385686,0.08806067738146545,0.006133556913580348
3.28125,Anger,False,True,False,False,False,False,False,False,0.13252943713571974,0.3602447992652461,0.0033926090377333963,0.009228869797439972,0.0012478884715450866,0.1325776437406808,0.36031965145974804,0.0004591010918870104
3.3203125,Amusement,True,False,False,False,False,False,False,False,0.2407338202550502,0.2398197290690594,0.01675123496006314,0.24050461226593567,0.0022671817763131943,0.24085306195356898,0.016803098917288508,0.0022672608027208764
3.359375,Joy,False,False,False,False,False,True,False,False,0.214689015280973,0.0020300483142386824,0.029014324842910597,0.040707553887942324,0.002021528570434861,0.5839024641362761,0.11268954165940644,0.0149455233078181
3.3984375,Anger,False,True,False,False,False,False,False,False,0.143305974020467,0.3892439275319582,0.017742970072561245,0.05226712293838162,0.000496212122523378,0.0038673042686711767,0.38940820931614195,0.0036682797292954734
3.4375,Anger,False,True,False,False,False,False,False,False,0.16824961834657795,0.4570087589006344,0.004313684018393599,0.1681584571724952,0.0005828302730645594,0.16822437216238686,0.03187782159274546,0.0015844575337019252
3.4765625,Amusement,True,False,False,False,False,False,False,False,0.8106032935295846,0.007651717776581366,0.007744873645520688,0.040306416894853016,0.020812778639192325,0.10969068008362177,0.0028103182190641644,0.00037992121158191114
3.515625,Disgust,False,False,True,False,False,False,False,False,0.11104674035629389,0.007751082593205,0.8210569624477719,0.04076316054652414,0.0028434843297419467,0.007746107415730417,0.007746639308230545,0.0010458230025021168
3.5546875,Fear,False,False,False,True,False,False,False,False,0.08927079418970893,0.04926955074194234,0.08925759537914026,0.659357022619508,0.002284342982477582,0.016890755471037817,0.08745920024224085,0.006210738373944168
3.59375,Inspiration,False,False,False,False,True,False,False,False,0.03909585808054286,0.03911864612890997,0.07592934785305012,0.20633820494844446,0.5610406295390074,0.0019441201456500978,0.07581837869660912,0.0007148146077859344
3.6328125,Fear,False,False,False,True,False,False,False,False,0.10124696697744463,0.0009537572133390729,0.037265756741586935,0.7486432003899425,0.10129244346664183,0.007051080714058658,0.0009540039480288468,0.0025927905489575424
3.671875,Disgust,False,False,True,False,False,False,False,False,0.010494452399271551,0.003859410986331975,0.4097102466331419,0.4097298905547759,0.0014190059958114887,0.010486295397349028,0.15044403341953042,0.0038566646137878323
3.7109375,Fear,False,False,False,True,False,False,False,False,0.10916592097065567,0.0010367680846186619,0.04040642670663991,0.812216969485905,0.007663977502522082,0.0010349570364630938,0.007664296075964011,0.020810684137231396
3.75,Fear,False,False,False,True,False,False,False,False,0.002645992986323922,0.0009716680908235354,0.10312840194895743,0.7623986497827463,0.10313937137362146,0.007180529229899904,0.019563307902807452,0.0009720786848200142
3.7890625,Fear,False,False,False,True,False,False,False,False,0.0026433424341108327,0.0009707612272679543,0.10301663172767786,0.7619171554642639,0.10304939468997733,0.007176877797316204,0.020254603368302506,0.0009712332910835722
3.828125,Fear,False,False,False,True,False,False,False,False,0.0022275516024951834,0.00081858106647225,0.08680890637281787,0.6418234701833463,0.0008197407523305679,0.23602909635107658,0.002230483910134812,0.029242169761326407
3.8671875,Inspiration,False,False,False,False,True,False,False,False,0.0009718333645309635,0.0026438263109105587,0.01990112311593877,0.10314680307863944,0.7624100993507031,0.10275903046719259,0.0009722786048196695,0.0071950057072649115
3.90625,Inspiration,False,False,False,False,True,False,False,False,0.001711276149121866,0.0006297406648784404,0.012714288274434672,0.18131599015988709,0.4931278235670279,0.06676017400347992,0.18147611275331785,0.0622645944278522
3.9453125,Inspiration,False,False,False,False,True,False,False,False,0.0027667804010162353,0.03904612162601376,0.0010034171766916376,0.055212216430267184,0.7870677438565247,0.10648125232816144,0.001003539719823745,0.007418928461501386
3.984375,Inspiration,False,False,False,False,True,False,False,False,0.006633636357508247,0.0008972596292703732,0.01804361503425794,0.002439041508711126,0.7039529228224352,0.2589583163453878,0.002438729487576098,0.006636478814853222
4.0234375,Inspiration,False,False,False,False,True,False,False,False,0.00285410934708507,0.007769037140776545,0.04081717529704857,0.00775855433170058,0.8236516357688449,0.11143751834574929,0.0028584809814990028,0.0028534887872959137
4.0625,Inspiration,False,False,False,False,True,False,False,False,0.002409839037937526,0.002406451358410788,0.034265637925697465,0.002404651386969331,0.6943591272114072,0.255210173669402,0.006539737920892181,0.002404381489283591
4.1015625,Inspiration,False,False,False,False,True,False,False,False,0.013806380246510472,0.10230882607542079,0.00262316437406305,0.0009645917109774502,0.7574734635531435,0.10247430246864436,0.01938448138468474,0.0009647901865556163
4.140625,Inspiration,False,False,False,False,True,False,False,False,0.0061629021747806245,0.24060355251701138,0.0022673387298237,0.0008337697918879965,0.6545749081106004,0.08856135919752413,0.006161834307849553,0.0008343351705221619
4.1796875,Inspiration,False,False,False,False,True,False,False,False,0.04171523137633937,0.04144692599275354,0.002932090649603143,0.0029315206908866877,0.8463823844094609,0.0418242221122119,0.021689369065020597,0.0010782557037238186
4.21875,Anger,False,True,False,False,False,False,False,False,0.0026920525113617298,0.7034493765637047,0.006630575807103938,0.0008963554529044699,0.2589180500071003,0.006632048251393488,0.018343496247648867,0.002438045158782467
4.2578125,Inspiration,False,False,False,False,True,False,False,False,0.0983678847315414,0.09835680789330253,0.002518543506297793,0.0009264508944298887,0.7273037724248564,0.036042943827761555,0.03614276369599488,0.00034083302581566603
4.296875,Joy,False,False,False,False,False,True,False,False,0.021321669071403405,0.01520423958559313,0.00783322781817917,0.0028802099206427668,0.11239410157024052,0.8314700008019442,0.007836748055854837,0.0010598031761420241
4.3359375,Anger,False,True,False,False,False,False,False,False,0.10123820574376785,0.7486348735442486,0.0009540958158185525,0.002593537962615795,0.03721960693312957,0.10132906074165024,0.00707619225332155,0.0009544270054477774
4.375,Inspiration,False,False,False,False,True,False,False,False,0.16850009483834216,0.1683588146311575,0.0005837044121636336,0.0015863579127263798,0.45799274138404067,0.022797475409211104,0.168456353279225,0.011724458133133516
4.4140625,Anger,False,True,False,False,False,False,False,False,0.05306268748701201,0.3923159758336842,0.0004998344765625922,0.003707270718983826,0.0036955206284184066,0.1442910509385992,0.3923796707009522,0.010047989215787595
4.453125,Joy,False,False,False,False,False,True,False,False,0.1985553372510161,0.005106888085671885,0.037570814210692347,0.19771691942452405,0.0018701239263469779,0.5401050701748108,0.013989311813158094,0.0050855351137798835
4.4921875,Amusement,True,False,False,False,False,False,False,False,0.4438651569604049,0.059935347734177837,0.011401537638701597,0.004181178414085891,0.030889408977171694,0.4439871579182442,0.004202336770504527,0.001537875586709289
4.53125,Amusement,True,False,False,False,False,False,False,False,0.3621857737908852,0.36201673340030294,0.003409464331774352,0.0034099904015304594,0.0012542594872995577,0.1332589139353213,0.1332106090163879,0.0012542556364984118
4.5703125,Amusement,True,False,False,False,False,False,False,False,0.42860061313307196,0.057646945065757335,0.004035582624340621,0.011443745087641831,0.0005461692475015082,0.4288512069592148,0.057903313817926676,0.010972424064545372
4.609375,Joy,False,False,False,False,False,True,False,False,0.18626803303940195,0.000645475696079659,0.18623630494833518,0.09770423923884783,0.004767131297009913,0.5065297437591477,0.01308241149511201,0.004766660526065492
4.6484375,Amusement,True,False,False,False,False,False,False,False,0.28708597722013124,0.10460476074779064,0.1056110183064789,0.2864983049475901,0.0027038362191942463,0.10561200168135139,0.10517898989234757,0.0027051109851159343
4.6875,Amusement,True,False,False,False,False,False,False,False,0.37623028257454594,0.3757615581176915,0.006851270532140013,0.05030427987765119,0.0004793617463672053,0.13827866455155208,0.05079148787217344,0.001303094727878702
4.7265625,Amusement,True,False,False,False,False,False,False,False,0.7458198554420788,0.007030654548399561,0.0009784943518148662,0.037108370809151504,0.10089546692978014,0.10079017446290742,0.007027400723459127,0.00034958273240860726
4.765625,Amusement,True,False,False,False,False,False,False,False,0.510174768212319,0.0006504148264700808,0.18733479568276537,0.18761338658157348,0.06901927462795951,0.03558089911263913,0.004822252417356493,0.0048042085389169015
4.8046875,Amusement,True,False,False,False,False,False,False,False,0.40734606828276276,0.00728471922384103,0.018007652369957224,0.406769100820655,0.003836787581683335,0.0038366813442595746,0.14908335799974284,0.0038356323770982305
4.84375,Amusement,True,False,False,False,False,False,False,False,0.638067634232974,0.0022159658994317,0.2344730810589323,0.08633143536077074,0.03175928608000647,0.006039772348136001,0.00029936887106304585,0.0008134561486857208
4.8828125,Amusement,True,False,False,False,False,False,False,False,0.38674448694537267,0.0004926889566538084,0.026962304280738297,0.14221518874675929,0.3867683657093779,0.05183677372402906,0.0013395502728326312,0.0036406413642363997
4.921875,Disgust,False,False,True,False,False,False,False,False,0.009188417068156958,0.00040947753301577317,0.32137940453783786,0.32131543997968015,0.022372948952614272,0.0030272678412354473,0.3211931545790752,0.001113889508384384
4.9609375,Fear,False,False,False,True,False,False,False,False,0.040824695382636556,0.001048441450092786,0.007760432338751188,0.821261980076706,0.007737269078872855,0.11074785076438941,0.002863798484553317,0.007755532423997775
5.0,Disgust,False,False,True,False,False,False,False,False,0.0023809667680357266,0.0008761359146351494,0.6872068642749543,0.2529026020932345,0.03420865250001206,0.0023820394496568385,0.017660428649182176,0.002382310350289316
5.0390625,Fear,False,False,False,True,False,False,False,False,0.007644460555514088,0.0010338357007651303,0.10980085368889805,0.811682526041937,0.02083705524961159,0.007641686733420216,0.04032541655984333,0.0010341654700106936
5.078125,Fear,False,False,False,True,False,False,False,False,0.014812504505328141,0.0028148013645247394,0.014861824038624082,0.8120011917240364,0.04030688979079252,0.10957768827877738,0.0028129314183735214,0.0028121688795431903
5.1171875,Inspiration,False,False,False,False,True,False,False,False,0.0003799507280593504,0.0028089867850337184,0.02078495990311706,0.10964871487821723,0.8107938708427652,0.040307781602024896,0.007635009959542415,0.00764072530124011
5.15625,Sadness,False,False,False,False,False,False,True,False,0.0017962817299158832,0.001797111439584487,0.013488173513232792,0.1904398270181869,0.190757826837727,0.0701575298590083,0.51826419581974,0.013299053782604707
5.1953125,Inspiration,False,False,False,False,True,False,False,False,0.0703054504561225,0.013398921649107139,0.004927362944310151,0.1902874486919439,0.5223924013992066,0.19195961219034544,0.0018094407942080733,0.004919361874756075
5.234375,Inspiration,False,False,False,False,True,False,False,False,0.09981687359414351,0.051589449851622685,0.0072422107733994155,0.0009408495611976115,0.7386065279166452,0.09992225211401286,0.0009408901575012362,0.0009409460314776092
5.2734375,Inspiration,False,False,False,False,True,False,False,False,0.011700052233853266,0.0882351338188534,0.0022616892197911765,0.002260020096400041,0.6526102500668545,0.23984153158875518,0.0022599255984556005,0.0008313973770367944
5.3125,Inspiration,False,False,False,False,True,False,False,False,0.01095066426538758,0.008190081781764013,0.0411849997413001,0.003002467672798245,0.8670293499026134,0.060369187296396364,0.008168638691992665,0.001104610647747817
5.3515625,Inspiration,False,False,False,False,True,False,False,False,0.10010617246710071,0.036752272348271865,0.0025632715239503213,0.0009426388442175405,0.7402364109644063,0.10011133049262307,0.018941069601487524,0.00034683375794290126
5.390625,Inspiration,False,False,False,False,True,False,False,False,0.01664797963467739,0.2381759698057894,0.0022440766382813546,0.0008255114390815504,0.6480670126363807,0.08763372591333404,0.0061020245163153535,0.00030369941614018795
5.4296875,Inspiration,False,False,False,False,True,False,False,False,0.10227909900092357,0.013792028310214925,0.002621735728839503,0.002619649018790668,0.756590544834085,0.1023607475314813,0.01938166324926167,0.0003545323264032995
5.46875,Anger,False,True,False,False,False,False,False,False,0.18795286411464435,0.5108945925045655,0.004822787434027542,0.0017701192883797618,0.18809449531694838,0.06910069049191339,0.03559393089036285,0.0017705199591581447
5.5078125,Anger,False,True,False,False,False,False,False,False,0.14451380680383638,0.39288386818636445,0.0036991920906968216,0.0013608384756893274,0.3929700766400402,0.010092816595664819,0.053118553410334376,0.0013608477973736793
5.546875,Inspiration,False,False,False,False,True,False,False,False,0.021125507556539982,0.1114475293831921,0.002855831941637635,0.00286976117274703,0.8244255236057032,0.015095842826989746,0.021129175013447257,0.0010508284997430416
5.5859375,Amusement,True,False,False,False,False,False,False,False,0.386647969336503,0.38626184841193323,0.0004925664523477183,0.0036394350559999945,0.05200492119910626,0.1422097181558964,0.02740426689454576,0.0013392744936677992
5.625,Amusement,True,False,False,False,False,False,False,False,0.2268466055110881,0.22628243832934636,0.0021361759717879853,0.0021358297875665256,0.22668528861341747,0.08342111093367721,0.2266840029850045,0.005808547868111809
5.6640625,Sadness,False,False,False,False,False,False,True,False,0.08658288574363855,0.23540578579331253,0.0008154427076977251,0.0022194881586925564,0.000815556203106554,0.03185005303410034,0.6400934425930475,0.002217345766404292
5.703125,Fear,False,False,False,True,False,False,False,False,0.06003422675496967,0.004186890790724204,0.011366826850420054,0.4436289698641582,0.0015377659456720556,0.443975124945873,0.03108628730070221,0.004183907547480636
5.7421875,Amusement,True,False,False,False,False,False,False,False,0.23568033890555395,0.23512419111208802,0.00604098677475096,0.04547766144527812,0.006035479195646102,0.23556623162401855,0.23525843014751133,0.0008166807951529359
5.78125,Amusement,True,False,False,False,False,False,False,False,0.362202319706803,0.36198554476974354,0.0012546855657330721,0.0034113736759288312,0.003410232801179777,0.13325242229107348,0.13322887071598621,0.0012545504735522151
5.8203125,Amusement,True,False,False,False,False,False,False,False,0.38947839451427724,0.14285485101724793,0.001348683263065346,0.019135281394506078,0.0036668474343711822,0.3895799053127802,0.05258705274786483,0.001348984315887214
5.859375,Amusement,True,False,False,False,False,False,False,False,0.43635252614665887,0.0015120378030896854,0.004112440622104881,0.05883916105768042,0.030385841299322022,0.43648535826995877,0.030801361042682628,0.0015112737585027717
5.8984375,Fear,False,False,False,True,False,False,False,False,0.07681042682890868,0.07549549509554149,0.027943514711082255,0.5677093088021518,0.014545836339234224,0.20894051393274932,0.027831054895745357,0.0007238493945869839
5.9375,Amusement,True,False,False,False,False,False,False,False,0.4374128074646134,0.43644450307056737,0.021753514805299086,0.059055836477599065,0.0015147412508845083,0.03077083342303163,0.011532768019542746,0.0015149954884621391
5.9765625,Fear,False,False,False,True,False,False,False,False,0.14425742344312747,0.003698752221131778,0.053088291377627814,0.3922686462271,0.39233453584686556,0.0037585165842371495,0.010093831410360441,0.0005000028895495879
6.015625,Disgust,False,False,True,False,False,False,False,False,0.05935661983351396,0.0015213302450865099,0.43930659498960806,0.43913246370508097,0.021829539671092132,0.0305782442075055,0.004139791256668478,0.004135416091444367
6.0546875,Amusement,True,False,False,False,False,False,False,False,0.5213120590973043,0.013707239917939618,0.07054313324769157,0.1917468719298215,0.0018061198565772734,0.004909567002881059,0.19106551573675504,0.00490949321102958
6.09375,Fear,False,False,False,True,False,False,False,False,0.04309697078469576,0.002067132332536487,0.0805790081466189,0.595724621762065,0.21885400621568465,0.01531903157539794,0.042295401399997004,0.0020638277830043582
6.1328125,Fear,False,False,False,True,False,False,False,False,0.011919474880202433,0.0008310850215675954,0.23993648756900432,0.6522840478318566,0.08825040800247178,0.0022589967768679086,0.0022605581134709065,0.002258941804558479
6.171875,Disgust,False,False,True,False,False,False,False,False,0.010465842567727092,0.0014127470339540212,0.4079429893531858,0.4079286821379003,0.010440875719030882,0.010435813615296555,0.14996025012193717,0.001412799450968188
6.2109375,Fear,False,False,False,True,False,False,False,False,0.034133912497882654,0.0008756224322881913,0.018400490825012418,0.6870273086329167,0.0023803690858022345,0.0023814556949609614,0.002387039351941775,0.2524138014791949
6.25,Fear,False,False,False,True,False,False,False,False,0.0026537585976549915,0.000974870748329306,0.10336256986532578,0.7646482158851067,0.10344227212188876,0.002650971967408485,0.01961539054299496,0.002651950271291064
6.2890625,Fear,False,False,False,True,False,False,False,False,0.0027364690896185006,0.0010063142536369549,0.039204092419350564,0.7897384731491407,0.10680367497003876,0.020269533712283384,0.039233267729065255,0.0010081746768657916
6.328125,Joy,False,False,False,False,False,True,False,False,0.006094091953281492,0.0022373800941361817,0.12260475936435575,0.08610668543290398,0.08617205430144478,0.6454246439062075,0.04526717787145811,0.006093207076212127
6.3671875,Inspiration,False,False,False,False,True,False,False,False,0.0010067585804066801,0.0027421238631650125,0.020252567273708902,0.10659987382965984,0.7899438628918902,0.03928882834241096,0.0010071850102501313,0.03915880020850832
6.40625,Disgust,False,False,True,False,False,False,False,False,0.001240561864006278,0.0004562921902651266,0.35751929784606407,0.13015608045411717,0.35787764052713494,0.017800305194947828,0.13157841007398197,0.003371411849482701
6.4453125,Inspiration,False,False,False,False,True,False,False,False,0.002368364311763567,0.00032041248788265746,0.006436634895968062,0.04768439631714235,0.6831461616267417,0.2512419904537566,0.006434925717786567,0.002367114188958688
6.484375,Inspiration,False,False,False,False,True,False,False,False,0.040713648183830775,0.007753995740508712,0.007735981317120263,0.001045952220334076,0.8210674679870924,0.11110707116956156,0.007730923292592685,0.0028449600889596384
6.5234375,Inspiration,False,False,False,False,True,False,False,False,0.006170492902887373,0.08820554659255721,0.000835574414294813,0.00083423665338885,0.654752420415244,0.24076826420510847,0.006165165261509294,0.002268299555010125
6.5625,Inspiration,False,False,False,False,True,False,False,False,0.007212703912857081,0.007182062597916041,0.10226649207320004,0.0009678924913146681,0.759913039949654,0.10264852572512226,0.019453201105690227,0.0003560821442457641
6.6015625,Inspiration,False,False,False,False,True,False,False,False,0.007259079410111536,0.10310877440312977,0.0026405461334269346,0.000970995782354406,0.7624253549282395,0.10310695211576461,0.01951687945817139,0.0009714177688019773
6.640625,Inspiration,False,False,False,False,True,False,False,False,0.08743084317832461,0.2381730015529206,0.0022432245671028957,0.0008250872528678357,0.6476962190812107,0.017224951123165633,0.006103112478805579,0.0003035607656022759
6.6796875,Inspiration,False,False,False,False,True,False,False,False,0.006600976004436101,0.034012431041277456,0.000873247138302192,0.0023735590907687106,0.685578159149527,0.2521428837669843,0.017545442330235674,0.0008733014784684931
6.71875,Amusement,True,False,False,False,False,False,False,False,0.4370681058399391,0.05911777295510825,0.011244066097142132,0.001514291961320865,0.4374211977384556,0.0216534941843484,0.030466097935652494,0.0015149732880331104
6.7578125,Amusement,True,False,False,False,False,False,False,False,0.3929092040152432,0.14450761482806254,0.0013610910324295146,0.0013605913571304647,0.39300871873009613,0.010062035813167058,0.053091769168359365,0.0036989750555117247
