time_sec,pred_label,Amusement,Anger,Disgust,Fear,Inspiration,Joy,Sadness,Tenderness,prob_Amusement,prob_Anger,prob_Disgust,prob_Fear,prob_Inspiration,prob_Joy,prob_Sadness,prob_Tenderness
0.0390625,Inspiration,False,False,False,False,True,False,False,False,0.03728881925080101,0.19695359085043332,0.013696632504380073,0.01369632607205723,0.5356030678193257,0.19704063026454016,0.0006818175475466004,0.005039115690915921
0.078125,Joy,False,False,False,False,False,True,False,False,0.0013071321741342362,0.05108168820138531,0.0013070261846792187,0.1389389480416861,0.050668061530818584,0.3776826998064478,0.0013071635862210184,0.37770728047462765
0.1171875,Sadness,False,False,False,False,False,False,True,False,0.017842204549020444,0.0008879992052152945,0.0008876052605462595,0.017850846632598998,0.2564573543606144,0.006584427138060891,0.6970752781769554,0.0024142846769881075
0.15625,Anger,False,True,False,False,False,False,False,False,0.2535003327141988,0.6900527983085158,0.0023896458266576062,0.002391295381720781,0.0023912039222038217,0.0343506074964347,0.0023923703011388747,0.012531746049129685
0.1953125,Tenderness,False,False,False,False,False,False,False,True,0.006646132075670737,0.09524824145356899,0.00032982309160918994,0.002439454859174589,0.09519057198757043,0.09524415769535946,0.0008968711831350295,0.7040047476539115
0.234375,Anger,False,True,False,False,False,False,False,False,0.012772929899344162,0.6977665436701362,0.0008900101339955066,0.000889387813741496,0.2565598413211901,0.006583801466574461,0.006584887208565426,0.017952598486452535
0.2734375,Anger,False,True,False,False,False,False,False,False,0.021755842859543816,0.43921147252008846,0.004135615752934822,0.00414210312280907,0.0015215602972897487,0.03058104589576511,0.059403802575363276,0.4392485569762059
0.3125,Anger,False,True,False,False,False,False,False,False,0.031112887012332002,0.4437720303365636,0.004177681569688355,0.011371521175127826,0.0015367875516117614,0.060079135219819814,0.004179414381916466,0.44377054275294026
0.3515625,Amusement,True,False,False,False,False,False,False,False,0.30419437873665583,0.30400805225596367,0.021172065332974985,0.021187934565311362,0.021239069874844394,0.30414128629254983,0.0028638967370652464,0.021193316204634667
0.390625,Anger,False,True,False,False,False,False,False,False,0.14598810542383714,0.39648910075813004,0.010184716666336366,0.14482305612646587,0.010160623969298312,0.20600708593546002,0.0761875907586688,0.010159720361803522
0.4296875,Amusement,True,False,False,False,False,False,False,False,0.4027093711298689,0.028129508262390197,0.010310569864416372,0.0037928697614980447,0.0005128698839484502,0.4027884785142982,0.003795299360497152,0.14796103322308266
0.46875,Fear,False,False,False,True,False,False,False,False,0.17160084809962237,0.17150649405776947,0.011944523546315082,0.4638819295182141,0.000594255842503985,0.17163880554167396,0.004437852443914513,0.004395290949986608
0.5078125,Amusement,True,False,False,False,False,False,False,False,0.39725041608474787,0.02777652001156807,0.0013756813407184588,0.010251261892353461,0.14609376200437404,0.019734028993661647,0.39701235830997655,0.0005059713625997864
0.546875,Amusement,True,False,False,False,False,False,False,False,0.4195619356704276,0.056435480097724706,0.011098140397501026,0.08066807536097523,0.0005345465680385295,0.010934577686771306,0.4193141492327334,0.0014530949858282672
0.5859375,Amusement,True,False,False,False,False,False,False,False,0.7480141244513999,0.10097465991945338,0.0070847873305443,0.002594627959929938,0.002591881154252053,0.037172423731232446,0.10121698477876412,0.00035051067442390973
0.625,Sadness,False,False,False,False,False,False,True,False,0.03709986775176968,0.00034955313261159397,0.10086873278323345,0.1008597289430154,0.007026406911637055,0.007029665757540149,0.7458160040296072,0.000950040690585433
0.6640625,Disgust,False,False,True,False,False,False,False,False,0.1445566275511335,0.001361566875888779,0.39293990731172485,0.39291569806462695,0.0013607023801533525,0.010055679562385204,0.053111228916872165,0.0036985893372152657
0.703125,Amusement,True,False,False,False,False,False,False,False,0.8138543975634158,0.008034066239433408,0.11011394121751919,0.002833004874564241,0.020841615284229665,0.0028290934400464793,0.040456809257568005,0.0010370721232231782
0.7421875,Sadness,False,False,False,False,False,False,True,False,0.23850370454235637,0.0003039774740916276,0.01186859534518791,0.0877110799682998,0.006107774588933501,0.0008260440487886894,0.6485442667408343,0.006134557291507773
0.78125,Fear,False,False,False,True,False,False,False,False,0.10728067769475647,0.0010110657718403083,0.014514607366903411,0.7929663679876288,0.03947027443072231,0.0027478887461742383,0.03925534539160657,0.002753772610368041
0.8203125,Amusement,True,False,False,False,False,False,False,False,0.4077710348949106,0.010513337738278212,0.0014146600264886076,0.010501171268435885,0.1501803795483532,0.010460778836312934,0.001414672963549127,0.4077439647236714
0.859375,Amusement,True,False,False,False,False,False,False,False,0.37768839826915235,0.0013087910223946214,0.051062747441434485,0.13860096966911498,0.377695992726114,0.001308323625227193,0.0013093266998824766,0.05102545054667996
0.8984375,Sadness,False,False,False,False,False,False,True,False,0.09503939569606189,0.00032918686498609466,0.004724719156256253,0.09498038558960606,0.09502727642987173,0.0008946658702916482,0.7023747962226481,0.006629574170278302
0.9375,Tenderness,False,False,False,False,False,False,False,True,0.09806324332987248,0.0025741320118398453,0.0009421061823211227,0.051525771642422204,0.1000844428004146,0.006983824790959052,0.0003466927068678219,0.7394797865353029
0.9765625,Inspiration,False,False,False,False,True,False,False,False,0.11193530553772568,0.021542794685504348,0.001054098560713834,0.0077911620717180975,0.8275874815854183,0.02122315355489732,0.0010543256553855133,0.007811678348636904
1.015625,Inspiration,False,False,False,False,True,False,False,False,0.00953312608649068,0.0006696613009632587,0.03661077576267535,0.03664454961836939,0.5253938962112915,0.19290572922904442,0.005030944272107202,0.19321131751905812
1.0546875,Amusement,True,False,False,False,False,False,False,False,0.6537978917973122,0.00030642582815809986,0.0022650924373091375,0.006155346505220939,0.24055830047430413,0.08847440319899523,0.0022649716913540775,0.00617756806734615
1.09375,Inspiration,False,False,False,False,True,False,False,False,0.03313790469103694,0.2450194769432265,0.0008486868785263969,0.00031219391285341054,0.6663997832565729,0.03310200318855516,0.002309604011182621,0.018870347118046037
1.1328125,Inspiration,False,False,False,False,True,False,False,False,0.03912763367941513,0.023422281978467255,0.0010032571405535194,0.001003243009071807,0.7877584053513809,0.10613696432274948,0.038820414155039444,0.0027278003633223794
1.171875,Inspiration,False,False,False,False,True,False,False,False,0.2354473777341031,0.000815665064425465,0.0008153621691508292,0.0022162333971513766,0.6401457579749448,0.08656041624298967,0.03178209243296438,0.0022170949842703525
1.2109375,Anger,False,True,False,False,False,False,False,False,0.2349800303584725,0.6386657694856959,0.0008136641985381308,0.000813552753603502,0.08644051232990985,0.031798456170450996,0.004274345620844935,0.0022136690824842474
1.25,Inspiration,False,False,False,False,True,False,False,False,0.02024503577362599,0.053723949224243096,0.0014101655916470275,0.0005187376907314695,0.40687424267361166,0.055110469042028126,0.055047243030421904,0.40707015697369064
1.2890625,Tenderness,False,False,False,False,False,False,False,True,0.007570057908891077,0.03977346746380093,0.0003751112329848794,0.0010200818822550279,0.022048872252069446,0.10833993298960841,0.020502282094665394,0.8003701941757247
1.328125,Anger,False,True,False,False,False,False,False,False,0.18803993437773178,0.5110148692687523,0.015129915660690007,0.0017708250708585946,0.025424669574837203,0.06920895184872942,0.001770749154172583,0.18764008504422822
1.3671875,Amusement,True,False,False,False,False,False,False,False,0.3385114282664571,0.02400047093300696,0.06449209889948017,0.0011723307488579718,0.044701523696746015,0.12453485329267995,0.06422537581290338,0.3383619183498686
1.40625,Anger,False,True,False,False,False,False,False,False,0.012928056207450658,0.5045656304073188,0.0006427160575939355,0.001747814132427581,0.012920352199766295,0.1856732887473276,0.09598012867644945,0.1855420135716656
1.4453125,Tenderness,False,False,False,False,False,False,False,True,0.011421601942744532,0.08585222533282881,0.0008084089155256231,0.0021984114145502864,0.23332631061075804,0.031588792498459334,0.00029744909109964983,0.6345068001940338
1.484375,Sadness,False,False,False,False,False,False,True,False,0.09472592051140644,0.09471130974747823,0.0003286547832350368,0.0024288849227001178,0.09467302399720365,0.0008921163266458104,0.6995254081309072,0.012714681580423463
1.5234375,Sadness,False,False,False,False,False,False,True,False,0.10353203025295007,0.10348339008594945,0.0026521240218718065,0.0026578964016436284,0.007206653303037736,0.0009752164094392956,0.7655014135596259,0.013991275965482134
1.5625,Anger,False,True,False,False,False,False,False,False,0.20797569450188716,0.5653237848188506,0.0007207302736367061,0.028131235870580026,0.005326119348920567,0.07657098802817157,0.03940239636396591,0.07654905079398747
1.6015625,Amusement,True,False,False,False,False,False,False,False,0.3580185954534042,0.35796311060532776,0.0012398359945230582,0.017357284148324322,0.13164076368623398,0.12995262267481228,0.0033715223628347874,0.0004562650745395391
1.640625,Amusement,True,False,False,False,False,False,False,False,0.2620760787988907,0.26141565792940813,0.002470126139237473,0.09551609194087404,0.26171781981081343,0.018252267388376885,0.09608349467976539,0.0024684633126339697
1.6796875,Amusement,True,False,False,False,False,False,False,False,0.8084270959835984,0.04011084275858935,0.0010296309206527822,0.002800907014367803,0.002798576316811405,0.1093753165858105,0.014764271684611191,0.020693358735558356
1.71875,Amusement,True,False,False,False,False,False,False,False,0.46553304167897236,0.17110888377347405,0.011918111371896117,0.17101011120021795,0.004381172656219857,0.17107350279043104,0.0005931651586832777,0.0043820113701054245
1.7578125,Amusement,True,False,False,False,False,False,False,False,0.46639228559616025,0.004395919655741221,0.0016161893803189338,0.1714319600477317,0.012310465362486369,0.1714189422299888,0.1708189151054332,0.001615322622139619
1.796875,Amusement,True,False,False,False,False,False,False,False,0.3867331108115671,0.048745605010421085,0.1421152709335674,0.0270887254433275,0.0004927574084659102,0.006969100461391806,0.38651520254062177,0.0013402273906374523
1.8359375,Amusement,True,False,False,False,False,False,False,False,0.8137168591586961,0.021378462736953686,0.007675521375982408,0.002820162765948238,0.0010365644216877368,0.11009480451523883,0.04045834283333934,0.0028192821921536712
1.875,Sadness,False,False,False,False,False,False,True,False,0.2407119285278034,0.0008340165515713899,0.006188882423814473,0.08850134354795411,0.006161725754518544,0.0022698039097433435,0.6544982651643901,0.0008340341202046764
1.9140625,Amusement,True,False,False,False,False,False,False,False,0.4316891187613786,0.004067358487586532,0.05830101344522683,0.4317958027021891,0.011056703173651986,0.004067032621539565,0.0575274296227086,0.0014955411857187223
1.953125,Amusement,True,False,False,False,False,False,False,False,0.5218069531994578,0.0018088641329678105,0.19195216486708283,0.19059106393631287,0.013399436435936822,0.07060076775896616,0.004923146607379149,0.004917603061896605
1.9921875,Fear,False,False,False,True,False,False,False,False,0.05884921572074062,0.0015091584262950637,0.021655620276788336,0.43565529558269717,0.021255935701452042,0.004101224350214884,0.0216740458380482,0.4352995041037637
2.03125,Fear,False,False,False,True,False,False,False,False,0.01446254691297899,0.0010078216356986496,0.03928515984925324,0.7910209703966609,0.03926644336633242,0.0027395722848726324,0.005304922965037668,0.10691256258916547
2.0703125,Fear,False,False,False,True,False,False,False,False,0.14439767404296536,0.0037009974911436936,0.01008067347231767,0.39253950536211807,0.39279034252216755,0.0036983592512860298,0.000500634820997693,0.05229181303700382
2.109375,Inspiration,False,False,False,False,True,False,False,False,0.07280222155014338,0.0018656773096471628,0.013948904771084495,0.19787525294275463,0.5383803912322711,0.10208638458901527,0.0006859041756727338,0.07235526342941126
2.1484375,Fear,False,False,False,True,False,False,False,False,0.1005012699541695,0.00034822490266529814,0.01354284541079904,0.7430181324553464,0.03687529936498479,0.0025732218612225513,0.10056463715124216,0.0025763688995704384
2.1875,Inspiration,False,False,False,False,True,False,False,False,0.13243381368626145,0.003393097397268123,0.0012484103359599182,0.13253910235768676,0.36038857497365956,0.00925705408932646,0.000459206653606306,0.36028074050623127
2.2265625,Amusement,True,False,False,False,False,False,False,False,0.45715783213342315,0.03182596687765834,0.004305077576937382,0.011721172213198475,0.45729147703682516,0.03180520927719877,0.0015834254846663046,0.004309839400092507
2.265625,Inspiration,False,False,False,False,True,False,False,False,0.25982258038598205,0.0003310226679012566,0.006651532831788789,0.006651790378065304,0.706504449243725,0.006650736109717542,0.006736413024470398,0.006651475358349644
2.3046875,Amusement,True,False,False,False,False,False,False,False,0.6539171634209301,0.0003064537087880352,0.006159156244845886,0.00226453122010638,0.24062556683350195,0.0061795540892575366,0.08828265543262534,0.0022649190499448592
2.34375,Inspiration,False,False,False,False,True,False,False,False,0.14234009423736105,0.05218667475360724,0.0013415473178513349,0.000493401862151209,0.38736496586495145,0.019277846410764788,0.009931648203214443,0.3870638213500986
2.3828125,Inspiration,False,False,False,False,True,False,False,False,0.01773974268213466,0.0024105461996219665,0.0008825040174652415,0.0008825174417826717,0.6928426940424768,0.2548152267068017,0.01776099775716152,0.012665771152555474
2.421875,Inspiration,False,False,False,False,True,False,False,False,0.007054459757333418,0.0009547064266799873,0.0009538993318119803,0.002593532375181504,0.7486718004534618,0.10130112826759038,0.1012785726947371,0.03719190069320374
2.4609375,Joy,False,False,False,False,False,True,False,False,0.03690442846851763,0.19472955713221396,0.001835020521545511,0.0018353813894186697,0.026140435271570207,0.5299919361466461,0.013693242305386343,0.19486999876470176
2.5,Sadness,False,False,False,False,False,False,True,False,0.0009272936797238748,0.03615301473089088,0.0025209767357695185,0.0003411425227253587,0.0972397292881983,0.0984713299178968,0.7281194885777803,0.036227024547014944
2.5390625,Inspiration,False,False,False,False,True,False,False,False,0.06327362948240335,0.11656365187993023,0.0029979922645256758,0.0029985308095431436,0.3181684290078412,0.1170746914860318,0.06087678483073522,0.31804629023898945
2.578125,Inspiration,False,False,False,False,True,False,False,False,0.06689553625682268,0.18144885330155505,0.004659517842752423,0.001713063018223102,0.4946434456410601,0.06695312970809299,0.0017133884577660724,0.18197306577372782
2.6171875,Tenderness,False,False,False,False,False,False,False,True,0.044282860716047576,0.2184062045070542,0.005607247529980731,0.000756345608583381,0.04134801476585862,0.08035476157440273,0.015205480955158543,0.5940390843429143
2.65625,Anger,False,True,False,False,False,False,False,False,0.004931621152961535,0.524004605088577,0.004932005962601637,0.004932351863505526,0.1926058371604034,0.07088342125289214,0.004931834864142848,0.19277832265491598
2.6953125,Tenderness,False,False,False,False,False,False,False,True,0.03720993880654866,0.10106401481445623,0.007037972966886814,0.00035030624969262307,0.0025924552512121384,0.10121703867525698,0.0025890572463873225,0.7479392159895593
2.734375,Anger,False,True,False,False,False,False,False,False,0.010984084732712167,0.42942600053190255,0.001486769600085257,0.0014862879126035298,0.010989048191539754,0.4294564202311469,0.05805970812467613,0.058111680675333774
2.7734375,Tenderness,False,False,False,False,False,False,False,True,0.006444125815906545,0.03408650574838894,0.0023735804903458856,0.0003208079771329111,0.25194147029098274,0.002371893476732268,0.017531712315962764,0.684929903884548
2.8125,Anger,False,True,False,False,False,False,False,False,0.0549261479786223,0.7896808660150352,0.0027336521033244606,0.0010055971253987508,0.002733436793925744,0.1068773816204176,0.0027336945278060494,0.03930922383546984
2.8515625,Amusement,True,False,False,False,False,False,False,False,0.27440221766134754,0.27436032967029683,0.01908344399504959,0.0009497856387798328,0.03675071818201251,0.27445256360892895,0.10092117692487862,0.01907976431870613
2.890625,Disgust,False,False,True,False,False,False,False,False,0.0017018803177009055,0.012572588717910192,0.49093976147287743,0.0006255200428216997,0.18066422818736735,0.18062345501350766,0.06640042946413084,0.06647213678368387
2.9296875,Anger,False,True,False,False,False,False,False,False,0.23454481451133283,0.6380439171026371,0.08632326580071863,0.00029894120972476484,0.0008124966052811374,0.031758718823892924,0.006009095648662478,0.00220875029775
2.96875,Sadness,False,False,False,False,False,False,True,False,0.10610339631023401,0.038811087258322656,0.014356442050339629,0.0003673316605542398,0.03903278512213261,0.014353554165466133,0.7842611044516702,0.0027142989812806322
3.0078125,Disgust,False,False,True,False,False,False,False,False,0.05698270147611858,0.0005372046842095958,0.42191558643020793,0.0014605003473017902,0.02935103035772859,0.42191280510457274,0.05704835949986146,0.010791812099999494
3.046875,Disgust,False,False,True,False,False,False,False,False,0.10129273453919228,0.007052444087736419,0.7486334219622499,0.0009528736587573227,0.10130512476241345,0.00259043057317727,0.037220122945859684,0.000952847470613478
3.0859375,Disgust,False,False,True,False,False,False,False,False,0.042621683825392526,0.008059117728821877,0.3149776780631342,0.002962669399186762,0.31495018722621887,0.001090053863996822,0.3149376779712251,0.00040093192202373626
3.125,Disgust,False,False,True,False,False,False,False,False,0.006518265487558032,0.0008812295020531942,0.6922288456121038,0.0065131429712535415,0.03445529892889131,0.0023957438986580417,0.25461180440345715,0.002395669196024853
3.1640625,Disgust,False,False,True,False,False,False,False,False,0.019592441110920115,0.0026472243274728944,0.764733002241784,0.0026459870278018886,0.10348484749741846,0.002645941704345485,0.10327709446300345,0.0009734616272537336
3.203125,Inspiration,False,False,False,False,True,False,False,False,0.031654073843737716,0.006022799645513443,0.08631238815626542,0.0008130660202173279,0.6380526843700209,0.0002991477786312925,0.002209733514576603,0.23463610667103707
3.2421875,Tenderness,False,False,False,False,False,False,False,True,0.013243667275003446,0.004873555904599895,0.013244695181826652,0.19023478321070847,0.1901847013317834,0.06999161910399412,0.0006591359528585364,0.5175678420392256
3.28125,Inspiration,False,False,False,False,True,False,False,False,0.0014949202419161306,0.011156055129833541,0.011092081433571219,0.030152749193236707,0.4318301429699474,0.08176476475289113,0.0005499173146898593,0.43195936896391407
3.3203125,Inspiration,False,False,False,False,True,False,False,False,0.0049086828281475255,0.19100211975493156,0.013342901243687807,0.001805349776750468,0.5215797711510413,0.07059265246651444,0.004908080593637847,0.19186044218528917
3.359375,Inspiration,False,False,False,False,True,False,False,False,0.010031948908557986,0.0013580722183334244,0.14070385346227207,0.0004992744149060938,0.3921708506306454,0.39219433216901217,0.010042043187284157,0.05299962500898861
3.3984375,Tenderness,False,False,False,False,False,False,False,True,0.002649514034161097,0.007205789970436421,0.10353391749848034,0.0009748153292703794,0.014012832465828962,0.1035370857913056,0.0026494490078013706,0.7654365959027158
3.4375,Anger,False,True,False,False,False,False,False,False,0.013553201419479917,0.5291077231817427,0.0018333904822656218,0.0018334449873285547,0.1948406188166696,0.1948531568927119,0.03762090394073772,0.026357560279063972
3.4765625,Anger,False,True,False,False,False,False,False,False,0.006892694799504494,0.26840283187341407,0.036184789131464626,0.0009305352497341019,0.0987915065603299,0.26891747999069376,0.2688867606569097,0.05099340173794947
3.515625,Tenderness,False,False,False,False,False,False,False,True,0.006160867467256372,0.002263279401996671,0.24052250887490634,0.00030621740004401756,0.08844919718711353,0.0022642769267068393,0.0061577688690256675,0.6538758838729507
3.5546875,Amusement,True,False,False,False,False,False,False,False,0.1983612660251084,0.19841590654074517,0.1985436012858508,0.0006870920703964776,0.19853592532270953,0.005078550755558858,0.19850994477287615,0.0018677132267545696
3.59375,Sadness,False,False,False,False,False,False,True,False,0.10569348489220894,0.05434877762832221,0.0142803416357811,0.0003657697758494009,0.0027037127546557624,0.038877192231586796,0.7810275423268225,0.002703178754773242
3.6328125,Disgust,False,False,True,False,False,False,False,False,0.007641580060685445,0.0027515097046626894,0.7950210141588332,0.0003722810142328003,0.10757952368365933,0.007480509162301217,0.03957587332675827,0.03957770888886707
3.671875,Disgust,False,False,True,False,False,False,False,False,0.09560915006316802,0.002445951487370645,0.7064939062796556,0.0008992705023678716,0.09560436348704152,0.0008992282024975955,0.09560369908173476,0.0024444308961639547
3.7109375,Amusement,True,False,False,False,False,False,False,False,0.3772316500171133,0.37714981090373345,0.050795428403768675,0.0004803116222957655,0.050729795818859655,0.0035501004446760525,0.13875707850070004,0.0013058242888529135
3.75,Tenderness,False,False,False,False,False,False,False,True,0.07379550570478002,0.07369480631349265,0.027035479613859773,0.0006945201546382617,0.07381455805625917,0.005133468338081829,0.2004003696851053,0.5454312921337828
3.7890625,Disgust,False,False,True,False,False,False,False,False,0.02762827338679678,0.07674228014910187,0.5672905111424495,0.0007223261780674471,0.20859351612717456,0.07679189076381247,0.01451451578542064,0.02771668646717667
3.828125,Amusement,True,False,False,False,False,False,False,False,0.40261800607255366,0.4025444950461983,0.003790111374700142,0.0005127500299746803,0.14810199001828497,0.0037893492156803672,0.02832904609791979,0.010314252144688145
3.8671875,Amusement,True,False,False,False,False,False,False,False,0.4911672797520252,0.1806465056896728,0.06643449673454274,0.012691182997488207,0.18028157834148462,0.0016999657566438913,0.06645356173669825,0.0006254289914444009
3.90625,Amusement,True,False,False,False,False,False,False,False,0.37701444573543136,0.0013045402019102512,0.05101008126707733,0.05100443376824236,0.13867004881150696,0.0035460273237480954,0.3769705363352492,0.0004798865568345193
3.9453125,Amusement,True,False,False,False,False,False,False,False,0.6400466232030793,0.0008146742441904635,0.08661673880693932,0.03185709249778496,0.23542102576421847,0.0022144968980703458,0.0022147083713903123,0.0008146402143269193
3.984375,Amusement,True,False,False,False,False,False,False,False,0.7478547756513947,0.0025893123141663412,0.037222074014427474,0.10118776496646832,0.0025881700239142476,0.007036561313976899,0.10117111892997616,0.00035022278567586467
4.0234375,Disgust,False,False,True,False,False,False,False,False,0.11988315526181888,0.02305326663509966,0.3259475075532868,0.061718997981266364,0.0011282746158709966,0.11991509265534872,0.022676830151275095,0.3256768751460335
4.0625,Amusement,True,False,False,False,False,False,False,False,0.6560168848274259,0.0022734756176946824,0.006175950970534817,0.0008354218236190221,0.002270859995415624,0.08879652117845646,0.002271013494003359,0.24135987209285018
4.1015625,Joy,False,False,False,False,False,True,False,False,0.23932041835571605,0.0022587725638033842,0.08804664950316032,0.0008284012013768148,0.0008283084533913961,0.6507124527711875,0.006121690719497707,0.011883306431866802
4.140625,Disgust,False,False,True,False,False,False,False,False,0.039121804819618994,0.0074544475015799515,0.787329353243964,0.0010023499902886304,0.0027248351699141935,0.05484054797392675,0.0010024323557845678,0.10652422894492282
4.1796875,Disgust,False,False,True,False,False,False,False,False,0.25224051456230606,0.03394776261871792,0.6856920802163204,0.0008728371812292376,0.006451143434482654,0.01754862056389159,0.0008729306230020093,0.0023741108000501095
4.21875,Disgust,False,False,True,False,False,False,False,False,0.031862322137780535,0.0022153342212904797,0.6400479356384666,0.000814719804820885,0.0008147508872936228,0.08660127382987293,0.23542877907244525,0.0022148844080295146
4.2578125,Disgust,False,False,True,False,False,False,False,False,0.10120183522534797,0.00035021029816118167,0.7478370027921087,0.002587585305959136,0.0025879259656843667,0.037215060205806956,0.10118537739872928,0.007035002808202313
4.296875,Disgust,False,False,True,False,False,False,False,False,0.14984973818621042,0.003831356091644958,0.4073289624392428,0.010418726153812506,0.40721948021983495,0.010417925830746175,0.010415324532136552,0.0005184865463716275
4.3359375,Amusement,True,False,False,False,False,False,False,False,0.5957285385709284,0.00560334496714991,0.2191476617252674,0.01523831289148986,0.08057196637106827,0.0415276581485799,0.04142420846710638,0.0007583088584100036
4.375,Amusement,True,False,False,False,False,False,False,False,0.5211511153571042,0.001803295033442469,0.19169384907916323,0.0049028484383238325,0.19169588876469482,0.013329530577583903,0.0705212045262437,0.004902268223443855
4.4140625,Amusement,True,False,False,False,False,False,False,False,0.4313602199802551,0.0040573293506808005,0.058321841728068334,0.05835056156857541,0.4313226624487434,0.01103736121473308,0.004057442888899696,0.0014925808200441253
4.453125,Amusement,True,False,False,False,False,False,False,False,0.6400533565539231,0.0022150218198377565,0.08661247533333305,0.03183554138369355,0.235439124525476,0.002214863587511056,0.0008147959737523024,0.0008148208224731351
4.4921875,Amusement,True,False,False,False,False,False,False,False,0.6996174937567914,0.0008907277706676889,0.0946541758493536,0.012793134238969021,0.09466193222144201,0.002421334636625691,0.09463351780767466,0.0003276837184758673
4.53125,Amusement,True,False,False,False,False,False,False,False,0.653399953106881,0.0008319978925871497,0.006157616971877947,0.08838264029195854,0.24035895822350775,0.0008319850659727845,0.007773056151715698,0.002263792295499107
4.5703125,Amusement,True,False,False,False,False,False,False,False,0.6682408568219056,0.002313108751993271,0.04650589826641741,0.03310539931096978,0.24581923510612783,0.0008508029900480761,0.0023137196433943782,0.000850979109143646
4.609375,Inspiration,False,False,False,False,True,False,False,False,0.033976081310502705,0.006431444824171455,0.0008700588558164077,0.0003200444283898128,0.683283808416092,0.2511304326377298,0.017552800621651692,0.006435328905646042
4.6484375,Joy,False,False,False,False,False,True,False,False,0.008238627010840053,0.0004098143557202609,0.0011136950419356575,0.0031461071440274557,0.022557309773890723,0.32161700809762184,0.3213551139148064,0.32156232466115764
4.6875,Tenderness,False,False,False,False,False,False,False,True,0.005650934075602172,0.041862595166762294,0.002078558806775443,0.0056500640681468595,0.08121432922885091,0.22077505627049848,0.04251616121888872,0.6002523011644751
4.7265625,Anger,False,True,False,False,False,False,False,False,0.001247292906195686,0.3602657536498409,0.009218974790991633,0.0004587953115480755,0.003390968325246782,0.36036969171821154,0.13249951794974738,0.1325490053482179
4.765625,Joy,False,False,False,False,False,True,False,False,0.04429034719825111,0.01629753584627527,0.005994118237094888,0.0022042107213517508,0.016297722234349422,0.6365335736865935,0.04432294305466197,0.2340595490214221
4.8046875,Disgust,False,False,True,False,False,False,False,False,0.006053620751014768,0.002227714636954936,0.23666834190821942,0.002226764166285286,0.23662242473697198,0.23522481268623827,0.04487636260503422,0.23609995850928106
4.84375,Sadness,False,False,False,False,False,False,True,False,0.009920856934942383,0.14225856046759827,0.0191615995525581,0.000493098131183182,0.001340421062259461,0.05236863914555618,0.3872403436235972,0.38721648108230516
4.8828125,Sadness,False,False,False,False,False,False,True,False,0.007489122153247412,0.10693616140150454,0.03958234338932911,0.00275446140711306,0.0003727383891244384,0.0075511078763606555,0.7957194206085274,0.03959464477479342
4.921875,Tenderness,False,False,False,False,False,False,False,True,0.018516493324577027,0.018517649524890177,0.09790563312607567,0.0187632178900915,0.09782301385432189,0.00681149365099836,0.0185344668460235,0.7231280317830218
4.9609375,Tenderness,False,False,False,False,False,False,False,True,0.10249129784714843,0.013870032524173318,0.0009654893127384757,0.0009654656213263272,0.10252843458712517,0.007136298748790024,0.013867500310862847,0.7581754810478354
5.0,Inspiration,False,False,False,False,True,False,False,False,0.19055278270138595,0.01330405830763206,0.0017951877478438163,0.0017950832038035529,0.5183596227216092,0.01326578070443836,0.0701331771410643,0.1907943074722228
5.0390625,Amusement,True,False,False,False,False,False,False,False,0.3765615457018904,0.13855874768370602,0.0013067651288699296,0.0509994159010802,0.0510651814506493,0.00048070831989402484,0.0035564232831761626,0.37747121253073385
5.078125,Amusement,True,False,False,False,False,False,False,False,0.3602968951077989,0.13251565748060992,0.0012474911672713455,0.00339230843589052,0.13251925210263252,0.0004588427406849842,0.009242473321504192,0.36032707964360755
5.1171875,Amusement,True,False,False,False,False,False,False,False,0.43401365821265,0.08343510044794067,0.004084433913576702,0.0015024424841717048,0.43408949928025664,0.001502583237171742,0.011116252359014487,0.030256030065218067
5.15625,Sadness,False,False,False,False,False,False,True,False,0.18754091187292893,0.0355714912515941,0.0006495964931948294,0.00480285047316123,0.0688909050322935,0.004803283554138689,0.5101030900431729,0.1876378712795159
5.1953125,Tenderness,False,False,False,False,False,False,False,True,0.18660915543895287,0.18667811331809508,0.0006462916650569817,0.0017570980235122257,0.06839593452806679,0.03542095050400068,0.01301850526650235,0.5074739512558131
5.234375,Amusement,True,False,False,False,False,False,False,False,0.5744692250450286,0.07774269350838028,0.028354972620133617,0.0007318990288575215,0.0777816334755271,0.014719261286777535,0.21132042920120697,0.014879885834088419
5.2734375,Tenderness,False,False,False,False,False,False,False,True,0.006362113744593769,0.0023333834009469506,0.24778093481887886,0.0003156358170243866,0.002332537966135977,0.03352615338716549,0.033535635725489316,0.6738136051397653
5.3125,Anger,False,True,False,False,False,False,False,False,0.0690732659216715,0.5123471656230408,0.013200804531007014,0.0017748766136663297,0.001774313685172606,0.18852426070119252,0.1882834386869166,0.025021874237332667
5.3515625,Sadness,False,False,False,False,False,False,True,False,0.2485089259691629,0.0334819760387205,0.0023650536036576232,0.0023464794584898267,0.0023434569585670285,0.03366763850911045,0.6764248721179161,0.0008615973443755339
5.390625,Sadness,False,False,False,False,False,False,True,False,0.10693222195665393,0.001007545848160661,0.007453091942849593,0.03930751653699206,0.03928577617221174,0.014467025334754422,0.7905399420786028,0.0010068801297748186
5.4296875,Amusement,True,False,False,False,False,False,False,False,0.3215000810525483,0.00041026048149737996,0.3216419770415387,0.022432641582364903,0.008239926852256559,0.0030319640585821685,0.32162930557989994,0.0011138433513120276
5.46875,Amusement,True,False,False,False,False,False,False,False,0.8079064516739312,0.00280850907039221,0.014666266350371476,0.021299312734458575,0.0027990604492252958,0.04019956028468794,0.10929144579540374,0.0010293936415296555
5.5078125,Sadness,False,False,False,False,False,False,True,False,0.02497320186803528,0.0017456926451807115,0.1850954729134244,0.18256802330514424,0.09545874041622462,0.0047421138305315325,0.5036718950765365,0.0017448599449226489
5.546875,Amusement,True,False,False,False,False,False,False,False,0.27637680175214124,0.00708032747333584,0.27647915258412675,0.05237299707099366,0.2763816574353432,0.0070783173845923196,0.10162720407624759,0.0026035422232194164
5.5859375,Disgust,False,False,True,False,False,False,False,False,0.1041117374884371,0.000982964626457777,0.7707567344772757,0.007268573176243824,0.10422878069409015,0.0026702954828234995,0.007299030338825023,0.002681883715846927
5.625,Tenderness,False,False,False,False,False,False,False,True,0.014782226302489527,0.0019895642576624626,0.21134627134375103,0.07762224225334666,0.04024782939654065,0.0019889181432051844,0.07747706849565981,0.5745458798073445
5.6640625,Inspiration,False,False,False,False,True,False,False,False,0.08660200248742343,0.0008158860011662824,0.23542292122023029,0.00221733902986544,0.6400635817516233,0.000815208652336675,0.0022347181142474432,0.03182834274310736
5.703125,Inspiration,False,False,False,False,True,False,False,False,0.03300103341861998,0.006361980208026016,0.033172928610207056,0.0003151914601133949,0.6727104411268705,0.006335215247015745,0.0008586521028295503,0.24724455782631782
5.7421875,Tenderness,False,False,False,False,False,False,False,True,0.1632050788667346,0.0005661696035543729,0.059700473397696054,0.004186822152845692,0.16335768213404106,0.0015380136267726604,0.16331513750980053,0.44413062270855513
5.78125,Inspiration,False,False,False,False,True,False,False,False,0.0876726839192466,0.0003036164154844915,0.016591809571026343,0.0022472504878515514,0.6479365630936401,0.006098016523069117,0.0008255670448700309,0.2383244929448118
5.8203125,Tenderness,False,False,False,False,False,False,False,True,0.23464690310507305,0.006016017063132053,0.0022631053810132536,0.0008126367570820695,0.0862876478058708,0.03173668600602587,0.0002988848528608356,0.637938119028942
5.859375,Inspiration,False,False,False,False,True,False,False,False,0.0955297531548156,0.002447829574385951,0.002447182719443813,0.00033094085367582876,0.7061786348064549,0.09554602178003928,0.002446548968798203,0.0950730881423864
5.8984375,Joy,False,False,False,False,False,True,False,False,0.019172986714431683,0.0005064539272684207,0.027698366946592032,0.010173300673145237,0.14615202214837297,0.39746532249513294,0.0013764387841727203,0.39745510831088393
5.9375,Amusement,True,False,False,False,False,False,False,False,0.7479094885193202,0.00035044727979439765,0.10117439431249418,0.0025888354185994752,0.0070522479487317505,0.10114982908367522,0.0025891623389561803,0.03718559509842852
5.9765625,Amusement,True,False,False,False,False,False,False,False,0.6539015326241756,0.0022716807058242197,0.006155613733028005,0.00030635626924720014,0.08841763093825168,0.24052301666186074,0.0022650755616905123,0.006159093505921927
6.015625,Joy,False,False,False,False,False,True,False,False,0.03309442528406134,0.0023057311261214077,0.0008475105032986485,0.00031178063887013594,0.24470155863303156,0.6654303247159692,0.006279740075249337,0.04702892902339845
6.0546875,Joy,False,False,False,False,False,True,False,False,0.10684540908542844,0.03923285734704604,0.039171686243317724,0.0010061306725786853,0.001006687718219958,0.7897741937825398,0.02022676687707683,0.0027362682737925286
6.09375,Anger,False,True,False,False,False,False,False,False,0.14457452934193368,0.3929238564056621,0.001361845184542114,0.0013615142997637382,0.010309646841730713,0.05318351064412336,0.0037024671405304324,0.39258263014171396
6.1328125,Anger,False,True,False,False,False,False,False,False,0.019154954693281646,0.3893281699200981,0.0013479638945889853,0.0013481673446827202,0.0036667278636072767,0.052672945575538595,0.1432230440515625,0.3892580266566402
6.171875,Anger,False,True,False,False,False,False,False,False,0.13329105721991513,0.36236781364288223,0.0012552477649935738,0.003411985705575233,0.0012553377357140691,0.3623571519696419,0.132647746464909,0.0034136594963688556
6.2109375,Tenderness,False,False,False,False,False,False,False,True,0.033521913602314185,0.24784443124163769,0.0023346617062123703,0.0023343890433103025,0.03351968669228108,0.006422106030456362,0.0003157722828292727,0.6737070394009587
6.25,Anger,False,True,False,False,False,False,False,False,0.013309044273615836,0.5186047083000977,0.0017962763865847625,0.0017965002122622522,0.1903382416831722,0.013286780130441664,0.07005364428101903,0.1908148047328065
6.2890625,Anger,False,True,False,False,False,False,False,False,0.08725490150838074,0.645882809394928,0.0003026551750713274,0.019783790814857857,0.0008233422778176037,0.006080598100548224,0.0022378868418692238,0.23763401588652694
6.328125,Inspiration,False,False,False,False,True,False,False,False,0.037209172176018886,0.19487328298019607,0.0018355912252170997,0.001834639027977058,0.5293859028632741,0.02637740549675446,0.013559185849680386,0.19492482038088196
6.3671875,Anger,False,True,False,False,False,False,False,False,0.0282927441393323,0.5714058852958853,0.028255055766854068,0.0053784864719800905,0.21016644291063974,0.07729404143187973,0.001978381355622836,0.07722896262780601
6.40625,Tenderness,False,False,False,False,False,False,False,True,0.0030266002896543725,0.04344960069801199,0.04331804526625757,0.008220553692646891,0.0030251793162548385,0.022552922316264545,0.00302347243551592,0.8733836259853939
6.4453125,Anger,False,True,False,False,False,False,False,False,0.01269201611265575,0.4489037552999667,0.011487082351849396,0.011486377182554186,0.004224445489099861,0.060762522858028176,0.001554282346373984,0.4488895183594721
6.484375,Anger,False,True,False,False,False,False,False,False,0.0994724504685714,0.7406178040875272,0.03684792284314656,0.00034710488122075147,0.0025660037459537795,0.10021555497204729,0.0009435959644504431,0.01898956303708254
6.5234375,Disgust,False,False,True,False,False,False,False,False,0.09563865985028314,0.0066829118713290095,0.7092761776617983,0.01818331713171881,0.018154543516512495,0.09600009846935756,0.049380425568070756,0.006683865930930041
6.5625,Disgust,False,False,True,False,False,False,False,False,0.11995239379360657,0.023001338293716603,0.32560288663754305,0.022698822450858448,0.00112941726304329,0.32626598934449663,0.06176466377319185,0.1195844884435436
6.6015625,Sadness,False,False,False,False,False,False,True,False,0.013831483227652996,0.1022400116420869,0.002638620167011819,0.019370397599132984,0.0003544584021230247,0.10239676500360953,0.7565473986676369,0.0026208652907458744
6.640625,Fear,False,False,False,True,False,False,False,False,0.019272162551172464,0.001341822935933958,0.05237203788321255,0.3869416410472942,0.00994976892017838,0.1424710811042004,0.3871581759740387,0.0004933095839693277
6.6796875,Disgust,False,False,True,False,False,False,False,False,0.08759094265643372,0.002246297618203461,0.6480330920528989,0.016617563207290412,0.006099456887138817,0.0008255705394045785,0.23828348363064708,0.0003035934079830371
6.71875,Amusement,True,False,False,False,False,False,False,False,0.31529785903235985,0.0010948295533837306,0.04264693612311996,0.0010925014271746275,0.001091999162693856,0.3153197958402941,0.3153822441440125,0.008073834716961376
6.7578125,Sadness,False,False,False,False,False,False,True,False,0.10088707028152971,0.00034958539808709494,0.10087819365572852,0.03700363514281575,0.007022281657728448,0.007034545014813513,0.7458745063874567,0.0009501824618402999
