time_sec,pred_label,Amusement,Anger,Disgust,Fear,Inspiration,Joy,Sadness,Tenderness,prob_Amusement,prob_Anger,prob_Disgust,prob_Fear,prob_Inspiration,prob_Joy,prob_Sadness,prob_Tenderness
0.0390625,Inspiration,False,False,False,False,True,False,False,False,0.0076294914866051325,0.10960654743121102,0.00037965326680951115,0.007629564726909684,0.8108490420768145,0.040365068916844604,0.0028056464818096588,0.02073498561299585
0.078125,Amusement,True,False,False,False,False,False,False,False,0.3215708146859881,0.003027460253500774,0.32164765673530554,0.0004095581967457476,0.022362463820264203,0.3216405695909234,0.008228064045062669,0.0011134126722096957
0.1171875,Inspiration,False,False,False,False,True,False,False,False,0.02069481190112935,0.0010220240475245358,0.0010215164438032325,0.002777043390813137,0.802195195565543,0.05626636339412628,0.007550441676041448,0.10847260358101903
0.15625,Inspiration,False,False,False,False,True,False,False,False,0.002638164653811027,0.10291566178112198,0.00035679760505581205,0.002640935318727192,0.7617794716293489,0.10297997278723252,0.007170124060059256,0.019518872164643365
0.1953125,Inspiration,False,False,False,False,True,False,False,False,0.0823818010078748,0.045472771144032934,0.015604182162873313,0.00573798885372893,0.6090074832096515,0.22409199298226007,0.01559315366042332,0.0021106269791550452
0.234375,Inspiration,False,False,False,False,True,False,False,False,0.0010040056720372996,0.03914341466637038,0.10610066185899573,0.00100319163923481,0.7874583103590064,0.007441749360630954,0.05512039238533699,0.0027282740583875536
0.2734375,Inspiration,False,False,False,False,True,False,False,False,0.10192499475870047,0.10229980411530133,0.00035462695006163486,0.002621057396747702,0.7569280113672903,0.013808374807999256,0.019442127684356242,0.0026210029195430904
0.3125,Joy,False,False,False,False,False,True,False,False,0.0075864203429226494,0.014661193078739468,0.05595247383578309,0.002779926914690853,0.10855893370234036,0.8025221471473573,0.007562856265498483,0.0003760487126678908
0.3515625,Joy,False,False,False,False,False,True,False,False,0.10098381628137458,0.013620906216302102,0.0025854034756533904,0.0025854736193755513,0.10097056819857479,0.7463678679810154,0.032536141094924316,0.00034982313277993817
0.390625,Amusement,True,False,False,False,False,False,False,False,0.3771158258407949,0.37685449829455675,0.0004803881975647825,0.0013057633665404182,0.05098121857460136,0.13870646774883705,0.05100602909465191,0.0035498088824528406
0.4296875,Amusement,True,False,False,False,False,False,False,False,0.4660836083388792,0.17133241447759756,0.004388443368853511,0.001614357211418273,0.011965142920237223,0.17151756374617905,0.17148438272466338,0.001614087212171723
0.46875,Joy,False,False,False,False,False,True,False,False,0.11012480525364775,0.0028225084945741868,0.02084341809918485,0.0010373438801823001,0.007665884511021851,0.8142369199796904,0.04044982188452168,0.0028192978971769314
0.5078125,Amusement,True,False,False,False,False,False,False,False,0.6563793887495885,0.0023183981036171124,0.006195405896877062,0.0022745366543240214,0.0022737602106628436,0.2414737510153973,0.0882482053558361,0.0008365540136970817
0.546875,Sadness,False,False,False,False,False,False,True,False,0.1015088206184,0.1015241876637081,0.0009567467477941652,0.0026087647479908853,0.002602152579625919,0.03737094980026181,0.750825886102753,0.0026024917394660164
0.5859375,Fear,False,False,False,True,False,False,False,False,0.1055233596046784,0.03867918148025472,0.000993745833555854,0.779905333927416,0.000994824591178399,0.01428048953747255,0.056920558926574306,0.0027025060988698103
0.625,Fear,False,False,False,True,False,False,False,False,0.13311976037640025,0.0012560537750825743,0.0034116306090356523,0.36221696469679077,0.001254641580876305,0.1332974308818594,0.3620274024050632,0.0034161156748918884
0.6640625,Amusement,True,False,False,False,False,False,False,False,0.5795170659788338,0.015028206073335847,0.028737682044716,0.0783096466863687,0.002008058494414924,0.07832730131120863,0.212608386944621,0.0054636524665011696
0.703125,Fear,False,False,False,True,False,False,False,False,0.11143961262321825,0.0408733475518029,0.002855436784987708,0.8235826859016907,0.007760552476084189,0.0077733936408930365,0.0028582708509281973,0.002856700170394908
0.7421875,Amusement,True,False,False,False,False,False,False,False,0.3871115458561484,0.003646869590732393,0.0013417667594923925,0.38714304924579857,0.14235927750252186,0.07340985390107302,0.003646638964986232,0.001340998179247031
0.78125,Fear,False,False,False,True,False,False,False,False,0.10390160260616245,0.0009795510168150098,0.10394927424865295,0.7684500088842519,0.0009795379759733709,0.007235530515149575,0.007269631333443329,0.007234863419551531
0.8203125,Fear,False,False,False,True,False,False,False,False,0.10426275646421251,0.0026713382650501846,0.1042765858506288,0.7706144793180625,0.002668615830677287,0.007268146087319862,0.0009829942618362697,0.007255083922212449
0.859375,Disgust,False,False,True,False,False,False,False,False,0.0018060201832111656,0.004909903928718236,0.5213845062575136,0.19168390216615222,0.1915005748187627,0.07045373165793281,0.013353722638073452,0.004907638349635687
0.8984375,Disgust,False,False,True,False,False,False,False,False,0.010273856455333203,0.0013890731644572384,0.40126953855621966,0.40117161349013886,0.010280567914802254,0.14718528320270355,0.000510987016552452,0.02791908019979286
0.9375,Fear,False,False,False,True,False,False,False,False,0.002432756812068115,0.0024205648852254104,0.25711827250131464,0.6988990395906556,0.0008900968687118888,0.017896300964646786,0.0024198011354818537,0.017923167241895837
0.9765625,Fear,False,False,False,True,False,False,False,False,0.002877067888742245,0.007820163941797301,0.11237757912110603,0.8304819278467067,0.0010595025406581514,0.021251944568851103,0.002875916902063705,0.021255897190074743
1.015625,Disgust,False,False,True,False,False,False,False,False,0.0030424415232744705,0.0011191377865181831,0.32309511432654114,0.32305983577141684,0.3230382411528497,0.02248343144701604,0.0011190753704817722,0.0030427226219018437
1.0546875,Fear,False,False,False,True,False,False,False,False,0.006382479837587124,0.0003174865464807917,0.24918033044940324,0.6772972964647941,0.012166714986706802,0.006386872041461771,0.04740522910774015,0.0008635905658259706
1.09375,Joy,False,False,False,False,False,True,False,False,0.10420086042224233,0.0009826971914247975,0.007293850566931347,0.007698793387429793,0.0026708739661025797,0.7703943649121556,0.10408210775018695,0.002676451803526566
1.1328125,Joy,False,False,False,False,False,True,False,False,0.013955210134374155,0.005090979484512674,0.1982990345887608,0.03769139120418726,0.19833664768972661,0.5396617920428555,0.005091081652875533,0.0018738632027074744
1.171875,Inspiration,False,False,False,False,True,False,False,False,0.0015826435763031444,0.0005823023365325877,0.16791723857942212,0.16769151863167647,0.4569524014359803,0.16792556988065335,0.03302997262413147,0.004318352935300593
1.2109375,Fear,False,False,False,True,False,False,False,False,0.010081944186089556,0.0037061965387028377,0.0013661303260242763,0.3928113533979017,0.3932161538976617,0.14453393532862008,0.0013648971986666666,0.05291938912633333
1.25,Inspiration,False,False,False,False,True,False,False,False,0.007033217134000274,0.0009515773805174557,0.0070303873445103394,0.10014595758502082,0.7464224337379604,0.03712973011396776,0.00035000835003113506,0.1009366883539919
1.2890625,Inspiration,False,False,False,False,True,False,False,False,0.005096670905925262,0.013893868123214826,0.19768174415602982,0.03768369605805077,0.5409718260236104,0.1976818044026541,0.0018759604558745361,0.00511442987464018
1.328125,Inspiration,False,False,False,False,True,False,False,False,0.006605387582979362,0.002433125017972198,0.006607081552991467,0.00032889287212029266,0.7015432320989258,0.2578826533776687,0.01796882684223297,0.006630800655109235
1.3671875,Inspiration,False,False,False,False,True,False,False,False,0.0064672874167552175,0.03391509072788732,0.002373451759768357,0.00032120326520567165,0.6850230043720825,0.25189653643901877,0.0023735484234420653,0.017629877595839928
1.40625,Inspiration,False,False,False,False,True,False,False,False,0.006513196503773168,0.03394711885176075,0.00032350769834690987,0.006500114525679382,0.6903387790818434,0.25348147799433285,0.0023912852744537787,0.00650452006980973
1.4453125,Inspiration,False,False,False,False,True,False,False,False,0.04257528474170381,0.0004013053956236905,0.002968749431588779,0.02190025428369346,0.8562320534078743,0.05980190828086252,0.008058780125247687,0.008061664333405629
1.484375,Amusement,True,False,False,False,False,False,False,False,0.41292398413364007,0.010613066129622305,0.003889275927247491,0.003886459118884857,0.4130549322307771,0.14785726048276257,0.003887196190047986,0.003887825787017642
1.5234375,Inspiration,False,False,False,False,True,False,False,False,0.007831864204547916,0.007810885966500535,0.0010481729609263025,0.0028503240461029873,0.8230097641614277,0.11131744018432836,0.007747771100875619,0.03838377737529059
1.5625,Inspiration,False,False,False,False,True,False,False,False,0.002820250228200232,0.00788070129191613,0.002820373889839073,0.0028237552622322666,0.8141709524195532,0.10998993166149983,0.056669343441875464,0.00282469180488383
1.6015625,Inspiration,False,False,False,False,True,False,False,False,0.03387909714881141,0.01231753832622634,0.0023602730940349907,0.0023584439843739907,0.6811085519815027,0.2502168358116158,0.01744003980096989,0.0003192198524651171
1.640625,Amusement,True,False,False,False,False,False,False,False,0.4032436334911628,0.010340410338778862,0.0013961135557235098,0.003794433011895589,0.40328147956863536,0.14825125403197534,0.02829667430128098,0.0013960017005475666
1.6796875,Amusement,True,False,False,False,False,False,False,False,0.5223460549511958,0.025531087178714818,0.03635834669749337,0.004916805353742083,0.1920505364919249,0.1922012197519562,0.025930603845403924,0.000665345729568856
1.71875,Joy,False,False,False,False,False,True,False,False,0.10760631899715255,0.03950643668798608,0.007489110975775784,0.0027534846323834677,0.007490000889895047,0.7952685716956756,0.039513458359308876,0.0003726177618226567
1.7578125,Amusement,True,False,False,False,False,False,False,False,0.38657638412415657,0.052129652566366425,0.0013385211638959683,0.0004922738501279746,0.14208639370514034,0.3865270324240141,0.027211352776728905,0.0036383893895698145
1.796875,Amusement,True,False,False,False,False,False,False,False,0.39235503689720597,0.010043489232248423,0.003692633028778043,0.0036916027786977256,0.3923114369709637,0.1443433325900887,0.053062903839907714,0.0004995646621095689
1.8359375,Amusement,True,False,False,False,False,False,False,False,0.4293935924892883,0.010993078087352219,0.058096473194145085,0.0014867247391655595,0.010986861686294197,0.4295067813770436,0.05804990922928052,0.0014865791974305953
1.875,Amusement,True,False,False,False,False,False,False,False,0.6379408917205024,0.006048325309646516,0.03170529957873845,0.00029895857402794567,0.0008126248396716408,0.23470992892070144,0.08627428195021423,0.0022096891064972792
1.9140625,Amusement,True,False,False,False,False,False,False,False,0.5243199352836931,0.07047809796392442,0.004950467263934586,0.00493789673505726,0.004935259879259904,0.19285443578115258,0.1925888979832953,0.0049350091096827435
1.953125,Amusement,True,False,False,False,False,False,False,False,0.42447717900455,0.001475557268746625,0.029549911952167756,0.05699542196819163,0.003997296364471755,0.4246753711155219,0.05735858050744074,0.0014706818189094612
1.9921875,Joy,False,False,False,False,False,True,False,False,0.033529055645236616,0.00031611256065011597,0.0334774946970683,0.24738622996723073,0.0023344624929111384,0.6742549389429524,0.006365684697050954,0.002336020996899702
2.03125,Fear,False,False,False,True,False,False,False,False,0.09334227738715022,0.01781978544006488,0.09333525324057475,0.6900761342169848,0.0023910397980497758,0.006539941329463008,0.04829226210191182,0.04820330648580061
2.0703125,Fear,False,False,False,True,False,False,False,False,0.10339677748084958,0.10314623343967946,0.02031913524094262,0.7642124813906633,0.000973816433832924,0.0026526204894801414,0.002651125075476803,0.002647810449075157
2.109375,Amusement,True,False,False,False,False,False,False,False,0.3215800166193207,0.00824586787134387,0.003030299818468521,0.32168743732652855,0.3215318205235695,0.022400107631980297,0.00040985421338322046,0.0011145959954053854
2.1484375,Amusement,True,False,False,False,False,False,False,False,0.3869067383699905,0.0013403792131270458,0.0036436635655017913,0.14232235634165963,0.3869650566628764,0.0036436078640542558,0.07383821759286406,0.0013399803899264277
2.1875,Amusement,True,False,False,False,False,False,False,False,0.57736397312806,0.005440408437086205,0.005435578921782973,0.07805661650532421,0.07780062796270544,0.21219101633579998,0.041712664000106835,0.0019991147091342897
2.2265625,Amusement,True,False,False,False,False,False,False,False,0.6675046969759159,0.0003128105324299696,0.0330130840815273,0.033216564229530135,0.24554432450530952,0.017247518328283116,0.0008500960340048078,0.002310905312999297
2.265625,Fear,False,False,False,True,False,False,False,False,0.13138491778054312,0.0004552750320454882,0.13131724610844137,0.35733341111456707,0.35734622688178463,0.01756179629949195,0.0012376374007794357,0.003363489382347024
2.3046875,Fear,False,False,False,True,False,False,False,False,0.012574391422541641,0.002389711938827072,0.2533055506388505,0.688615454502613,0.00648362428525121,0.0023855147663595496,0.033368465769991786,0.0008772866755654062
2.34375,Fear,False,False,False,True,False,False,False,False,0.003124130344880617,0.04467235323703503,0.023240346125737808,0.9003488146838168,0.00848888267270489,0.008496202233149086,0.0031216400780821416,0.008507630624593669
2.3828125,Fear,False,False,False,True,False,False,False,False,0.003977985060847466,0.001462888382899205,0.0568465903387515,0.421865997668389,0.4219004552361151,0.08163950364580143,0.01084468023740529,0.0014618994297910346
2.421875,Fear,False,False,False,True,False,False,False,False,0.002592056437915018,0.0003507163977501546,0.10116050254899946,0.7481394818373022,0.03722060777866794,0.10088529974303957,0.007057112171451208,0.0025942230848745172
2.4609375,Fear,False,False,False,True,False,False,False,False,0.0008748595010937512,0.017604767278659762,0.03374236111141179,0.6861501324290118,0.0008744883696194755,0.25189519632260865,0.0023794641895987416,0.006478730797995951
2.5,Fear,False,False,False,True,False,False,False,False,0.0005929852089768058,0.004385372595788574,0.17087537984512846,0.46545244534258595,0.17117727749135328,0.17120263392058968,0.011927373347814284,0.004386532247762979
2.5390625,Inspiration,False,False,False,False,True,False,False,False,0.0005664308403080623,0.0015403841488615148,0.16272964720530828,0.16345101949768814,0.44464849960633657,0.060129424288053256,0.16273323734082093,0.004201357072623221
2.578125,Inspiration,False,False,False,False,True,False,False,False,0.0077627778729041025,0.00285406558579191,0.0028645474157883424,0.007762921140702627,0.8235119378883103,0.11143177187211878,0.002854953283641462,0.04095702494074238
2.6171875,Inspiration,False,False,False,False,True,False,False,False,0.006105909204543339,0.0008266473669773287,0.017062772060932395,0.0008263760096625158,0.6483342902176461,0.2384279543038675,0.0008263078755723527,0.08758974296079844
2.65625,Inspiration,False,False,False,False,True,False,False,False,0.004952368439853867,0.0049602523803356675,0.0708324419700342,0.004951073890876189,0.5255652474968466,0.19284549777948493,0.004956591782484466,0.1909365262600841
2.6953125,Inspiration,False,False,False,False,True,False,False,False,0.00786045515491117,0.007860176723852268,0.021396967869139284,0.007857092708006195,0.8340289991115819,0.11274163165653411,0.00039092615092555096,0.0078637506250496
2.734375,Inspiration,False,False,False,False,True,False,False,False,0.03411279962742776,0.017572885193786598,0.002374444431279982,0.0008733207613049731,0.6856771627934864,0.2520607127124719,0.0008733010944846593,0.006455373385757746
2.7734375,Inspiration,False,False,False,False,True,False,False,False,0.03396103200926036,0.006468211481483957,0.0008734656179324775,0.002375016218738884,0.6857231414749834,0.25217741892764456,0.01754805909701988,0.000873655172936462
2.8125,Inspiration,False,False,False,False,True,False,False,False,0.002423687079727675,0.012689126734268898,0.006598116830272634,0.002424283099332382,0.6997970370759798,0.2572620162552601,0.01791345637871086,0.0008922765464474833
2.8515625,Inspiration,False,False,False,False,True,False,False,False,0.0077939494482872846,0.11170283740890732,0.00286576844172659,0.0003875464309022587,0.8270413094552471,0.021214686545105554,0.021190171715259987,0.007803730554563953
2.890625,Inspiration,False,False,False,False,True,False,False,False,0.034039027950866066,0.2521350517460785,0.0003214053047425914,0.002375943232262499,0.6858771361309498,0.012323290675666614,0.006468701852995473,0.006459443106438424
2.9296875,Inspiration,False,False,False,False,True,False,False,False,0.034066079735087886,0.006472764243762786,0.0008732235659684517,0.0023742091309042358,0.6855914932866252,0.2521755914699875,0.017573162004927038,0.0008734765627368915
2.96875,Amusement,True,False,False,False,False,False,False,False,0.39731909787137704,0.019493965310542805,0.027662864788061327,0.00137548449930738,0.3973234196695898,0.14615249511059855,0.010166547240208434,0.0005061255103145476
3.0078125,Amusement,True,False,False,False,False,False,False,False,0.41309363036543184,0.055547386006488744,0.0014305889502537743,0.0038884434085901982,0.4131985513122592,0.055844014072137606,0.05556687973326759,0.001430506151570972
3.046875,Inspiration,False,False,False,False,True,False,False,False,0.09835097920026036,0.09832049402348998,0.0003409010352577563,0.0025205727994230434,0.7271559107160591,0.03619394111053045,0.036190569071035295,0.0009266320439438748
3.0859375,Amusement,True,False,False,False,False,False,False,False,0.38910429971888344,0.01932792963191623,0.0036647673118906363,0.0036672241639410024,0.14219468271584015,0.38915966663651846,0.052385552728480646,0.0004958770925294605
3.125,Amusement,True,False,False,False,False,False,False,False,0.3604070897205093,0.3601833670797373,0.0004591387629506395,0.0012480557482851726,0.009233530131583938,0.13254165877152005,0.1325334158467733,0.0033937439386403844
3.1640625,Amusement,True,False,False,False,False,False,False,False,0.5877548816963406,0.0150770161882057,0.015054980374447524,0.0020349312807732677,0.07876829708192228,0.21625854148074627,0.07952030770317221,0.005531044194392133
3.203125,Joy,False,False,False,False,False,True,False,False,0.11231212238607736,0.0010578793909032358,0.021360563092814942,0.002874962368730682,0.021271836810057954,0.8304124512818511,0.00783586103692616,0.00287432363263857
3.2421875,Disgust,False,False,True,False,False,False,False,False,0.2346979011781084,0.0022110625627275566,0.6379537802694079,0.00029898443353569966,0.006004474437856094,0.0863636397387673,0.03165735095690791,0.0008128064226889621
3.28125,Amusement,True,False,False,False,False,False,False,False,0.6163649189799347,0.030588685925690674,0.015969649867851154,0.00580433687507406,0.01577324148208515,0.08328109397299882,0.22641698393530763,0.005801088961057738
3.3203125,Amusement,True,False,False,False,False,False,False,False,0.42653555216993866,0.004022947988207977,0.05304771879692065,0.05751481197351493,0.010922140184987824,0.4266656564169759,0.02074774138650433,0.0005434310829497032
3.359375,Disgust,False,False,True,False,False,False,False,False,0.015987174195605615,0.0011163001411960537,0.32202850569541025,0.3217743880955569,0.00824472443502705,0.32217767999309654,0.008260776277166634,0.0004104511669410127
3.3984375,Fear,False,False,False,True,False,False,False,False,0.03938015288698945,0.1067376387462918,0.01444159202463246,0.791260593419033,0.0010084186464511173,0.005307778389393933,0.039112707305788745,0.002751118581419538
3.4375,Fear,False,False,False,True,False,False,False,False,0.1088272110116878,0.021261000457096654,0.0027891417153274017,0.804000188962566,0.0027874738220503826,0.056522828371814014,0.001025200722560303,0.002786954936897387
3.4765625,Fear,False,False,False,True,False,False,False,False,0.09740475847422027,0.0003489240646250341,0.10064184565378254,0.7440119343374422,0.01361607195386803,0.03601883636058811,0.00700947331367602,0.0009481558417978338
3.515625,Fear,False,False,False,True,False,False,False,False,0.002225104530461514,0.000816115260598656,0.23552510565828366,0.6404280713209006,0.0022271447498312296,0.03166501130175228,0.0008159366816518006,0.08629751049652012
3.5546875,Fear,False,False,False,True,False,False,False,False,0.034138981626556486,0.002450323218529711,0.25278416754993,0.6873735787745194,0.0008756057068094902,0.0023805434825233903,0.0023814739592531585,0.017615325681878333
3.59375,Fear,False,False,False,True,False,False,False,False,0.0023617448331577926,0.0023624068300704274,0.250638500251602,0.6815070694551589,0.01239349881387447,0.0023641681047239784,0.000868938193296497,0.04750367351811579
3.6328125,Disgust,False,False,True,False,False,False,False,False,0.0009447523943463413,0.000944663095373798,0.7414734529430524,0.10034529821744921,0.1002486590493189,0.03598214778839484,0.0009448785925255715,0.019116147919538903
3.671875,Fear,False,False,False,True,False,False,False,False,0.002422473240732141,0.002420590735667641,0.2571039421856217,0.6989496008879785,0.0008902130651469542,0.01789227320951694,0.002421603364860863,0.017899303310475116
3.7109375,Fear,False,False,False,True,False,False,False,False,0.007939602963161848,0.0029128150170066687,0.11363659338033336,0.8402049805497,0.007931561085397653,0.021542206460806502,0.002910016194106024,0.00292222434948794
3.75,Inspiration,False,False,False,False,True,False,False,False,0.023317907076724643,0.002784743888762588,0.10849098695758479,0.03976327295164909,0.803023875868253,0.020571699106195714,0.001023932836568567,0.001023581314261565
3.7890625,Fear,False,False,False,True,False,False,False,False,0.0012558070549407317,0.0034136290915777793,0.13319617979741227,0.36225917688523684,0.13329991299196575,0.0034174423416170763,0.3619016064389456,0.0012562453983038983
3.828125,Disgust,False,False,True,False,False,False,False,False,0.00039144162376833627,0.007864615014649178,0.8336972150178412,0.00787181240842599,0.11273137695688086,0.008002549212260218,0.02147451538233036,0.007966474383843873
3.8671875,Fear,False,False,False,True,False,False,False,False,0.0018087689836867923,0.004920958577992734,0.06916843051666129,0.5217749769407317,0.19192779539363872,0.19196254635397714,0.0049667603862543095,0.013469762847057377
3.90625,Inspiration,False,False,False,False,True,False,False,False,0.002222941901499199,0.0008176024292031655,0.08640768581369727,0.23437466265034618,0.6412902959672101,0.03184504790735022,0.0008188546193141246,0.00222290871137976
3.9453125,Inspiration,False,False,False,False,True,False,False,False,0.006400709764959214,0.0008666800735329959,0.04742774530451367,0.0023563835085415644,0.6797806244396574,0.25004727787851355,0.0008667393873852461,0.012253839642896303
3.984375,Joy,False,False,False,False,False,True,False,False,0.0061702319281615675,0.006165515845988893,0.0022662425886307356,0.0003065758529588466,0.2405597566594571,0.654046141244443,0.002265914436151166,0.08821962144420868
4.0234375,Inspiration,False,False,False,False,True,False,False,False,0.008450346561877226,0.003120813593682341,0.008457750530493885,0.008454161072195958,0.8968646487900808,0.06306622401099224,0.008473375969959734,0.0031126794707178416
4.0625,Inspiration,False,False,False,False,True,False,False,False,0.006631309138509687,0.0024396649442471937,0.01802579464023214,0.002439235738045037,0.704077819096073,0.25883615032146934,0.0008970415268239534,0.0066529845945994546
4.1015625,Amusement,True,False,False,False,False,False,False,False,0.40102647060448715,0.027987247885077206,0.001388880507343135,0.01026521500106363,0.40107626515973044,0.1474744997831318,0.0005109244241179152,0.010270496635048764
4.140625,Anger,False,True,False,False,False,False,False,False,0.010067590431128634,0.3922227919146079,0.0005004234252355851,0.003707118561479633,0.3925313347896296,0.14436437748741762,0.0037013842153322796,0.05290497917516868
4.1796875,Inspiration,False,False,False,False,True,False,False,False,0.008680174055258236,0.0031910260854329207,0.008665031635003161,0.008665184635837302,0.9197796384165113,0.024230973086443126,0.0031853280631010932,0.023602644022412796
4.21875,Inspiration,False,False,False,False,True,False,False,False,0.04240412081459949,0.01558075310475483,0.02192384914822756,0.0010873432162256261,0.8537860624719963,0.04227815819180149,0.02185177350314731,0.001087939549247397
4.2578125,Inspiration,False,False,False,False,True,False,False,False,0.1022592270776647,0.1030018506574672,0.0003571704637954676,0.00264063995068642,0.7623216068552181,0.007231608237735125,0.01954806158673107,0.0026398351707019392
4.296875,Inspiration,False,False,False,False,True,False,False,False,0.017884793914675134,0.006574711515265612,0.0008876952193448291,0.0024141280081583154,0.6970856301976882,0.25641423584033785,0.017850797311109525,0.0008880079934204388
4.3359375,Joy,False,False,False,False,False,True,False,False,0.18764496625375895,0.06876222548087131,0.004804429348694809,0.004802433946437326,0.18764056873483967,0.5101570066596013,0.03553849240138091,0.0006498771744157626
4.375,Anger,False,True,False,False,False,False,False,False,0.138612233982739,0.376985939689229,0.00048042213836982524,0.0035499882883371203,0.0509660840972076,0.3771138897629933,0.05098538856306141,0.0013060534780628666
4.4140625,Anger,False,True,False,False,False,False,False,False,0.033423334788427635,0.68261588701549,0.0008696485034358131,0.012258915151431269,0.0064489546156631,0.012418149058433792,0.2510953620117439,0.0008697488553743572
4.453125,Joy,False,False,False,False,False,True,False,False,0.02284994833802989,0.16880726398296095,0.004346660257679199,0.16974813410925946,0.0015990363966592082,0.4616143047024055,0.1694355918877415,0.0015990603252643138
4.4921875,Anger,False,True,False,False,False,False,False,False,0.03128162205061003,0.6347985814357155,0.0002976659512520056,0.011201127494549388,0.0022159331888314702,0.08590051474308007,0.23349539331968325,0.0008091618162781171
4.53125,Amusement,True,False,False,False,False,False,False,False,0.3770641416066465,0.3768875512213818,0.0013057208436562389,0.0035494735316675815,0.05095576709760613,0.138723238487494,0.05103386233114536,0.000480244880402443
4.5703125,Joy,False,False,False,False,False,True,False,False,0.10062511956207941,0.0009467189771731126,0.10062114990134088,0.0009466052988179631,0.03701751446936986,0.7436529571776531,0.013616777570413664,0.002573157043152024
4.609375,Joy,False,False,False,False,False,True,False,False,0.1024738286914329,0.0009637964058568952,0.10248397130361135,0.0009637720023167327,0.019364452117274028,0.7572703990091822,0.013859970242636218,0.002619810227689584
4.6484375,Amusement,True,False,False,False,False,False,False,False,0.32307572348594293,0.0011176713840276493,0.32307732458343785,0.0030381913487080373,0.02245825745820353,0.32307700532402434,0.003038155278608137,0.001117671137047422
4.6875,Joy,False,False,False,False,False,True,False,False,0.17161476845612236,0.001613843676038202,0.17161479334025118,0.011926123117630222,0.17073220236433587,0.4664975731931787,0.004386862821750374,0.0016138330306930176
4.7265625,Disgust,False,False,True,False,False,False,False,False,0.011707677300331341,0.03179609860891277,0.45721271806916935,0.004301987517330703,0.4573079409746848,0.03178868153313537,0.004302424567335662,0.0015824714291000571
4.765625,Joy,False,False,False,False,False,True,False,False,0.23467518144142996,0.0008118656044574867,0.08633148727111059,0.002206945951600717,0.03175847631347694,0.6379182745837101,0.005999101332657531,0.00029866750155659315
4.8046875,Amusement,True,False,False,False,False,False,False,False,0.36030239705173656,0.0012464469905659578,0.13254695009036807,0.0033882356038689686,0.13254416424505178,0.36030315802128726,0.009210107761086798,0.0004585402360345546
4.84375,Amusement,True,False,False,False,False,False,False,False,0.360302657542963,0.0004585419199602097,0.13254608831374742,0.009210216083549874,0.1325454668984809,0.36030239567748806,0.003388190792920805,0.0012464427708897602
4.8828125,Amusement,True,False,False,False,False,False,False,False,0.3603060909496996,0.000458551311059691,0.13254731255053542,0.0033882856731769083,0.13253797442165263,0.36030503543226033,0.009210284017630757,0.0012464656439846217
4.921875,Joy,False,False,False,False,False,True,False,False,0.2391442359893357,0.002248952155102383,0.011905083994842386,0.006113351775606241,0.0879721194498658,0.6500629341181834,0.002248965081693336,0.0003043574353706913
4.9609375,Joy,False,False,False,False,False,True,False,False,0.23856573366675188,0.00030364845816980597,0.011870272613563701,0.006099268595323059,0.08775440111826217,0.6484824029743248,0.0060988933103724744,0.0008253792632319138
5.0,Amusement,True,False,False,False,False,False,False,False,0.6674956560633897,0.0003127049369221336,0.0330958525754729,0.017204560731358495,0.24551124323414153,0.033219419140976564,0.0008500095336039736,0.002310553784134574
5.0390625,Disgust,False,False,True,False,False,False,False,False,0.0008225468043856316,0.000822644012549704,0.6459987856510364,0.23764669186017756,0.0008231627061572733,0.01027853640675291,0.016531448074831045,0.08707618448410963
5.078125,Disgust,False,False,True,False,False,False,False,False,0.01030687101604465,0.003788092055128237,0.4027210061778244,0.40269439612193775,0.028048372694825352,0.14814035303213086,0.0005126461903323097,0.0037882627117764244
5.1171875,Disgust,False,False,True,False,False,False,False,False,0.1930479815257521,0.000668064208329668,0.524878224638775,0.013432934622480311,0.03658771408961282,0.19309172080074874,0.036477359426072754,0.0018160006882285238
5.15625,Disgust,False,False,True,False,False,False,False,False,0.16847221442826163,0.0015844868971087818,0.45798277049911335,0.03185076133743845,0.16845645041624924,0.1684843238736678,0.0015844832592928901,0.0015845092888677624
5.1953125,Amusement,True,False,False,False,False,False,False,False,0.4445888739295804,0.001538157793608804,0.0601654639301382,0.16353363188343856,0.16354328509679888,0.16355431828911415,0.001538140871315136,0.0015381282060058657
5.234375,Amusement,True,False,False,False,False,False,False,False,0.3929098510023527,0.0013593768410812088,0.05317373749843597,0.010046155790486016,0.14454151099653473,0.39291481176752013,0.003695173870485081,0.001359382233104251
5.2734375,Amusement,True,False,False,False,False,False,False,False,0.36212572322642467,0.0012528362334482458,0.13321683504408546,0.0034057452150891613,0.13321134184074973,0.36212911395491576,0.003405572911056929,0.0012528315742300483
5.3125,Amusement,True,False,False,False,False,False,False,False,0.36079132808321207,0.001248235610040942,0.13272196572973688,0.009224484014826038,0.13272155121258478,0.36079600221114927,0.0012482198267757304,0.0012482133116742012
5.3515625,Amusement,True,False,False,False,False,False,False,False,0.3607975703744,0.0012482379065612303,0.1327219685046071,0.009224892382822984,0.3607825743306562,0.1327283012021309,0.0012482289705358575,0.0012482263282858255
5.390625,Amusement,True,False,False,False,False,False,False,False,0.36213483077914205,0.0012529103794920288,0.1332069542961956,0.0034058415959868304,0.1332116590991519,0.3621292295153068,0.003405699737116823,0.0012528745976079791
5.4296875,Amusement,True,False,False,False,False,False,False,False,0.392919424642282,0.0013596219482814149,0.053158682849487035,0.010046345223197452,0.14453725475260626,0.3929235139081492,0.0036956567998246907,0.0013594998761719697
5.46875,Amusement,True,False,False,False,False,False,False,False,0.6560513260735822,0.0022706414722300935,0.006175218397330889,0.0022703013331352834,0.2413519217182626,0.08877520553203562,0.0008351418558069486,0.0022702436176163915
5.5078125,Amusement,True,False,False,False,False,False,False,False,0.4096093948345178,0.003855111748926991,0.0038538730385439955,0.010476711194858782,0.40963818745440295,0.15067214899152323,0.010476837658033445,0.001417735079192875
5.546875,Amusement,True,False,False,False,False,False,False,False,0.4033104265418462,0.010324590290146587,0.0013963889310466767,0.0037949822208313087,0.40336047789920465,0.1483537610420454,0.02806329495770879,0.0013960781171703884
5.5859375,Amusement,True,False,False,False,False,False,False,False,0.3865856219814741,0.05226247422881472,0.001339981588281653,0.003638173885611505,0.38662083778982353,0.142162242139348,0.02689827760448973,0.0004923907821566755
5.625,Inspiration,False,False,False,False,True,False,False,False,0.10075057228627471,0.10084059123684241,0.0009503866152600065,0.00034950715752725,0.7460603472102153,0.007033112487537156,0.03698781811668272,0.007027664889660439
5.6640625,Anger,False,True,False,False,False,False,False,False,0.0036704442621961516,0.3889114283371013,0.0004964456832253165,0.01924989807735209,0.389217334827548,0.14311448059738727,0.003673419983686793,0.05166654823150301
5.703125,Amusement,True,False,False,False,False,False,False,False,0.6757323875414482,0.09085177497603684,0.006371155489710893,0.03338289912823224,0.07296701977372333,0.017338847599644498,0.01219655611229125,0.09115935937891276
5.7421875,Sadness,False,False,False,False,False,False,True,False,0.00776246487196919,0.11110774897648894,0.007778835547984437,0.002858124433792118,0.0409846361028574,0.0028626220068450987,0.8237922432888766,0.0028533247711862598
5.78125,Fear,False,False,False,True,False,False,False,False,0.0043409871767362985,0.011839965554320025,0.011808722820322266,0.46102718495719214,0.02293042126653704,0.02292130887166656,0.0043440688644119764,0.46078734048881365
5.8203125,Fear,False,False,False,True,False,False,False,False,0.08795911205093615,0.0022514544028812977,0.0022508466273243742,0.6501865865483036,0.01189466411288053,0.2390325184442164,0.0003045631850836983,0.00612025462837401
5.859375,Amusement,True,False,False,False,False,False,False,False,0.49520664259214336,0.001715028118293021,0.18058692901194784,0.06701359824255501,0.18224831502532168,0.06685074100009623,0.00466337457844121,0.0017153714312016781
5.8984375,Amusement,True,False,False,False,False,False,False,False,0.3553042414756039,0.009098870163241301,0.024776147263270643,0.35549912698800284,0.04808309754910026,0.13083123827932275,0.06730840514796302,0.009098873133495257
5.9375,Amusement,True,False,False,False,False,False,False,False,0.3616713269155508,0.003403263254567394,0.003403240818427664,0.1330252007594641,0.3616030802384275,0.13303086921623145,0.00046046881637842966,0.003402549980952517
5.9765625,Amusement,True,False,False,False,False,False,False,False,0.6381814094960141,0.0022085819934777803,0.0008126093802397549,0.08634572375112608,0.2347710927087933,0.03137778715906221,0.0002988956810805782,0.006003899830206175
6.015625,Amusement,True,False,False,False,False,False,False,False,0.5075131203375386,0.012980413786339328,0.004774849375661317,0.09597354859209066,0.18664576733279398,0.186689137440895,0.004777083653118392,0.0006460794815629047
6.0546875,Amusement,True,False,False,False,False,False,False,False,0.3866352496719513,0.0036390107570191477,0.003638479613904822,0.07316712084107325,0.3865813594141438,0.14220859137294303,0.000492321478472268,0.0036378668504924404
6.09375,Amusement,True,False,False,False,False,False,False,False,0.6544858939011273,0.0008334079269829983,0.0022655638917788014,0.08850725496149095,0.24075665995156123,0.006160104623140767,0.0008333094230829925,0.006157805320834978
6.1328125,Amusement,True,False,False,False,False,False,False,False,0.6395859766848503,0.0022143984448424656,0.002213910602027424,0.0317262677391531,0.23524086651872345,0.08650475758041705,0.0022142607325821234,0.0002995616974041207
6.171875,Amusement,True,False,False,False,False,False,False,False,0.4152658746766126,0.00391193934574705,0.0005288998774823416,0.029099516706658064,0.4149018077686822,0.05615949251119328,0.07869450462227837,0.0014379644913460738
6.2109375,Amusement,True,False,False,False,False,False,False,False,0.6673783106100472,0.002311126020285511,0.0023119122240544284,0.03314886735022107,0.24550458753300625,0.046722236671853386,0.0003126527939765337,0.002310306796555787
6.25,Fear,False,False,False,True,False,False,False,False,0.03344784683106821,0.00031584577496072394,0.24783270795689527,0.6738337543229646,0.03354296805077871,0.006359931310596045,0.0023337121218620646,0.0023332336308744114
6.2890625,Fear,False,False,False,True,False,False,False,False,0.0008303362146952143,0.011722922492410866,0.23951810314091143,0.6511915796181306,0.00082936300442332,0.002255593698476013,0.006133707541137529,0.08751839428981505
6.328125,Fear,False,False,False,True,False,False,False,False,0.000889895539682667,0.006571766150897931,0.2563827133393621,0.697134053695868,0.0008887561562995926,0.017851749497863643,0.0024173345966462313,0.017863731023379733
6.3671875,Disgust,False,False,True,False,False,False,False,False,0.0003696176983808819,0.002731845163048814,0.7889007766233382,0.10674525228063013,0.039198749726411936,0.039098462484428054,0.020221321369847688,0.0027339746539142857
6.40625,Fear,False,False,False,True,False,False,False,False,0.007176314351111383,0.0009710668190593786,0.1031540782454321,0.7624334969851873,0.0026422077122164184,0.019589825846540457,0.0009711668421944,0.10306184319825856
6.4453125,Fear,False,False,False,True,False,False,False,False,0.022168540617318423,0.0010962965351851198,0.04277247074747229,0.8602168366153239,0.02211416763072119,0.00811440135661268,0.0010964837348339375,0.04242080276253249
6.484375,Fear,False,False,False,True,False,False,False,False,0.0005930667671374993,0.004384821682741483,0.1711531403801185,0.46536546617863256,0.17109033297036022,0.17105001449006876,0.004388879505707765,0.011974278025233265
6.5234375,Disgust,False,False,True,False,False,False,False,False,0.0003482704481407854,0.0025742008118002408,0.7431154806218627,0.10057711704533534,0.10048598088827317,0.013510434415203006,0.03681287828354535,0.002575637485839555
6.5625,Amusement,True,False,False,False,False,False,False,False,0.38655693697468907,0.001338191898632112,0.026919469988995064,0.05230425403372437,0.38655604578324904,0.14219405643593025,0.0004922417026373781,0.0036388031821426906
6.6015625,Amusement,True,False,False,False,False,False,False,False,0.4950619912891775,0.001713907088815261,0.06566745609907679,0.06698277706611735,0.18209462815683666,0.18210540992492932,0.0046601104718921055,0.0017137199031550619
6.640625,Amusement,True,False,False,False,False,False,False,False,0.40513067679074655,0.0014046712136216461,0.016323742220951194,0.010465229699344134,0.14922648262050603,0.4056615226022165,0.0014045329450609718,0.010383141907552962
6.6796875,Amusement,True,False,False,False,False,False,False,False,0.3849066779651313,0.0013337265091053019,0.009864657346041285,0.07299399476876339,0.3851523570803146,0.14163289727591935,0.0004904242997223744,0.003625264755002336
6.71875,Amusement,True,False,False,False,False,False,False,False,0.6537972250992851,0.006158834740356862,0.002264325410240993,0.002264407378034564,0.24057097616240403,0.08848254881354002,0.000306343154071994,0.006155339242066518
6.7578125,Inspiration,False,False,False,False,True,False,False,False,0.018772491618574447,0.03381150054174928,0.0003197841805126076,0.006427019759001861,0.6824194537978678,0.25095520201654603,0.006425115592792406,0.0008694324929554729
