time_sec,pred_label,Amusement,Anger,Disgust,Fear,Inspiration,Joy,Sadness,Tenderness,prob_Amusement,prob_Anger,prob_Disgust,prob_Fear,prob_Inspiration,prob_Joy,prob_Sadness,prob_Tenderness
0.0390625,Joy,False,False,False,False,False,True,False,False,0.04225375827545776,0.22347645193728433,0.015541898658770065,0.01109449855884804,0.0021029989841408326,0.6077458299542301,0.015541428705574926,0.08224313492569382
0.078125,Inspiration,False,False,False,False,True,False,False,False,0.006443927203453722,0.0339148743450027,0.01752361565743365,0.0023709852970359635,0.6850531083846888,0.25200133194189916,0.00032081455351949,0.0023713426169665315
0.1171875,Amusement,True,False,False,False,False,False,False,False,0.7616067872178962,0.002637467958719707,0.10306595258236961,0.007168236751698799,0.01947902900310492,0.10304839498631437,0.0026374458808469886,0.00035668561904935787
0.15625,Joy,False,False,False,False,False,True,False,False,0.1451378925123476,0.0013709815995601093,0.0037210501311667967,0.0037264683228320442,0.0037201315556671787,0.3953072010766421,0.3952021801103744,0.05181409469140981
0.1953125,Joy,False,False,False,False,False,True,False,False,0.002274801262590818,0.0003065638892264113,0.24024513966332778,0.0022651605286496674,0.08847951284797305,0.6541031641407129,0.006167492642174965,0.006158165025344349
0.234375,Amusement,True,False,False,False,False,False,False,False,0.4099682570691138,0.010610450131078891,0.0075029123922626334,0.0038689292546390764,0.0038621256254929405,0.1505347693854759,0.4097913663683076,0.003861189773629099
0.2734375,Amusement,True,False,False,False,False,False,False,False,0.6651546277088333,0.006286073378951898,0.006284071890638291,0.08981857571650545,0.0062670312419290065,0.09002109668836382,0.08964931641076437,0.04651920696401384
0.3125,Fear,False,False,False,True,False,False,False,False,0.16975218887820873,0.0016192198489517018,0.012056282815950295,0.46714612364985575,0.17154430268947893,0.1718618857760629,0.0016189822209104281,0.004401014120581197
0.3515625,Fear,False,False,False,True,False,False,False,False,0.00234957992116497,0.0008639278606702959,0.24908583420939742,0.6776710166066622,0.004540439910978526,0.017368233381107236,0.0008636509267917281,0.04725731718322748
0.390625,Fear,False,False,False,True,False,False,False,False,0.04199384833132916,0.041858992850284764,0.040089114263584226,0.8440560515277804,0.001075263100091899,0.0010756198225875234,0.008178351665945292,0.021672758438396795
0.4296875,Fear,False,False,False,True,False,False,False,False,0.1041237420397423,0.000983989359812526,0.1042306939645889,0.7707582439984006,0.0026736290402229646,0.007293624201013692,0.002674994221251586,0.007261083174967474
0.46875,Fear,False,False,False,True,False,False,False,False,0.18789785906048306,0.004812002354679195,0.09706692911237304,0.5109741097993562,0.18785700329814506,0.004811328271071587,0.0017704602039630023,0.004810307899929042
0.5078125,Fear,False,False,False,True,False,False,False,False,0.031761516815555405,0.00030000532816917803,0.23539505118766538,0.639623473283284,0.002215872600234406,0.0022193336223088915,0.08626839009831982,0.0022163570644629024
0.546875,Disgust,False,False,True,False,False,False,False,False,0.0009725904741498965,0.007214146986110977,0.7623774100370047,0.10314577221289926,0.0009715715342522187,0.10309172658604979,0.0026434261306050063,0.01958335603892827
0.5859375,Disgust,False,False,True,False,False,False,False,False,0.002269311724431675,0.0008349641329471641,0.6544880721799716,0.24071032017120056,0.0885284767515305,0.006165527928931099,0.0008345019449635552,0.006168825166023858
0.625,Fear,False,False,False,True,False,False,False,False,0.0008260486408732337,0.0003038328616931592,0.23836157705139202,0.6478635043754,0.016599472489259033,0.0022458536603197775,0.08766859527785839,0.00613111564320437
0.6640625,Joy,False,False,False,False,False,True,False,False,0.00036632782432104985,0.02002981600277967,0.10561187949429934,0.014171634701613983,0.0009959087555412845,0.7811902914601685,0.03881923642398642,0.038814905337289714
0.703125,Fear,False,False,False,True,False,False,False,False,0.004663352034669341,0.0017172336088451144,0.06678348039530203,0.49495719007289896,0.1820166006351556,0.06689290658188879,0.001717828506111139,0.18125140816512914
0.7421875,Inspiration,False,False,False,False,True,False,False,False,0.001713607266984314,0.0017156570649434525,0.06670854200395115,0.0667086352653563,0.4947744664274725,0.18183248888305964,0.004661173138551503,0.18188542994968107
0.78125,Inspiration,False,False,False,False,True,False,False,False,0.006164335657597441,0.0003068572375349825,0.0877748476251954,0.0022681537111377183,0.6543457976633467,0.24058883370906586,0.006166635748644511,0.0023845386474775623
0.8203125,Inspiration,False,False,False,False,True,False,False,False,0.016603764468142487,0.002246640693187439,0.006131963726887136,0.0003037668824640053,0.6479692202089357,0.23830505645904065,0.0008258804236993692,0.08761370713764344
0.859375,Inspiration,False,False,False,False,True,False,False,False,0.0008661677846265858,0.0008671325739726572,0.0064129078661760265,0.002355576221325868,0.6797509704753828,0.2499124151290039,0.047455991214806974,0.012378838734705206
0.8984375,Inspiration,False,False,False,False,True,False,False,False,0.0027899374084800507,0.00102686918981143,0.02063925828816454,0.05607074691621445,0.8052041201887677,0.10867801651787705,0.0027891158402520116,0.0028019356504326936
0.9375,Inspiration,False,False,False,False,True,False,False,False,0.23832936306725958,0.006113011630267506,0.002244170353268326,0.00030363767519154714,0.6480690808187358,0.0874945326483697,0.0008253240179254448,0.01662087978898201
0.9765625,Inspiration,False,False,False,False,True,False,False,False,0.03357581434491531,0.03293915210734695,0.0008599064621916632,0.00233778507432356,0.6749301532970102,0.24814202929917747,0.006355281219717719,0.0008598781953170984
1.015625,Amusement,True,False,False,False,False,False,False,False,0.5355409105723199,0.005044947360837364,0.013723072948105815,0.013703818442500505,0.19704503031727785,0.19695567578973802,0.037304373657098266,0.0006821709121222713
1.0546875,Inspiration,False,False,False,False,True,False,False,False,0.1474601846885306,0.010293362639219535,0.027920968632212606,0.0013886832178636379,0.4011052915632669,0.40105798344612914,0.010262490324461275,0.0005110354883162856
1.09375,Inspiration,False,False,False,False,True,False,False,False,0.10207607598403597,0.10223370455009989,0.00035474721357003637,0.0026223493311746185,0.7567181785748783,0.013850030239932587,0.019522173413113714,0.0026227406931948354
1.1328125,Joy,False,False,False,False,False,True,False,False,0.040293982879574364,0.007642975454603523,0.007632546752150786,0.0028078363712407996,0.10966530829095938,0.8107859101671461,0.02079154142648062,0.00037989865784445403
1.171875,Joy,False,False,False,False,False,True,False,False,0.1019847904412275,0.013788125513520473,0.00713967055951553,0.0009610400556515409,0.10197950303600599,0.754460186258603,0.019333072716704078,0.0003536114187718849
1.2109375,Sadness,False,False,False,False,False,False,True,False,0.08648441459387259,0.2354738546176267,0.002217556846845662,0.0008157843755638721,0.03182924220031309,0.0022315060909316215,0.6401317049220172,0.0008159363528292495
1.25,Anger,False,True,False,False,False,False,False,False,0.0017716856275450427,0.5112729399961601,0.0017720032910898023,0.18811146017488103,0.18746145569262848,0.06905905254009735,0.0357314174282498,0.004819985249348333
1.2890625,Fear,False,False,False,True,False,False,False,False,0.035908294271038366,0.09835880930124487,0.002520855874639213,0.7278111407693248,0.03569453721800766,0.09843651012924001,0.0009285774865612465,0.0003412749499438043
1.328125,Anger,False,True,False,False,False,False,False,False,0.002216503129881138,0.6378732207357429,0.0008133637884274483,0.08629129173389685,0.0060218478238866485,0.03174885769805584,0.23473568795187794,0.0002992271382312275
1.3671875,Sadness,False,False,False,False,False,False,True,False,0.013918392549410581,0.10309960714563998,0.00035727109107085213,0.007196360798460517,0.002640891044226884,0.10318065100808603,0.7624234686514492,0.00718335771165608
1.40625,Fear,False,False,False,True,False,False,False,False,0.05339982082886665,0.0037264569121176036,0.0013684926714045865,0.3939650841488097,0.0037207027349686274,0.3951211686163262,0.14497650711252835,0.003721766974978252
1.4453125,Joy,False,False,False,False,False,True,False,False,0.08643602995452403,0.0008146411690840302,0.031755458186991166,0.0008139816199841578,0.0008139024046387259,0.6390545538553486,0.23426293526652578,0.006048497542903477
1.484375,Amusement,True,False,False,False,False,False,False,False,0.44947735358225877,0.0042307261553700725,0.4493954895821772,0.0015557759962357128,0.01149744243083753,0.06082888520049596,0.011518810487346027,0.011495516565278734
1.5234375,Amusement,True,False,False,False,False,False,False,False,0.4418366560219691,0.0015296014308662162,0.0597907980818996,0.030735675143718093,0.011303059857912672,0.4419379831548771,0.011336859503784538,0.0015293668049726056
1.5625,Disgust,False,False,True,False,False,False,False,False,0.03441417551289138,0.0008814649828469504,0.6922134519132933,0.006515417676861661,0.00239571741192829,0.2546665246222818,0.006517446847575849,0.002395801032320825
1.6015625,Disgust,False,False,True,False,False,False,False,False,0.003838632291003211,0.0038383119575520286,0.4075963504891544,0.4072449005779786,0.0038353475843846316,0.02027076339069228,0.0038358958357202467,0.14953979787351449
1.640625,Fear,False,False,False,True,False,False,False,False,0.10071105827330143,0.10014122243610508,0.036737417266116096,0.7444139030639935,0.0009481843801693545,0.0025808866207620144,0.0009492193323908704,0.013518108627161674
1.6796875,Fear,False,False,False,True,False,False,False,False,0.006714364897178781,0.0066917739906133455,0.26089617586756,0.7094085050579735,0.0024574657263360463,0.004687046526747634,0.006687981786326192,0.002456686147264584
1.71875,Fear,False,False,False,True,False,False,False,False,0.004438717169358429,0.0023691146864635343,0.251719046872058,0.6841833175277443,0.002371096025249736,0.0064413623856411795,0.0008715520553863001,0.04760579327809854
1.7578125,Fear,False,False,False,True,False,False,False,False,0.012393004103819737,0.0023623993852454816,0.25068912968840484,0.6815035946256552,0.0008682396577304449,0.0023608811516790808,0.002360544141494365,0.04746220724597075
1.796875,Disgust,False,False,True,False,False,False,False,False,0.14773584878154425,0.0014010615243413736,0.40352612919254105,0.40358607633504284,0.028210372761334052,0.010340200486872127,0.0013982960754000127,0.0038020148429242975
1.8359375,Fear,False,False,False,True,False,False,False,False,0.011710369546738236,0.0008211216014895113,0.23693314791897974,0.6443035772427552,0.08719282651393259,0.016504644866939575,0.0003021704132319085,0.002232141895933328
1.875,Fear,False,False,False,True,False,False,False,False,0.0066783474435839155,0.0009032341323897059,0.26078138213457097,0.7089622975281211,0.006820595464782202,0.006676571332073558,0.006721347064875044,0.002456224899603516
1.9140625,Fear,False,False,False,True,False,False,False,False,0.014265243912093528,0.002711202550004915,0.038836670875911194,0.7822311118868606,0.000996899649320383,0.05462086650558598,0.0009973092437742593,0.10534069537644915
1.953125,Disgust,False,False,True,False,False,False,False,False,0.0005189724171608639,0.003837139930693072,0.40731626607519095,0.40730902043003486,0.14967204619810398,0.010466598074962414,0.010441466563175402,0.010438490310678578
1.9921875,Disgust,False,False,True,False,False,False,False,False,0.001349020097306895,0.001349158879906787,0.38931834828086603,0.3895269916900955,0.143208349457835,0.05224749796924758,0.0036697584182122955,0.019330875206529888
2.03125,Disgust,False,False,True,False,False,False,False,False,0.0005137652837855528,0.003798323332568944,0.40191471385800276,0.01035823807540325,0.14811862538594142,0.40293216825321726,0.028565115382403698,0.0037990504286770565
2.0703125,Joy,False,False,False,False,False,True,False,False,0.006014740964566111,0.002213595683590613,0.03171030727558616,0.0002995592869190131,0.23469701754302275,0.6381917468663368,0.0008144973382600615,0.08605853504171855
2.109375,Inspiration,False,False,False,False,True,False,False,False,0.0023988688154871485,0.002400748073567248,0.25421601192218135,0.006529887165556374,0.6925965991355055,0.03441148622023948,0.0008832208615440492,0.006563177805918913
2.1484375,Inspiration,False,False,False,False,True,False,False,False,0.007230058979388671,0.007237644986853873,0.0003598726825074554,0.0072353930344033895,0.7677024684247687,0.10379738826271363,0.0026590360132915714,0.10377813761607269
2.1875,Inspiration,False,False,False,False,True,False,False,False,0.2398678894270671,0.0008311793604698902,0.006149505489832989,0.006141157032184442,0.6523967623672664,0.08815468873769802,0.00030562653480333896,0.006153191050677883
2.2265625,Inspiration,False,False,False,False,True,False,False,False,0.11142354333540105,0.007766778613058919,0.0028545719502780257,0.007752900845675938,0.8237438139121404,0.040753247816550695,0.0028536378625557105,0.002851505664339391
2.265625,Inspiration,False,False,False,False,True,False,False,False,0.012375828355093184,0.006378826015349776,0.047650599315015196,0.0008627902804261301,0.6773526283574867,0.2486759696989891,0.006385999244054436,0.0003173587335855152
2.3046875,Inspiration,False,False,False,False,True,False,False,False,0.007839294129287881,0.014709533521727854,0.00784088481843045,0.0010599217765240602,0.8321982094685263,0.11212725941050053,0.021337563513553967,0.0028873333614490384
2.34375,Inspiration,False,False,False,False,True,False,False,False,0.00768231118341122,0.10778057329236605,0.0010397595532754635,0.002831966709611972,0.8159956580191284,0.04051017244040594,0.0028284823361747853,0.02133107646562625
2.3828125,Anger,False,True,False,False,False,False,False,False,0.05973929651823087,0.44653968924151777,0.004215917546707781,0.0042195050574326,0.44753457026871396,0.0220737265234235,0.011462396424305037,0.0042148984196684475
2.421875,Inspiration,False,False,False,False,True,False,False,False,0.00829686380515721,0.042690711625513036,0.022633942663469075,0.001095037575756198,0.8596843010567777,0.04248292935203244,0.022020880640565555,0.0010953332807287003
2.4609375,Amusement,True,False,False,False,False,False,False,False,0.3928272972068732,0.14452549681735774,0.0013610533396546146,0.0013608883171326565,0.392992314267922,0.010112461935939723,0.05312099245317508,0.0036994956619449708
2.5,Inspiration,False,False,False,False,True,False,False,False,0.006576964787127941,0.012317912997570573,0.006564131819565991,0.002417670663170667,0.6973924691648652,0.2565456005795374,0.017858463680102205,0.000326786308060134
2.5390625,Joy,False,False,False,False,False,True,False,False,0.16910341647777988,0.1692748317948218,0.004339187430797171,0.004376755459801124,0.1688294725516907,0.46074873550994255,0.022740355831767402,0.0005872449433994282
2.578125,Anger,False,True,False,False,False,False,False,False,0.009260940281659552,0.36021818168981995,0.003394211097934791,0.0012488185123850856,0.13245787540048426,0.13250780896380637,0.3604528628311025,0.00045930122280755226
2.6171875,Sadness,False,False,False,False,False,False,True,False,0.08630884467002525,0.23449366371752975,0.00029897820052705295,0.0008128962559325669,0.006046598378983874,0.031759586041887874,0.638069927797909,0.0022095049372046365
2.65625,Amusement,True,False,False,False,False,False,False,False,0.465133773727826,0.0043867880733579724,0.011909084403374397,0.004382761201644756,0.004382340057962455,0.46535999971456465,0.03253488337184626,0.011910369449423306
2.6953125,Amusement,True,False,False,False,False,False,False,False,0.7402916359403233,0.0009436922162151522,0.1000723969364428,0.00034684787958768785,0.01894138869651301,0.10018376054394781,0.0366562441525391,0.0025640336344310947
2.734375,Amusement,True,False,False,False,False,False,False,False,0.5395960079777158,0.013900794468344387,0.005087121686049856,0.0018681855913646721,0.037570074130604675,0.1984715755700224,0.1984271208586754,0.005079119717222892
2.7734375,Fear,False,False,False,True,False,False,False,False,0.057444850388767336,0.0014731963687081252,0.004001784668039238,0.4236015432741644,0.029603931972539195,0.42498373544148993,0.0574180453292512,0.001472912557040767
2.8125,Joy,False,False,False,False,False,True,False,False,0.06612982766915756,0.0006282927463315878,0.18119892666811643,0.17942448859882884,0.012632963611606419,0.49293166749261724,0.06534582030220135,0.0017080129111407322
2.8515625,Sadness,False,False,False,False,False,False,True,False,0.08884219481234511,0.046104506580317686,0.08892113662559353,0.011954683644477352,0.0022766218719044076,0.08882051857928482,0.6562435307859711,0.016836807100106127
2.890625,Fear,False,False,False,True,False,False,False,False,0.19068063269253166,0.013359871576273991,0.07007820591288497,0.5182974206683113,0.0017954426545677227,0.19068551829020727,0.013306862642984044,0.0017960455622388636
2.9296875,Fear,False,False,False,True,False,False,False,False,0.10097300340808338,0.00035081541236309705,0.1012223104008717,0.7479419562042507,0.007100853491282011,0.0372277415790894,0.002592083143292757,0.002591236360766954
2.96875,Fear,False,False,False,True,False,False,False,False,0.03399551200157189,0.002381274401359073,0.2528684072636012,0.6875066090566475,0.0023831388585182516,0.0023827109857429887,0.0008762210544330842,0.017606126378126075
3.0078125,Fear,False,False,False,True,False,False,False,False,0.043288673461094496,0.02258414118830368,0.04326248567582371,0.8703390216392498,0.0030150946719756646,0.008199445444962677,0.0011095107783598405,0.008201627140230087
3.046875,Fear,False,False,False,True,False,False,False,False,0.23140545934284143,0.006054328941093905,0.08669052223565188,0.6407756421524808,0.03173524866635647,0.0008170418555355017,0.00030036843588916956,0.002221388370150848
3.0859375,Disgust,False,False,True,False,False,False,False,False,0.042563561518504316,0.0004014937298061875,0.31474032164700705,0.31508093756129213,0.3150868183033977,0.008068702800575896,0.0010917299003985867,0.0029664345390182038
3.125,Fear,False,False,False,True,False,False,False,False,0.03165120924903005,0.0002994323288094494,0.2347598470475957,0.6380596663966263,0.0022109087112306596,0.0060375616683963265,0.08616768383063074,0.0008136907676809541
3.1640625,Amusement,True,False,False,False,False,False,False,False,0.28708270997252594,0.05631153226473413,0.05844629209180911,0.29028468584362244,0.007440577572125909,0.2902427867657986,0.0027405666145970363,0.007450848874786746
3.203125,Fear,False,False,False,True,False,False,False,False,0.011489858778310531,0.0008216416516971197,0.23711494352010165,0.644272215647215,0.08723438104265152,0.016531777328490233,0.00030217088565028975,0.002233011145883582
3.2421875,Fear,False,False,False,True,False,False,False,False,0.0008706524149014912,0.00032019994916673833,0.25126994427140287,0.6831402015383817,0.03398060771460651,0.0064472579848616285,0.017523488324932144,0.006447647801747036
3.28125,Fear,False,False,False,True,False,False,False,False,0.002117761759333634,0.005756983755946876,0.08237383496798414,0.6109297042375647,0.04278584482672744,0.22461183999215237,0.015761354525113278,0.015662675935177693
3.3203125,Fear,False,False,False,True,False,False,False,False,0.0005864967825094254,0.00433546785605912,0.1692692976016044,0.4602913393363872,0.1692902338238989,0.16924889585565303,0.004337000196144865,0.02264126854774298
3.359375,Disgust,False,False,True,False,False,False,False,False,0.0007308307361732846,0.005400727905725464,0.5731670540036663,0.2108352428989864,0.07755200796320695,0.07759363897759443,0.04002657497404027,0.014693922540606957
3.3984375,Inspiration,False,False,False,False,True,False,False,False,0.03793068243628421,0.0009907235115807812,0.03849276308127551,0.032316281766343956,0.7773566557867682,0.10520929209788826,0.0003643412602362914,0.007339260059622943
3.4375,Inspiration,False,False,False,False,True,False,False,False,0.08715113004764247,0.0008221719057658815,0.0117586372689904,0.006074378954046673,0.6449377295059305,0.23719476482227958,0.00030225678284286815,0.0117589307125017
3.4765625,Inspiration,False,False,False,False,True,False,False,False,0.01604771613360228,0.005909873495057964,0.08415339693274304,0.016036240515734976,0.6260670227087092,0.22978037652460045,0.016107058481203897,0.0058983152083482504
3.515625,Inspiration,False,False,False,False,True,False,False,False,0.0066531691812299395,0.0024471631542293676,0.018119544410991076,0.0024454936682471937,0.7061134691374072,0.25932752315428764,0.0024449476992822257,0.002448689594325363
3.5546875,Inspiration,False,False,False,False,True,False,False,False,0.012784266978118795,0.006598571544210411,0.0024228981096734766,0.002423490962239043,0.6996357114758737,0.2573265798766314,0.0008910879520447068,0.017917393101208472
3.59375,Inspiration,False,False,False,False,True,False,False,False,0.03344129720972577,0.033490117631980176,0.000315884083760551,0.0023346637759808705,0.6739857223239377,0.24775074163536717,0.006346022095041394,0.0023355512442065182
3.6328125,Inspiration,False,False,False,False,True,False,False,False,0.17185621335065193,0.16766444867427674,0.004402581765936852,0.011961200733652777,0.46741157983636594,0.1717078026268945,0.004400796548786841,0.0005953764634344629
3.671875,Amusement,True,False,False,False,False,False,False,False,0.45470641753656194,0.011761738775912982,0.03164940566323106,0.0015741779418255053,0.45480179334711063,0.032298933091866294,0.011632862100919506,0.001574671542572249
3.7109375,Amusement,True,False,False,False,False,False,False,False,0.40330310633801897,0.01042907337223007,0.0013963373604218689,0.0037956141844462427,0.4033498285275958,0.1480212069107797,0.028308505110408624,0.0013963281960987098
3.75,Inspiration,False,False,False,False,True,False,False,False,0.034055713358982796,0.006456693851216163,0.0008730962147829736,0.002373475548871175,0.6856095360924372,0.25220293918156605,0.017555286805208653,0.0008732589469351077
3.7890625,Amusement,True,False,False,False,False,False,False,False,0.4006836381622693,0.015289188772401468,0.0037766257540605237,0.00377178314650668,0.40072657980308507,0.1473424856692875,0.027899158626241073,0.0005105400661485039
3.828125,Anger,False,True,False,False,False,False,False,False,0.13319070633614238,0.3620673857985125,0.003411714294697366,0.0012546689798495043,0.1332657195570293,0.0034197232668971497,0.3621351780361252,0.0012549037307465901
3.8671875,Anger,False,True,False,False,False,False,False,False,0.0061919149160639215,0.6542866659860851,0.0008341710647593529,0.08855703799522484,0.0022706800373922535,0.006346983455129322,0.24067790693379468,0.0008346396115505343
3.90625,Fear,False,False,False,True,False,False,False,False,0.1878781929519331,0.03628357640215817,0.0017698321090797026,0.510735699367136,0.06881707691389695,0.18787815078129907,0.004866849086605194,0.0017706223878918308
3.9453125,Amusement,True,False,False,False,False,False,False,False,0.5106442305430072,0.03676577680957777,0.013135699356183372,0.0006505908511738932,0.18043862696704693,0.18762814437400127,0.06896861521306073,0.0017683158859488155
3.984375,Sadness,False,False,False,False,False,False,True,False,0.1916736132931833,0.07031283285219145,0.004908377512306759,0.0018055732909672366,0.013378917720427487,0.19174429914507835,0.5212672817658686,0.004909104419976821
4.0234375,Joy,False,False,False,False,False,True,False,False,0.19502692976167238,0.013607033897188515,0.0018367918746163706,0.1943372512378196,0.036946705038311385,0.5302008141084777,0.026207472072252182,0.001837002009661743
4.0625,Joy,False,False,False,False,False,True,False,False,0.08769993564183848,0.0008275243054198251,0.01667761896997135,0.0008266006155319977,0.0008261718742510809,0.6486148446280278,0.23840873495384232,0.00611856901111713
4.1015625,Amusement,True,False,False,False,False,False,False,False,0.5214707434700472,0.19118184991130066,0.013420463285462205,0.004912996107725597,0.001805930324945635,0.07058052409541486,0.19171612895536372,0.004911363849740215
4.140625,Fear,False,False,False,True,False,False,False,False,0.14687951528323923,0.01977719426104896,0.0013846513291034728,0.3993761622655469,0.003763001060425154,0.39955884443194895,0.027876397511269493,0.0013842338574179287
4.1796875,Amusement,True,False,False,False,False,False,False,False,0.3149495098045108,0.000401549060368156,0.04258632228090875,0.314922138950327,0.008083485788863252,0.31499678307849943,0.0029689234307304475,0.0010912876057921374
4.21875,Fear,False,False,False,True,False,False,False,False,0.0077093825048381035,0.0076479571964850395,0.10980961108457309,0.8115106940894945,0.001034059197920327,0.0028115242848965566,0.002818495936492897,0.05665827570529955
4.2578125,Amusement,True,False,False,False,False,False,False,False,0.7028663754831466,0.008088822355485014,0.0024362089940530344,0.2586003862880187,0.000895996876771773,0.018044604326568937,0.002442053805412254,0.0066255518705439186
4.296875,Fear,False,False,False,True,False,False,False,False,0.23459787241545768,0.0008140134722317662,0.08611258554051213,0.6382268819478886,0.0317174154364008,0.006021025449921217,0.00029921182231094017,0.002210993915276753
4.3359375,Fear,False,False,False,True,False,False,False,False,0.10735572512362672,0.00037285162201400145,0.039507194157246524,0.7954366659521659,0.039579434112086836,0.007495954561293883,0.007496376286361997,0.0027557981852040616
4.375,Fear,False,False,False,True,False,False,False,False,0.10312233103513269,0.0009744682860562869,0.103257247069771,0.7633547325013881,0.0009730256058865909,0.007193590697455083,0.013926058912743039,0.0071985458915672694
4.4140625,Disgust,False,False,True,False,False,False,False,False,0.0008969247805469528,0.0024394295766311997,0.7039917323082642,0.2589510406976685,0.0024400117375755178,0.018021001607185932,0.006633359232626437,0.0066265000595014745
4.453125,Fear,False,False,False,True,False,False,False,False,0.0008487665856526003,0.0008486891059017676,0.2451358200513838,0.6663030919277063,0.033121321267907504,0.006272461556389092,0.000848750787193492,0.046621098717865433
4.4921875,Fear,False,False,False,True,False,False,False,False,0.0024391327517213506,0.002438041903759444,0.2589571215742386,0.7039878848423395,0.0008970100860128887,0.006627142800935991,0.006630637987020754,0.01802302805397133
4.53125,Fear,False,False,False,True,False,False,False,False,0.0024504095920083293,0.002451265893812639,0.09558927088470785,0.7067139698276099,0.0009004010401101022,0.09548996547976288,0.000900386390980239,0.09550433089100818
4.5703125,Disgust,False,False,True,False,False,False,False,False,0.0013643199634220803,0.001366138448393306,0.3937762528146039,0.39396259218156676,0.1417642744828784,0.010778837310516803,0.05327549034547709,0.003712094453141741
4.609375,Fear,False,False,False,True,False,False,False,False,0.0015974214569138326,0.0015974810262843432,0.022898417489069164,0.46107009486613076,0.16937369671144212,0.16952034758927442,0.004344513533694425,0.1695980273271908
4.6484375,Amusement,True,False,False,False,False,False,False,False,0.22612336004791794,0.002141300934937451,0.2269298843068126,0.22657687801696288,0.08336928652258578,0.2269067919497974,0.0021382853871850954,0.005814212833800795
4.6875,Inspiration,False,False,False,False,True,False,False,False,0.007036084922829079,0.0009523187467432797,0.007108054217390765,0.10014410510806102,0.7466187288663771,0.10082868629372531,0.0003500942025417402,0.03696192764233171
4.7265625,Inspiration,False,False,False,False,True,False,False,False,0.0010573934169871909,0.0028769264116072025,0.11202158533760981,0.02126424176607649,0.8299915452452881,0.021922695862652202,0.002888757551139388,0.007976854408639628
4.765625,Inspiration,False,False,False,False,True,False,False,False,0.002901799416722897,0.00788993112335475,0.02144157238134409,0.007885054949793063,0.8375459511327866,0.11314122370196618,0.0010671150499234998,0.008127352244108772
4.8046875,Inspiration,False,False,False,False,True,False,False,False,0.10010320241473744,0.0009448821309044322,0.0025668456983826637,0.0009440587323549209,0.7410248722533376,0.10017067577778567,0.0025665575520462,0.05167890544045126
4.84375,Anger,False,True,False,False,False,False,False,False,0.0034017544027414573,0.3605488065554615,0.13144786967687078,0.00046000913477258637,0.3610277518492999,0.13259478112861728,0.0012504457493713206,0.009268581502865157
4.8828125,Inspiration,False,False,False,False,True,False,False,False,0.007799436336207701,0.0077973063728182,0.11194508064874077,0.0010545543869938379,0.8279669966377655,0.021185120713608577,0.02119651577012583,0.0010549891337396085
4.921875,Inspiration,False,False,False,False,True,False,False,False,0.10441122450122664,0.00727255293806986,0.002673497315176105,0.0009832314025986048,0.7721899706089467,0.10251968249799835,0.0026735061248465753,0.00727633461113708
4.9609375,Amusement,True,False,False,False,False,False,False,False,0.40960443379521916,0.0014179439182316338,0.0038546970254379805,0.010478350486085123,0.4096327575279335,0.15066472360410227,0.0104928526361305,0.0038542410068597463
5.0,Inspiration,False,False,False,False,True,False,False,False,0.03433682250954286,0.006495004140718456,0.00649058746238027,0.002387311970111467,0.6897126951956107,0.2537603617551356,0.006494135956400377,0.0003230810101003648
5.0390625,Inspiration,False,False,False,False,True,False,False,False,0.14922001057761988,0.0038193350207222144,0.020131857804750415,0.010378414412221622,0.4056020855575539,0.40562726920433717,0.0038168093854641975,0.0014042180373306573
5.078125,Amusement,True,False,False,False,False,False,False,False,0.3772242147140586,0.3768700330526013,0.0013067101290783352,0.0035511533741767504,0.13864102822742608,0.051050775267450534,0.050875403795682034,0.000480681439526369
5.1171875,Joy,False,False,False,False,False,True,False,False,0.02133258668598391,0.002880008223992458,0.02132644399836448,0.0028789209420606106,0.11218997431992316,0.8304576791577094,0.007876186366660702,0.001058200305305329
5.15625,Joy,False,False,False,False,False,True,False,False,0.10747382800000511,0.03955660726657198,0.002756128101551214,0.007491939996094761,0.00750978171160216,0.795670648326006,0.03916814888739078,0.00037291771077816425
5.1953125,Inspiration,False,False,False,False,True,False,False,False,0.017740162771343417,0.13131576587216937,0.001238304676886796,0.003365264377779867,0.3572080816434479,0.3573503840051082,0.13132656496144765,0.0004554716918168783
5.234375,Sadness,False,False,False,False,False,False,True,False,0.08623740972441472,0.2345779560335552,0.0008127951898359686,0.002212453123622789,0.006015219412769266,0.03175816243211724,0.6380869022774007,0.00029910180628411415
5.2734375,Fear,False,False,False,True,False,False,False,False,0.053376187975371144,0.003758180316644746,0.001367937576732413,0.3947538302021227,0.003720082401694169,0.3949634988275785,0.1443348912412418,0.0037253914586147783
5.3125,Fear,False,False,False,True,False,False,False,False,0.014973218049260165,0.01528261313949271,0.0007430331051514759,0.5824193544635949,0.014956180909912995,0.07851723162540866,0.2143695190413969,0.07873884966578225
5.3515625,Sadness,False,False,False,False,False,False,True,False,0.08639321249867273,0.23467553910886035,0.0008136848753957171,0.006051671091136184,0.000814150921604427,0.031794542102020915,0.6386431329310945,0.00081406647121509
5.390625,Fear,False,False,False,True,False,False,False,False,0.14545020185888669,0.0037406601226299477,0.0013697082790514055,0.3953672968691884,0.0037253628493817323,0.3955626181188745,0.051058525588534395,0.0037256263134530245
5.4296875,Fear,False,False,False,True,False,False,False,False,0.15004162198246415,0.0014142551657685997,0.010455434039718471,0.40790473993952914,0.010461827157597817,0.40785883333032164,0.010450050626761208,0.0014132377578389226
5.46875,Fear,False,False,False,True,False,False,False,False,0.18933425297673542,0.004937560410510761,0.025531959603829334,0.5148382931376009,0.0017856789953095177,0.06933396767642293,0.18938037826111823,0.004857908938472872
5.5078125,Anger,False,True,False,False,False,False,False,False,0.23849758918836078,0.6475223923617436,0.0022476247826273828,0.08776107345450747,0.0003040970362130663,0.006178976197425667,0.0166611346872889,0.0008271122918332454
5.546875,Fear,False,False,False,True,False,False,False,False,0.2388570997625872,0.0003048845964923344,0.01675953862091068,0.6496382511863882,0.0022537389307272907,0.08768509428632526,0.002250880940490169,0.002250511676078911
5.5859375,Fear,False,False,False,True,False,False,False,False,0.034195704207009826,0.0023824542838150977,0.25283228982293793,0.6873326463277166,0.000875774348703439,0.0023818113380106535,0.002382823751768886,0.017616495920037483
5.625,Fear,False,False,False,True,False,False,False,False,0.10262843434557425,0.007205399738641766,0.10273759480566606,0.7593001169458924,0.0003557529584035406,0.0009684640224779099,0.007292286243132453,0.0195119509402116
5.6640625,Fear,False,False,False,True,False,False,False,False,0.0008967164457288041,0.0024409696739307826,0.25895078462330173,0.7039289461936071,0.018066739456915223,0.006629393553787031,0.006647782041572894,0.0024386680111564583
5.703125,Disgust,False,False,True,False,False,False,False,False,0.0036472961328260114,0.001340499092736123,0.3870419546647726,0.38712191289723014,0.142264226693156,0.07359847366810732,0.0013404677332298817,0.003645169117941841
5.7421875,Disgust,False,False,True,False,False,False,False,False,0.022318436075322173,0.00820349146782695,0.8721153591563846,0.01581648177182537,0.04340203356887813,0.015422715642389614,0.022313127535474177,0.000408354781898916
5.78125,Amusement,True,False,False,False,False,False,False,False,0.44461792477882506,0.0015382698902036503,0.0601741004905845,0.16356225640634878,0.16345919704789788,0.16357173564447114,0.0015382554907179347,0.001538260250951087
5.8203125,Amusement,True,False,False,False,False,False,False,False,0.27432064004335094,0.0025802951496780293,0.2743563526500924,0.10091325495674668,0.05183536428887819,0.2743465062890508,0.0190672796080498,0.0025803070141531843
5.859375,Fear,False,False,False,True,False,False,False,False,0.02066221902478507,0.0010251793998297507,0.10891837942069271,0.8049188832418176,0.0400584913642429,0.020604022981394087,0.0010252616783419793,0.0027875628888959472
5.8984375,Joy,False,False,False,False,False,True,False,False,0.16741496925041907,0.004339472479114203,0.16960428131270788,0.000587124398171107,0.16957428694567658,0.46119489276936243,0.02294638707807485,0.004338585766473734
5.9375,Amusement,True,False,False,False,False,False,False,False,0.32201057572873043,0.001114201546644591,0.32200605825293027,0.0011141531125079679,0.022391987517104306,0.3220156484842066,0.008233176619175568,0.001114198738700201
5.9765625,Amusement,True,False,False,False,False,False,False,False,0.39291774024981696,0.00135959146143184,0.14454444243157288,0.003695660607269031,0.05314502564958153,0.3929321503385261,0.01004586545603613,0.001359523805765562
6.015625,Joy,False,False,False,False,False,True,False,False,0.10315381006915986,0.000970461558562679,0.10316942475587547,0.002637943837064358,0.019516699826129004,0.7624072613836721,0.007173994712590526,0.0009704038569460263
6.0546875,Disgust,False,False,True,False,False,False,False,False,0.08775440733845968,0.0008254869559398082,0.6485104999843921,0.0008254326366455905,0.016581121582527607,0.23857789748394528,0.006099693162666267,0.000825460855423671
6.09375,Disgust,False,False,True,False,False,False,False,False,0.1475424902139706,0.0013877795662976563,0.401077850887673,0.010256547744676957,0.027897157317487778,0.4010734035277061,0.010254231232921811,0.0005105395092661927
6.1328125,Disgust,False,False,True,False,False,False,False,False,0.059735153661082695,0.0015292454834255245,0.44187440818003193,0.011302795253914035,0.030842535898424644,0.441885106167648,0.011301622608732997,0.0015291327467401722
6.171875,Joy,False,False,False,False,False,True,False,False,0.017540238508388158,0.0008730627889864431,0.25224036978371,0.0008731131027558642,0.03394676222604938,0.6856994510423761,0.006453835468552115,0.00237316707918186
6.2109375,Disgust,False,False,True,False,False,False,False,False,0.006231451346564926,0.016945664963524364,0.662213786839247,0.04614785584560439,0.08914134103384379,0.08957085947073123,0.0022922543585851343,0.08745678614189921
6.25,Inspiration,False,False,False,False,True,False,False,False,0.0044112561628408065,0.00441064016649477,0.17232896517027232,0.17223687595730464,0.46846060381098814,0.17211937358553303,0.004409887202884594,0.0016223979436816758
6.2890625,Inspiration,False,False,False,False,True,False,False,False,0.0028791961991156477,0.021359499937289153,0.11134221275465285,0.0010590473408704172,0.8313048284612181,0.007830212400805076,0.021338199962125083,0.0028868029439236553
6.328125,Inspiration,False,False,False,False,True,False,False,False,0.10523999016713628,0.03843472541166985,0.0003644339466635318,0.0026933204920949285,0.7778881897470096,0.05443328043784707,0.01995527334462769,0.0009907864529510695
6.3671875,Inspiration,False,False,False,False,True,False,False,False,0.03445845455221582,0.006515960440553309,0.002395912468737849,0.0008812611978813976,0.6921915628195496,0.25464579917967545,0.0065154913798721285,0.0023955579615143993
6.40625,Amusement,True,False,False,False,False,False,False,False,0.3260182045576303,0.00306736681619824,0.008339997167608646,0.0011281219029861094,0.3259726978678059,0.326009324274546,0.008336170520867651,0.001128116892357225
6.4453125,Amusement,True,False,False,False,False,False,False,False,0.6385068772402642,0.0008128655385828867,0.03176550351628824,0.0008127551820663768,0.08639774930471679,0.23488545599090752,0.006006043563149449,0.0008127496640246446
6.484375,Amusement,True,False,False,False,False,False,False,False,0.4056263307633114,0.0038162073973022417,0.020138478432168497,0.003815228244552038,0.1491844242486385,0.40563790339838923,0.010377918380212584,0.0014035091354255057
6.5234375,Joy,False,False,False,False,False,True,False,False,0.23489186017124675,0.0008128735727096786,0.08638032574010167,0.0008127580226745302,0.03174912478012103,0.6385309882223675,0.0060093135971798885,0.0008127558935989546
6.5625,Amusement,True,False,False,False,False,False,False,False,0.6484828632387745,0.0008255223955907213,0.23853832172283382,0.000825409390459061,0.016643583505103695,0.08775937918244067,0.006099469358336429,0.0008254512064610634
6.6015625,Amusement,True,False,False,False,False,False,False,False,0.4026007092703719,0.003787223147209722,0.1480871278833243,0.0037866117444756067,0.028320853300903726,0.4026089596605643,0.010296064153096042,0.0005124508400544875
6.640625,Joy,False,False,False,False,False,True,False,False,0.11017190608443848,0.002817150366025015,0.040527820264346856,0.002817009573408156,0.020823013646238016,0.814148070473786,0.007658755123172738,0.0010362744685846823
6.6796875,Disgust,False,False,True,False,False,False,False,False,0.08775782162711177,0.0008255912985898489,0.6485062420794293,0.0008254778614799723,0.0060994632034772,0.23857583458823936,0.016584083799401097,0.000825485542271607
6.71875,Amusement,True,False,False,False,False,False,False,False,0.4033394526409072,0.0013957999238523335,0.4033427927672144,0.0037943712220948555,0.02803761133115375,0.14838044690026142,0.010313830043789253,0.0013956951707268135
6.7578125,Joy,False,False,False,False,False,True,False,False,0.04035480162560763,0.0028059046162233515,0.10971240324525651,0.020738165835734707,0.00762658467054077,0.8107541329566958,0.0076283468530729415,0.0003796601968682823
6.796875,Joy,False,False,False,False,False,True,False,False,0.08761885843108257,0.0008249090688021729,0.23836292066962134,0.0022425229298606987,0.006094988413682806,0.6479758310662168,0.016576530751263016,0.0003034386694706549
