time_sec,pred_label,Amusement,Anger,Disgust,Fear,Inspiration,Joy,Sadness,Tenderness,prob_Amusement,prob_Anger,prob_Disgust,prob_Fear,prob_Inspiration,prob_Joy,prob_Sadness,prob_Tenderness
0.0390625,Disgust,False,False,True,False,False,False,False,False,0.10067302765133039,0.0517012085719343,0.7439069648165866,0.00699549792854027,0.05169507871222082,0.019015974874866354,0.019016349048095717,0.006995898396425589
0.078125,Amusement,True,False,False,False,False,False,False,False,0.39944396766596085,0.0013819164900180252,0.14694465550389654,0.0013818553245851248,0.027761533415371877,0.019886593390205126,0.39944315430464306,0.0037563239053194056
0.1171875,Amusement,True,False,False,False,False,False,False,False,0.6797544404225088,0.0008651083698769999,0.250067564730453,0.000865099849049627,0.0023515974616265503,0.047252731024052246,0.006393951454922382,0.012449506687510544
0.15625,Disgust,False,False,True,False,False,False,False,False,0.19174957392169478,0.004901817145348465,0.5212416395207008,0.001803197336139764,0.013323958314632225,0.19153761369589561,0.07054052880926613,0.004901671256322192
0.1953125,Sadness,False,False,False,False,False,False,True,False,0.25196753322993076,0.0003206739266013521,0.03409948005494923,0.006440863377012301,0.017516082633949052,0.002369535112639072,0.6849163379653904,0.002369493699527988
0.234375,Sadness,False,False,False,False,False,False,True,False,0.10091918556905136,0.0003491338302700307,0.03712590102172332,0.007012600488187066,0.00701263352827508,0.10092006881077077,0.7457114338177904,0.0009490429339320945
0.2734375,Sadness,False,False,False,False,False,False,True,False,0.0010160845359942106,0.002762090114118318,0.03974856060609643,0.002761991213349591,0.039749183456883073,0.10804598783800157,0.7983829624068836,0.007533139828673383
0.3125,Tenderness,False,False,False,False,False,False,False,True,0.016517227664289477,0.08743514223888334,0.08743845232794355,0.006075690825029153,0.12204041108280504,0.002235128252481208,0.03216507630529573,0.6460928713032726
0.3515625,Tenderness,False,False,False,False,False,False,False,True,0.043566822962054184,0.016030513592511245,0.04356834872139232,0.005895796742268685,0.23063099343985144,0.002168902782731631,0.03121222041362255,0.626926401345568
0.390625,Inspiration,False,False,False,False,True,False,False,False,0.048951173544920644,0.018145231394480706,0.017999976420809558,0.01799696517641458,0.7039875030752488,0.09526471847925402,0.0024355882724300297,0.0952188436364416
0.4296875,Disgust,False,False,True,False,False,False,False,False,0.08337558989523405,0.030651483395003985,0.616197538416865,0.005794626943319163,0.01575176887114459,0.22668187558340158,0.01575230856080863,0.005794808334222922
0.46875,Disgust,False,False,True,False,False,False,False,False,0.05917359542968987,0.001512680649837228,0.43724904655869073,0.0015126304766048717,0.011177043293595963,0.4372211122294025,0.02176842778976941,0.0303854635724093
0.5078125,Amusement,True,False,False,False,False,False,False,False,0.3216280769620895,0.0004093263965293247,0.32162954800565596,0.0011126513126914334,0.022348413279312813,0.008221496540926635,0.3216259395897699,0.0030245479130243972
0.546875,Disgust,False,False,True,False,False,False,False,False,0.08979839111781454,0.006239844421731047,0.6635369304773233,0.002295455410796439,0.046106418235520495,0.12597945902473037,0.03303449450890739,0.033009006803176456
0.5859375,Disgust,False,False,True,False,False,False,False,False,0.18798906630226794,0.001767850251188986,0.5110142740127218,0.0017678160221595335,0.00480545243140991,0.1879871869244401,0.06915705715115142,0.035511296904660206
0.625,Disgust,False,False,True,False,False,False,False,False,0.06044888213816704,0.004200373580942826,0.44666322936125336,0.004200319708925193,0.011417692640889899,0.004200376126320695,0.02222900487847807,0.44664012156502286
0.6640625,Disgust,False,False,True,False,False,False,False,False,0.08130925378251133,0.005650712790864648,0.6008250255913594,0.0020785320523392325,0.04175168465303944,0.2209839188112597,0.005650223114626787,0.04175064920399946
0.703125,Disgust,False,False,True,False,False,False,False,False,0.05620100341767263,0.0005285735548105527,0.4152988991284525,0.0014367194087307052,0.0039056856000298868,0.07847654618485148,0.4152933428753812,0.02885922983007084
0.7421875,Joy,False,False,False,False,False,True,False,False,0.010018004819642157,0.0004975947492696856,0.14377341860502868,0.0013523545703888276,0.010007532253703856,0.39069716904084323,0.05287978738311784,0.39077413857800564
0.78125,Amusement,True,False,False,False,False,False,False,False,0.8156207974189951,0.007685087935254131,0.014344977132148823,0.040587616539670655,0.11021785558104678,0.001038640122963554,0.0028234202040263367,0.007681605065894612
0.8203125,Amusement,True,False,False,False,False,False,False,False,0.8117477863872227,0.007641821827066072,0.10985159038628134,0.007640308334425675,0.001033415348121606,0.020765872792634036,0.040285829971247696,0.0010333749530009764
0.859375,Amusement,True,False,False,False,False,False,False,False,0.6873603241555637,0.002378455175211687,0.252861635040565,0.0175742852971165,0.002378205711228689,0.03419379646906244,0.002378406490907321,0.0008748916603447041
0.8984375,Amusement,True,False,False,False,False,False,False,False,0.6964735748218357,0.0024098479694859318,0.25621845091974915,0.01780575548564565,0.006550531462114018,0.017805924989771387,0.002409807112811448,0.00032610723858655173
0.9375,Amusement,True,False,False,False,False,False,False,False,0.4373180946189767,0.011184630357057095,0.4373422053307047,0.0041137255244544785,0.004113663179324104,0.08267809002159168,0.021736325525933044,0.0015132654419580454
0.9765625,Amusement,True,False,False,False,False,False,False,False,0.7706523805474929,0.0026671028087732855,0.10428628698024987,0.0009810198362188588,0.0026667588087387283,0.10424138028078879,0.007252439968663848,0.007252630769073715
1.015625,Amusement,True,False,False,False,False,False,False,False,0.4631621022673483,0.011843818414210762,0.46316400282818293,0.011840679563089674,0.011841859395033863,0.03218887469493236,0.00435619497126495,0.0016024678659371085
1.0546875,Disgust,False,False,True,False,False,False,False,False,0.07000858154288132,0.013238543158267994,0.5173956321367856,0.0006585138164956622,0.013240784861987754,0.19031564799717868,0.004865969701324878,0.1902763267850779
1.09375,Disgust,False,False,True,False,False,False,False,False,0.022161934522641685,0.011386193400561932,0.44531461284745977,0.0005667603230211323,0.030945346219819706,0.4453077704491485,0.02215963898826005,0.022157743249087297
1.1328125,Disgust,False,False,True,False,False,False,False,False,0.09283681847340582,0.006451300941538598,0.6859929187969207,0.0023731961651579157,0.04766987216882462,0.12960082422203487,0.017538608988738585,0.017536460243378894
1.171875,Disgust,False,False,True,False,False,False,False,False,0.011848980280519308,0.004356091187246432,0.4631678172901421,0.0016023442391264978,0.0321865015536829,0.4631571932191581,0.01184039231652232,0.011840679913602348
1.2109375,Disgust,False,False,True,False,False,False,False,False,0.011634691589922289,0.011635360771788781,0.4551165984439507,0.0005792212220540633,0.011634609686454495,0.45511038660076747,0.022653707202866278,0.03163542448219597
1.25,Disgust,False,False,True,False,False,False,False,False,0.0705247220324146,0.004901589979286288,0.521195528006739,0.0018031010994009214,0.013324128608808682,0.19172320208451693,0.004904580222285353,0.19162314796654828
1.2890625,Disgust,False,False,True,False,False,False,False,False,0.011841472112750603,0.004356287240823324,0.46316877983189925,0.001602351535185111,0.03218898186163422,0.4631612550391115,0.01184039346280152,0.01184047891579449
1.328125,Disgust,False,False,True,False,False,False,False,False,0.004087946616061095,0.0111129058665293,0.43467068363713546,0.0005532026432435106,0.0821610043071335,0.43466651742075296,0.02163341693256414,0.01111432257658005
1.3671875,Disgust,False,False,True,False,False,False,False,False,0.013823142189081936,0.005085415390913411,0.5406900635288632,0.0018706482165885253,0.013826044548188256,0.19889900710892672,0.026911436797167617,0.19889424222027033
1.40625,Disgust,False,False,True,False,False,False,False,False,0.003809394009184089,0.0038130462967602245,0.40501933040397603,0.0014013290026951128,0.14897494248759563,0.4050157702345366,0.0038103110884886563,0.02815587647676364
1.4453125,Joy,False,False,False,False,False,True,False,False,0.00531814802529528,0.03937143595018514,0.07651399111320337,0.0007196816533734302,0.07651861720651293,0.5654376512577988,0.028131829739016095,0.20798864505461503
1.484375,Joy,False,False,False,False,False,True,False,False,0.005113853066935924,0.005114155732080366,0.19998875637572144,0.005113712805362906,0.013915763551210275,0.5436776423718173,0.027066085857924308,0.20001003023894762
1.5234375,Joy,False,False,False,False,False,True,False,False,0.0018034952584092235,0.004905208838677345,0.1916815728217947,0.004902527672989345,0.07052211809253765,0.5211353928965526,0.19171717518460302,0.01333250923443616
1.5625,Sadness,False,False,False,False,False,False,True,False,0.08625139251050576,0.00029926218062809653,0.0022104212403142504,0.000812878235167889,0.23459094529736227,0.03173564054814326,0.6380075420403083,0.0060919179475701565
1.6015625,Amusement,True,False,False,False,False,False,False,False,0.6479580130629878,0.0003035702883937203,0.016645830727945437,0.0008249885251366512,0.006098093810972525,0.23829497411873146,0.08763152747182476,0.002243001994007574
1.640625,Amusement,True,False,False,False,False,False,False,False,0.6971221255406332,0.002412475426438728,0.2564419428903674,0.0008873652764799289,0.00655927126395297,0.017837939688499317,0.01785149419710197,0.0008873857165265953
1.6796875,Amusement,True,False,False,False,False,False,False,False,0.7873387405044769,0.0010023068530823653,0.10655343835433455,0.001002253790678705,0.0027252447131358003,0.054790574033883065,0.039179854753323924,0.007407586997084728
1.71875,Amusement,True,False,False,False,False,False,False,False,0.7506961653295822,0.0025978468479051523,0.10159631087344861,0.0009555573252914132,0.0025974972775037043,0.10159502021528297,0.03736393236718114,0.0025976697638049385
1.7578125,Amusement,True,False,False,False,False,False,False,False,0.6940118111325373,0.002401544168525748,0.25530868499319653,0.0024012813555126414,0.0065279553481806685,0.03454586473455384,0.0024016210101658205,0.002401237257327466
1.796875,Amusement,True,False,False,False,False,False,False,False,0.4411398566194164,0.011284055626227349,0.44120364251642025,0.030670655019408598,0.0041514252646357485,0.059700524193912016,0.0005616552608871469,0.011288185499092405
1.8359375,Disgust,False,False,True,False,False,False,False,False,0.012805045798656897,0.0024210017725137126,0.6996052444891333,0.0024207740203215206,0.0008905912088424949,0.25736541768745314,0.006584286818137635,0.01790763820494108
1.875,Disgust,False,False,True,False,False,False,False,False,0.19850342155114453,0.005076187385449149,0.5396555141331797,0.005075638773318121,0.013796977184085318,0.19851089609689238,0.001867279047926826,0.03751408582800385
1.9140625,Disgust,False,False,True,False,False,False,False,False,0.04049350681883182,0.0028183490976574064,0.8141689260144491,0.0076592530541413715,0.002818494167691175,0.11017855574639854,0.0010363896489426101,0.020826525451887953
1.953125,Disgust,False,False,True,False,False,False,False,False,0.0008331111759986259,0.00616589696725463,0.6544329927340619,0.0008330571754537028,0.0061567044403274445,0.2407505486011398,0.0022647334568491645,0.08856295544891468
1.9921875,Disgust,False,False,True,False,False,False,False,False,0.010474547900398385,0.003853659691796364,0.4096336758765832,0.0014173264969749402,0.010475314987766568,0.4096073655241375,0.0038532047425286343,0.15068490477981447
2.03125,Disgust,False,False,True,False,False,False,False,False,0.016288278959232353,0.01629171116160736,0.6365626051917771,0.0022024978211002315,0.04425601454977678,0.2341667516932335,0.005987198139667526,0.04424494248360516
2.0703125,Joy,False,False,False,False,False,True,False,False,0.0027292069876726347,0.020211008225400222,0.039266305431692225,0.0003693219445978622,0.03925840522438191,0.7887181327093525,0.002729362642390001,0.10671825683451265
2.109375,Disgust,False,False,True,False,False,False,False,False,0.0003041496403644269,0.002253836186714729,0.6494968329231436,0.002247489586535786,0.01661864757971037,0.08788994876539742,0.0022479377851484525,0.2389411575329852
2.1484375,Joy,False,False,False,False,False,True,False,False,0.0017810487388525537,0.02560979690507879,0.18934181034712422,0.0048414874329365315,0.18926853849760986,0.5146934100445402,0.004842141701827819,0.06962176633203011
2.1875,Joy,False,False,False,False,False,True,False,False,0.004643349968511117,0.06649993648388884,0.06679724365138666,0.0006283611268910418,0.18159134461192727,0.4936164647724217,0.004644203277016936,0.18157909610795647
2.2265625,Disgust,False,False,True,False,False,False,False,False,0.0009810051108972153,0.0026689653428158184,0.7706132584730697,0.002666720093733581,0.007252419624588612,0.10427847627101879,0.007252991972091425,0.10428616311178485
2.265625,Joy,False,False,False,False,False,True,False,False,0.0006585512612849768,0.013687037667994395,0.1901399479572602,0.004866761287295046,0.19022804969260265,0.5171773361934341,0.013268757013722507,0.06997355892640623
2.3046875,Disgust,False,False,True,False,False,False,False,False,0.06946393870910039,0.0084021080245073,0.3277553270791469,0.003084075246186393,0.3277960675406975,0.12035522687200127,0.022789809029187976,0.12035344749917216
2.34375,Disgust,False,False,True,False,False,False,False,False,0.001128467106046634,0.0030674056767911804,0.32602271704105473,0.0011281509958789512,0.32597776027857306,0.008352294888747858,0.008338925451335358,0.3259842785615722
2.3828125,Disgust,False,False,True,False,False,False,False,False,0.00094673435040021,0.0025743811214201983,0.7437030304271677,0.0009466381429098787,0.10060006610500917,0.1006153220991115,0.03699707585864368,0.013616751895337705
2.421875,Disgust,False,False,True,False,False,False,False,False,0.07012395726318464,0.0017945829857677331,0.5184443213371084,0.0017939282941707982,0.190686606144163,0.19062560343365523,0.013267199608000485,0.013263800933949705
2.4609375,Disgust,False,False,True,False,False,False,False,False,0.19739438286192046,0.0018576109763181554,0.5366851000569425,0.0018571962777805056,0.1974094020134689,0.013730384971743914,0.013727435940002326,0.037338486901823266
2.5,Disgust,False,False,True,False,False,False,False,False,0.0008349056806034424,0.002267133141270993,0.654454654538674,0.0008332085096349666,0.24061729773631027,0.006157299007374625,0.006393736240381856,0.08844176514574976
2.5390625,Disgust,False,False,True,False,False,False,False,False,0.13153734778051196,0.001238785643894413,0.35778776454532807,0.001238120397987819,0.01774730059269437,0.1315734993038765,0.3576389540377265,0.0012382276979802983
2.578125,Amusement,True,False,False,False,False,False,False,False,0.6385268972211162,0.0008132233927538369,0.23488052738511078,0.000812912944291066,0.08638315964384001,0.006037545166532655,0.031732777196250256,0.0008129570501051722
2.6171875,Amusement,True,False,False,False,False,False,False,False,0.6862157950827459,0.0008745553754031526,0.2524342829744784,0.000874041972446367,0.034146740214241376,0.0064666879182546395,0.012527930152133581,0.006459966310296762
2.65625,Disgust,False,False,True,False,False,False,False,False,0.07475686469034276,0.07462113374339192,0.5524946967327962,0.0007041308051715476,0.20326496105812264,0.07477239942798852,0.00523898741706548,0.014146826125121038
2.6953125,Inspiration,False,False,False,False,True,False,False,False,0.08631665353790927,0.002218551667981392,0.002218980028579186,0.000815488817757661,0.6402367301378669,0.23551017339432342,0.03186782976522626,0.0008155926503558451
2.734375,Sadness,False,False,False,False,False,False,True,False,0.006018512369651102,0.031688658591885265,0.0022143933336532286,0.0002989968198934369,0.08626650049077984,0.23472802585884908,0.6379719316842299,0.0008129808510580164
2.7734375,Joy,False,False,False,False,False,True,False,False,0.0025663210772464496,0.05175864964748831,0.002565541339969671,0.00034672244119412186,0.10011829305670059,0.7399586646046445,0.10012277004813545,0.0025630377846210272
2.8125,Joy,False,False,False,False,False,True,False,False,0.0026404946360524774,0.01954045976689249,0.0026373428102520733,0.00035678386407201815,0.103004580719079,0.7616334873660248,0.10301480226597719,0.007172048571649978
2.8515625,Inspiration,False,False,False,False,True,False,False,False,0.003039343834114798,0.022600395257803316,0.0030376768952974547,0.00041101629061284975,0.32244780909968923,0.32274034108035293,0.3226842673088048,0.0030391502333245485
2.890625,Sadness,False,False,False,False,False,False,True,False,0.0008356410966582707,0.002274174612649737,0.0022715376918775267,0.0022715364261822503,0.2413475212014395,0.08878134761136713,0.6560338576020907,0.00618438375773498
2.9296875,Inspiration,False,False,False,False,True,False,False,False,0.0008980496566830569,0.006638487732868055,0.0008975235757999848,0.0008975265556890419,0.7047069343432503,0.09537168299728668,0.09535952998331285,0.09523026515511013
2.96875,Sadness,False,False,False,False,False,False,True,False,0.006030089228574934,0.0008134910835876479,0.0022101325118057454,0.00029908513116329766,0.08612081855542704,0.23473476876682522,0.6381307397568983,0.03166087496571806
3.0078125,Sadness,False,False,False,False,False,False,True,False,0.2392798180548759,0.0008299473157754238,0.006132755777828219,0.0008292076242557419,0.011905795346313362,0.08792219162183608,0.6508410733535622,0.0022592109055530377
3.046875,Inspiration,False,False,False,False,True,False,False,False,0.10013167111227653,0.0003471699286931349,0.01896440575294056,0.0009436214293429975,0.7408813948429371,0.03607653261773006,0.10008796706368112,0.002567237252398492
3.0859375,Inspiration,False,False,False,False,True,False,False,False,0.006431608110777002,0.00032004286906733284,0.006431120806652355,0.0008698571380458448,0.6831029068294117,0.01761355366822777,0.033971173518027906,0.25125973705979016
3.125,Sadness,False,False,False,False,False,False,True,False,0.0015365239629004154,0.000565279286715547,0.16322558049383648,0.004176976434102407,0.16325003480142966,0.06006579212650746,0.4438753660106285,0.16330444688387957
3.1640625,Inspiration,False,False,False,False,True,False,False,False,0.01925537305507279,0.0004936562044782402,0.052223877000871666,0.0013418482313970125,0.3875791899445322,0.14177109914479005,0.3874004726381955,0.00993448378066252
3.203125,Inspiration,False,False,False,False,True,False,False,False,0.08760425427556387,0.0003036341930370995,0.00611757958256213,0.01659677944121606,0.6480028982957,0.0008253116632245847,0.002245043853734651,0.23830449869496168
3.2421875,Amusement,True,False,False,False,False,False,False,False,0.6922538686060825,0.006518529840750215,0.25453856871604896,0.002397596523646245,0.0023983822921002243,0.006605703071471186,0.000881693992701071,0.034405656957199555
3.28125,Amusement,True,False,False,False,False,False,False,False,0.5970839131491964,0.04167346074152042,0.2195870031048391,0.015288830344695511,0.02961213987275032,0.0807091700191183,0.0007604164287932688,0.015285066339086531
3.3203125,Joy,False,False,False,False,False,True,False,False,0.002988660748488218,0.0029876842745768088,0.04294268348516088,0.0010989326048799865,0.022102379022160033,0.8629327917820615,0.022099901192898674,0.042846966889773824
3.359375,Joy,False,False,False,False,False,True,False,False,0.005606808325483219,0.08021206731539672,0.21914991150821525,0.01523990837068499,0.04152075040232091,0.5958572001600029,0.000758630019109147,0.04165472389878688
3.3984375,Fear,False,False,False,True,False,False,False,False,0.06642314563868496,0.18171014837525337,0.18168568250674547,0.49393838741343565,0.0047318653498287875,0.06623059753660529,0.0006291845198741902,0.004650988659572114
3.4375,Fear,False,False,False,True,False,False,False,False,0.00130815119376979,0.051050195954490424,0.001307830347277512,0.37769026871607925,0.37763034114514993,0.05107641001222759,0.0013079587702002988,0.13862884386080515
3.4765625,Fear,False,False,False,True,False,False,False,False,0.003392986805403153,0.13252586660000515,0.00045915571659844594,0.36038327056285424,0.00923888170087635,0.36025062338570907,0.001248181754914673,0.13250103347363895
3.515625,Anger,False,True,False,False,False,False,False,False,0.020762888314600082,0.29827134988763965,0.020780420861268144,0.2982553959631871,0.020775666940964926,0.04026470887994802,0.002810800292022677,0.29807876886036944
3.5546875,Fear,False,False,False,True,False,False,False,False,0.01325882237512503,0.06995406079441288,0.013248459074267329,0.5173720812338678,0.19032808678074234,0.19030309854883987,0.0006592913346538118,0.004876099858090971
3.59375,Joy,False,False,False,False,False,True,False,False,0.0004936425987209274,0.052355356612795265,0.14245892307488778,0.019275962283260128,0.009924229684064645,0.38685390285301097,0.0013422476404253037,0.38729573525283484
3.6328125,Anger,False,True,False,False,False,False,False,False,0.00041195749499691456,0.32296891627689667,0.0030478096233122753,0.3231378462157288,0.3231240762991252,0.0159575287001012,0.0030434799333530008,0.008308385456485986
3.671875,Inspiration,False,False,False,False,True,False,False,False,0.004377850210583115,0.24062423272036068,0.002273596752817669,0.08860437440478462,0.6548433107517193,0.0008345334811632206,0.0022687095293428728,0.006173392149228397
3.7109375,Amusement,True,False,False,False,False,False,False,False,0.31503222565460004,0.042399651293511316,0.3150061680656588,0.31502195363382224,0.008078666794264635,0.0010912820565021075,0.00040150172827055927,0.0029685507733703377
3.75,Amusement,True,False,False,False,False,False,False,False,0.6970599984415345,0.01792094391819496,0.2563961535329005,0.006579784227036348,0.017851822988056983,0.0008877791648176068,0.0024157095746752317,0.0008878081527838242
3.7890625,Disgust,False,False,True,False,False,False,False,False,0.233553306820391,0.03090634758359964,0.6347862144605061,0.011557485052988899,0.0858919536119788,0.0008085836331197738,0.0002976156331807677,0.0021984932042350214
3.828125,Amusement,True,False,False,False,False,False,False,False,0.3866625213394482,0.052153615742638874,0.3865861837631721,0.026942224873536886,0.14218229906786248,0.003640925170562557,0.0004931980557691074,0.0013390319870097026
3.8671875,Amusement,True,False,False,False,False,False,False,False,0.6832191632854135,0.03392128258897668,0.25129899160696817,0.006438859117827543,0.017500014888373164,0.0064315091751750144,0.00032013351027775067,0.0008700458269881518
3.90625,Inspiration,False,False,False,False,True,False,False,False,0.21134885334354608,0.04001393598089222,0.07778280519834006,0.07754536170405411,0.574622181141565,0.014706355538299545,0.0019902823704431205,0.001990224722859902
3.9453125,Amusement,True,False,False,False,False,False,False,False,0.3144471026983436,0.11504346106157341,0.3148808477868475,0.06298313129078956,0.015602203348458186,0.1156838514108575,0.06026898268409903,0.0010904197190312514
3.984375,Disgust,False,False,True,False,False,False,False,False,0.052124300993449606,0.1446924154012848,0.3935622920701215,0.00371916237234356,0.39308931915872813,0.010086690256251985,0.0013632497788934367,0.001362569968926953
4.0234375,Disgust,False,False,True,False,False,False,False,False,0.023104104377335045,0.12143843124394477,0.3316388698656241,0.00312023168348247,0.33105467708196284,0.12188608524587466,0.04463049820444762,0.023127102297328436
4.0625,Amusement,True,False,False,False,False,False,False,False,0.3260131175824264,0.008339556110305095,0.32599785199852355,0.0011280937115466351,0.008343971656559422,0.003067133905254116,0.3259820369227515,0.001128238112633313
4.1015625,Inspiration,False,False,False,False,True,False,False,False,0.07263390697815661,0.001863007828128733,0.12530783348220795,0.000684851105663809,0.5375464488208705,0.026761117614985477,0.1977819703394383,0.03742086383054861
4.140625,Disgust,False,False,True,False,False,False,False,False,0.0013542058786473173,0.010086357562347995,0.39079456571942983,0.0004979481461492843,0.14377857074948364,0.05279804295482019,0.3906823180804174,0.01000799090870419
4.1796875,Amusement,True,False,False,False,False,False,False,False,0.35781807182262837,0.0012395297372589321,0.13129731326743482,0.0012385350218210777,0.017740351999929474,0.35780380893196995,0.13162379572315108,0.0012385934958063305
4.21875,Sadness,False,False,False,False,False,False,True,False,0.0008285790830896683,0.01664794440038738,0.0008279423103734641,0.002250776679501163,0.0879001640510754,0.23917547556053845,0.6501169640412607,0.002252153873773705
4.2578125,Disgust,False,False,True,False,False,False,False,False,0.009929169885428921,0.14233172270185926,0.3871687913260942,0.0004933115222700913,0.019193790885818105,0.3871751736913015,0.05236702906340718,0.001341010923820578
4.296875,Amusement,True,False,False,False,False,False,False,False,0.6379603349815643,0.002210354562883284,0.08627643184055316,0.00029888225697003335,0.0060061131800647405,0.03174835951744955,0.2346870415507157,0.0008124821097991507
4.3359375,Amusement,True,False,False,False,False,False,False,False,0.7040169945087105,0.0003297715087695145,0.09520787164850786,0.0008963194975473791,0.002436708644231765,0.09524608382349464,0.09524291219281786,0.006623338175920442
4.375,Amusement,True,False,False,False,False,False,False,False,0.7594929923736993,0.0003558065947899427,0.10276198880702239,0.00714546068531131,0.007149692729728715,0.01943321365486016,0.10269370662899203,0.0009671385255962171
4.4140625,Sadness,False,False,False,False,False,False,True,False,0.2539642677596033,0.0008796798222116581,0.006501470840289589,0.0008795046136343146,0.03428875317039295,0.006518500598544538,0.6904611258009054,0.006506697394418284
4.453125,Amusement,True,False,False,False,False,False,False,False,0.7368960373607017,0.0009387421260585021,0.09964236680773818,0.0003451929692936702,0.002550712379169074,0.05300372051933048,0.09968429742453665,0.00693893041317167
4.4921875,Amusement,True,False,False,False,False,False,False,False,0.6996269115455185,0.006583224499600237,0.25737046859931123,0.0008906560298499419,0.002421200093832635,0.017892634794916516,0.012793852552706285,0.002421051884264755
4.53125,Amusement,True,False,False,False,False,False,False,False,0.3908148220172564,0.0004976873769825361,0.1436943615875161,0.0013527621881935454,0.3907904206647387,0.009999040327314345,0.052838793967230055,0.010012111870768154
4.5703125,Amusement,True,False,False,False,False,False,False,False,0.7508136501637976,0.002600510826863335,0.10158757378445984,0.0025991575054554747,0.000956064704508243,0.10159181732218697,0.03725176526666858,0.002599460426059931
4.609375,Amusement,True,False,False,False,False,False,False,False,0.6922073930029332,0.00651494939981893,0.2546375475161123,0.0008812917998639738,0.002395846133137896,0.034454436546343954,0.006512975559695894,0.002395560042093938
4.6484375,Disgust,False,False,True,False,False,False,False,False,0.08075201503470328,0.015274906015782077,0.5969062318185713,0.015277921540538001,0.041970770134494406,0.029648445059303603,0.0007601251854178627,0.21940958521118964
4.6875,Tenderness,False,False,False,False,False,False,False,True,0.004940077473938685,0.0705854780681227,0.1904848489825253,0.005041796404233361,0.19171890827985752,0.01341467430298256,0.0018097629190539587,0.5220044535692859
4.7265625,Amusement,True,False,False,False,False,False,False,False,0.6501662933724621,0.08778201355048103,0.011899461221981293,0.0022543643374347386,0.0061666150043390424,0.00030473302661542445,0.002253972129092241,0.23917254735759408
4.765625,Amusement,True,False,False,False,False,False,False,False,0.7350088794880967,0.0594416887881551,0.002547075185847901,0.09912526454362622,0.0025489314914911567,0.0009369821206983896,0.0009375037311182031,0.09945367465096634
4.8046875,Tenderness,False,False,False,False,False,False,False,True,0.0027343748249152636,0.020224021589428785,0.0010057963982241496,0.03914863507472896,0.03929636590590611,0.10684897718175855,0.0010060101251975718,0.7897358188998407
4.84375,Joy,False,False,False,False,False,True,False,False,0.000668246718877233,0.19300073612922608,0.036661190159333626,0.0018177344342935288,0.03654479858344964,0.524812909125925,0.013428300720866392,0.1930660841280285
4.8828125,Anger,False,True,False,False,False,False,False,False,0.007983177090290701,0.31192429735036314,0.11468760351599384,0.02173290665733411,0.11450705698113998,0.11473673977123301,0.002936026828093086,0.31149219180555215
4.921875,Joy,False,False,False,False,False,True,False,False,0.00046069549321980203,0.13295105291135956,0.003405700027353528,0.003406029928690561,0.1330376953734955,0.3616325775666479,0.0034048038524741083,0.3617014448467591
4.9609375,Tenderness,False,False,False,False,False,False,False,True,0.0003241487962795921,0.0126387894350956,0.0023964622181949623,0.017921465122278775,0.01772825384115899,0.2545698599482914,0.0023995566527095988,0.6920214639859911
5.0,Joy,False,False,False,False,False,True,False,False,0.0005917298398543182,0.17088330964661425,0.17073843071823264,0.00437529143527758,0.013706884202425232,0.4646527716599742,0.0043742726243952415,0.17067730987322663
5.0390625,Inspiration,False,False,False,False,True,False,False,False,0.005296511418121612,0.014357701574621564,0.0027666065712861018,0.020295506020345702,0.7897419439750818,0.0610078872727158,0.00037005752413222186,0.10616378564369529
5.078125,Anger,False,True,False,False,False,False,False,False,0.020661441551151606,0.78893263618084,0.10675289266209832,0.014369935565721288,0.007492518787670431,0.0003705552090734611,0.0010067563767134505,0.06041326366673138
5.1171875,Amusement,True,False,False,False,False,False,False,False,0.4314865659773244,0.05821481940031883,0.4314288860726917,0.05818406948331947,0.0040622922772140715,0.001493831650945456,0.011066215164904664,0.004063319973281491
5.15625,Disgust,False,False,True,False,False,False,False,False,0.14377904403188424,0.01013697115070877,0.3907580855313678,0.05276680619243349,0.010004819789296944,0.0004977314105814135,0.3907030988071328,0.0013534430865946297
5.1953125,Disgust,False,False,True,False,False,False,False,False,0.24569917658053772,0.0331959659848559,0.6679964672072508,0.006590922020331076,0.03318931374048185,0.0008509297005701462,0.01216420325524983,0.00031302151072265847
5.234375,Disgust,False,False,True,False,False,False,False,False,0.23992787241387126,0.011844099802179117,0.65241078807152,0.002263092937627115,0.08820375933691256,0.0008311800521842286,0.0022602776786537146,0.0022589297070519164
5.2734375,Amusement,True,False,False,False,False,False,False,False,0.4071415841175224,0.003840052466017892,0.40730275198753485,0.010431653211541443,0.14987106355111485,0.010426165514614689,0.0104679439121862,0.0005187852394677613
5.3125,Amusement,True,False,False,False,False,False,False,False,0.6544450039154988,0.00617495239006477,0.240702060478376,0.0008337613199160906,0.08856870355329308,0.006175158994822461,0.0022667942504558144,0.0008335650975731119
5.3515625,Disgust,False,False,True,False,False,False,False,False,0.08824175342983659,0.006155816627913059,0.6523034131208787,0.00030569328484251443,0.23988031865300924,0.006141482357658681,0.0008310752234981022,0.006140447302363138
5.390625,Amusement,True,False,False,False,False,False,False,False,0.44395370641020643,0.0015380404203237212,0.16327998580611955,0.0005654312912666273,0.06006704075850002,0.16330204631609985,0.16311568397755213,0.0041780650199317254
5.4296875,Inspiration,False,False,False,False,True,False,False,False,0.23854195261725827,0.006112184987892736,0.0008283876091781763,0.0008258034532935637,0.6484630826068191,0.08776144598003327,0.01664134451214018,0.0008257982333846194
5.46875,Amusement,True,False,False,False,False,False,False,False,0.38721076853067565,0.00993052314883341,0.14241254585525123,0.0004933839211630908,0.38699966754943993,0.052405953015987335,0.019205948465600756,0.0013412095130484237
5.5078125,Amusement,True,False,False,False,False,False,False,False,0.7399642546939847,0.019088202036066013,0.10015002087488399,0.0003467660025292331,0.00256518919581851,0.10012017601254655,0.03682252330284396,0.0009428678813270566
5.546875,Amusement,True,False,False,False,False,False,False,False,0.3572382854947199,0.003363631357832887,0.13126730315004612,0.00045495424514738545,0.01776134169489515,0.35726231919432183,0.1314152265172181,0.0012369383458185423
5.5859375,Inspiration,False,False,False,False,True,False,False,False,0.00031038019148909294,0.03286472474080398,0.04625489094899337,0.0008433234945975023,0.6618369994416369,0.012119176319878196,0.24347824663755105,0.002292258225049831
5.625,Inspiration,False,False,False,False,True,False,False,False,0.0004933864178190728,0.14196230663188522,0.019184307060404613,0.009919086801733963,0.3873720446282228,0.05242200362823926,0.38730523577505316,0.0013416290566417893
5.6640625,Sadness,False,False,False,False,False,False,True,False,0.013925941302503651,0.10313451660074083,0.10316745091592272,0.00035715891255413924,0.007175914020999679,0.0026396003935093156,0.7624214343644753,0.007177983489294348
5.703125,Amusement,True,False,False,False,False,False,False,False,0.6560667857790355,0.0008355520058945345,0.08878237477229955,0.0022702801539863154,0.0022703594016010497,0.002270435427391428,0.24133144632628986,0.00617276613350163
5.7421875,Amusement,True,False,False,False,False,False,False,False,0.6385217880041152,0.0008135653110108801,0.0863705235902778,0.0008131264011850935,0.03176092475386402,0.006010519638725101,0.23489633498624274,0.0008132173145791242
5.78125,Sadness,False,False,False,False,False,False,True,False,0.08797500133778033,0.0008286226048230924,0.0022522152650173164,0.0008281194131201404,0.23904885005091878,0.01664746539488056,0.6501669306569754,0.0022527952764844167
5.8203125,Amusement,True,False,False,False,False,False,False,False,0.6562911423360498,0.0022761382507680175,0.08859380625082097,0.0008360471113581766,0.0022729719596536807,0.002284624200261136,0.24126277182096934,0.006182498070118902
5.859375,Sadness,False,False,False,False,False,False,True,False,0.24085618210007276,0.0008345156373749286,0.006178850787306065,0.0008342814302436661,0.006333827369445636,0.08779897949370458,0.6548931224415617,0.0022702407402906454
5.8984375,Amusement,True,False,False,False,False,False,False,False,0.6396590637679492,0.00029994752456633786,0.03163549524609836,0.002216429653865863,0.08653743927408487,0.0022163672638594325,0.23521703213733766,0.002218225132238268
5.9375,Amusement,True,False,False,False,False,False,False,False,0.8116155484162648,0.0010345750337208996,0.007650081079877603,0.001034263809417659,0.007695476571014367,0.020826029791214007,0.040359626236991554,0.10978439906149906
5.9765625,Amusement,True,False,False,False,False,False,False,False,0.703988236402554,0.006626135583385263,0.2589595990204351,0.002436652889551919,0.0008965454111351243,0.006628884593323419,0.0024380927349562606,0.01802585336465881
6.015625,Disgust,False,False,True,False,False,False,False,False,0.14835117708059817,0.01033635463844731,0.4034219230219833,0.0037995677413015924,0.019938740333660755,0.010322871595545638,0.0005139339472613873,0.403315431641202
6.0546875,Amusement,True,False,False,False,False,False,False,False,0.4621597893551031,0.011845661456036497,0.03504962509745946,0.004363090575126247,0.008390215012036585,0.01187794613834462,0.004362316772156457,0.4619513555937371
6.09375,Anger,False,True,False,False,False,False,False,False,0.12780244499347373,0.3467183111957278,0.0470381754603921,0.06586960126332209,0.008901623142242205,0.047007116838207734,0.00890261051299428,0.3477601165936401
6.1328125,Anger,False,True,False,False,False,False,False,False,0.11338935076002683,0.3076379401124629,0.11335599887894579,0.1132271064138773,0.021491837088032307,0.021477222420686507,0.0010683691482788172,0.30835217517768954
6.171875,Inspiration,False,False,False,False,True,False,False,False,0.004233274633031386,0.011635387095305965,0.011509929982902225,0.06064219551289475,0.4494562848056575,0.011546644199410644,0.001556862396687708,0.4494194213741099
6.2109375,Joy,False,False,False,False,False,True,False,False,0.015895277082403677,0.228087564783384,0.01590836232068323,0.044260559681570326,0.030268246815100413,0.6212523080930588,0.0007911314444025706,0.043536549779397
6.25,Disgust,False,False,True,False,False,False,False,False,0.09884979184770844,0.036410458709517764,0.2694504433323218,0.051718298083751536,0.26901454529398744,0.2694856449824387,0.002535296149533138,0.002535521600741116
6.2890625,Inspiration,False,False,False,False,True,False,False,False,0.0005320450993824937,0.056282067368441116,0.029107905378372184,0.05641507811799118,0.4177227088294121,0.4178647887462653,0.0014462710178810032,0.0206291354422546
6.328125,Joy,False,False,False,False,False,True,False,False,0.0006254243150917912,0.06638377370024567,0.012576620645988544,0.18060137023581918,0.0663183067225354,0.4911916320106773,0.001700816932788504,0.1806020554368535
6.3671875,Inspiration,False,False,False,False,True,False,False,False,0.0025898361715576248,0.03721787018186491,0.0025906776305468656,0.10116333792540183,0.7478284206066894,0.10121866809813862,0.0003504150191535891,0.007040774366647251
6.40625,Inspiration,False,False,False,False,True,False,False,False,0.00030565084015092515,0.006173635407390171,0.0061399527681265335,0.08821618442903711,0.6522598366202278,0.23992862876546345,0.0008306032128008666,0.00614550795680316
6.4453125,Joy,False,False,False,False,False,True,False,False,0.0002990322483374018,0.0022136025677347826,0.08636984109949769,0.006011199242067372,0.03159484088098713,0.6379669748584219,0.0008129239153034127,0.23473158518765036
6.484375,Anger,False,True,False,False,False,False,False,False,0.002037813966372675,0.587656236572995,0.01570304491351749,0.21605418090512976,0.07837058117635295,0.07952908217169206,0.015103251562470832,0.0055458087314691285
6.5234375,Amusement,True,False,False,False,False,False,False,False,0.8527490031340227,0.042334059483534296,0.04240653422033954,0.042176721029842414,0.008260917720291264,0.001085968115435378,0.002958446930817502,0.008028349365716845
6.5625,Amusement,True,False,False,False,False,False,False,False,0.37708318644033517,0.05080696080620943,0.37709901595639844,0.05101001565789397,0.13866445021525844,0.0035497702092209178,0.00048057394291564247,0.0013060267717678981
6.6015625,Disgust,False,False,True,False,False,False,False,False,0.02295055699783704,0.044150972906041926,0.8891398119358147,0.001132522872508402,0.008379915643553342,0.003079518022133419,0.022772063692151734,0.008394637929959368
6.640625,Amusement,True,False,False,False,False,False,False,False,0.4010609593276586,0.02808902286750025,0.4008657251366917,0.010268705544809105,0.14755055930908803,0.010264833868596326,0.0005111363699913941,0.0013890575756644926
6.6796875,Amusement,True,False,False,False,False,False,False,False,0.44503122559225283,0.059392580149736744,0.4449039345945933,0.004195192016780779,0.022124744509608843,0.011394345266753435,0.011417117768915123,0.0015408601013588538
6.71875,Amusement,True,False,False,False,False,False,False,False,0.42220834451542877,0.05694083315469536,0.42222900804784164,0.05630747198893379,0.010889602957722792,0.029425376447050722,0.0005377803761148954,0.00146158251221205
6.7578125,Inspiration,False,False,False,False,True,False,False,False,0.18798244879145548,0.06906413009921504,0.18805146256687152,0.004813792554960501,0.5109776894488149,0.02532971164726119,0.013129536394081931,0.0006512284973396056
