time_sec,pred_label,Amusement,Anger,Disgust,Fear,Inspiration,Joy,Sadness,Tenderness,prob_Amusement,prob_Anger,prob_Disgust,prob_Fear,prob_Inspiration,prob_Joy,prob_Sadness,prob_Tenderness
0.0390625,Joy,False,False,False,False,False,True,False,False,0.00782409935386703,0.02126031122182833,0.11251569202311541,0.0028770456799984234,0.0010585276383112555,0.8314176102168206,0.007822099032329513,0.01522461483372942
0.078125,Fear,False,False,False,True,False,False,False,False,0.0008275489919074582,0.016646111924079946,0.0022499537650461756,0.6501034863365924,0.08793100208642644,0.2391642971019277,0.0008279680025764417,0.002249631791443314
0.1171875,Fear,False,False,False,True,False,False,False,False,0.0746161305008617,0.0007035005877181035,0.07478687404326435,0.5526466452483024,0.20327518187028518,0.005198071243109119,0.014136172775196514,0.07463742373126274
0.15625,Fear,False,False,False,True,False,False,False,False,0.0018646113455601384,0.013777841221270678,0.19814516909437896,0.538542035835623,0.009862174100550966,0.02662458589565157,0.013786044586305456,0.19739753792065917
0.1953125,Fear,False,False,False,True,False,False,False,False,0.1067780387143799,0.0010053723618017624,0.03929342229214103,0.7896608391592054,0.039233420125006,0.02028960965802963,0.0027338642356094264,0.0010054334538268871
0.234375,Disgust,False,False,True,False,False,False,False,False,0.009997566225696747,0.0004976136567825005,0.3908163694045994,0.39079148827056703,0.14373216098651181,0.05281265910854985,0.009998942239315339,0.0013532001079773067
0.2734375,Fear,False,False,False,True,False,False,False,False,0.00233244427078812,0.0003156229348798556,0.033529034739603024,0.6738148051290473,0.0023333314558017424,0.033539515588255936,0.24778628556415055,0.006348960317473508
0.3125,Fear,False,False,False,True,False,False,False,False,0.14289234807194856,0.0004950578105385766,0.0525570897101691,0.3887936626736541,0.0036585140192721913,0.388818083798897,0.019127001190462185,0.0036582427250583466
0.3515625,Joy,False,False,False,False,False,True,False,False,0.10055837523533132,0.0009470118980079464,0.1006406667940154,0.0369682584169646,0.000947172709486248,0.7437744289656057,0.0025747248614517667,0.013589361119137033
0.390625,Joy,False,False,False,False,False,True,False,False,0.019665061884442843,0.000973545264865466,0.10344283865908628,0.002649554972378381,0.0026462029261851683,0.7645814259032918,0.10339495867005524,0.0026464117196947396
0.4296875,Joy,False,False,False,False,False,True,False,False,0.10143127950154465,0.0009653171717883247,0.10253613267844651,0.013876950130664709,0.019399677304748158,0.7582014708705928,0.002624001982318408,0.0009651703598965606
0.46875,Amusement,True,False,False,False,False,False,False,False,0.40339515109779517,0.010318172043834534,0.020025551080037222,0.010321280089475558,0.14822238857387704,0.40340907759215033,0.0005135384532707265,0.003794841069559409
0.5078125,Joy,False,False,False,False,False,True,False,False,0.10804899553167646,0.0010166679380702065,0.039713817368505475,0.002763478197437418,0.0397364300381346,0.7984457057188403,0.007511629448233181,0.0027632757591024536
0.546875,Joy,False,False,False,False,False,True,False,False,0.10305562535009812,0.002635640274506424,0.0194995082211576,0.002635423020010021,0.10306375386566732,0.7615892294971616,0.007164192907699299,0.00035662686369962123
0.5859375,Amusement,True,False,False,False,False,False,False,False,0.650111248292985,0.002250215667328442,0.002255157205508605,0.016624486322074906,0.23912834476403405,0.08797550809345281,0.0008275135314436726,0.0008275261231724787
0.625,Amusement,True,False,False,False,False,False,False,False,0.6442445796363774,0.00030177407445917763,0.011771634765562825,0.0008200585440531097,0.2369833667160876,0.08717456051637507,0.002229288938450817,0.01647473680863414
0.6640625,Amusement,True,False,False,False,False,False,False,False,0.4113226299965915,0.003870453311187255,0.0038697005951708356,0.0038692451415576487,0.15132123709342984,0.41135769260152494,0.010519563670092597,0.003869477590445257
0.703125,Amusement,True,False,False,False,False,False,False,False,0.3574494178571612,0.130968232903572,0.13129789507641806,0.00045501182627597934,0.0177887797442542,0.3574414130964219,0.003362312384412274,0.0012369371114843465
0.7421875,Amusement,True,False,False,False,False,False,False,False,0.6855522748911445,0.002372747146165916,0.01254411930536485,0.0003210074981743186,0.2521921642312706,0.034118441906941736,0.006448230316260852,0.006451014704677376
0.78125,Amusement,True,False,False,False,False,False,False,False,0.7508141330621165,0.10145123469028064,0.0025994786892960878,0.0009557269676095026,0.10161195336660926,0.03737066689962952,0.002598246004590169,0.002598560319868417
0.8203125,Joy,False,False,False,False,False,True,False,False,0.04333148031029177,0.02227521195672055,0.008345568794136077,0.0011078611443873627,0.04332612790208102,0.8704147983546038,0.008186797791491385,0.0030121537462879855
0.859375,Disgust,False,False,True,False,False,False,False,False,0.23914434487902309,0.006115223730417552,0.6500581911735832,0.0003043821274771451,0.011902545247885303,0.08797180737739399,0.0022491947311382163,0.0022543107330817084
0.8984375,Amusement,True,False,False,False,False,False,False,False,0.43130187111603874,0.01108952891352681,0.4312955797254089,0.0014923468657884965,0.05835199361742745,0.058354872549397044,0.004056700535446156,0.004057106676966541
0.9375,Amusement,True,False,False,False,False,False,False,False,0.5536796837630505,0.07481187796126475,0.07491229971892052,0.0019159933440825862,0.07490368990559441,0.20370090268870888,0.01415840207401332,0.0019171505443648876
0.9765625,Disgust,False,False,True,False,False,False,False,False,0.20263767645997263,0.01409533127999457,0.5509434174883211,0.0051819950513044034,0.005182319351155907,0.20267603125209144,0.014090010255589293,0.005193218861570715
1.015625,Disgust,False,False,True,False,False,False,False,False,0.19852282755676742,0.0018693099224196602,0.539751086084947,0.005077598100196087,0.037521493151915525,0.013802577169332348,0.0050775342389259735,0.19837757377549597
1.0546875,Amusement,True,False,False,False,False,False,False,False,0.4451446577886466,0.06019720006372385,0.4452260634852031,0.0015410953490440369,0.011387336968095185,0.01139233901043705,0.004188903883952321,0.020922403450897905
1.09375,Disgust,False,False,True,False,False,False,False,False,0.04727965239858551,0.006401293630459992,0.6793829328928288,0.03372090759370838,0.006391630009980503,0.09191921339530058,0.006393113127350838,0.12851125695178536
1.1328125,Disgust,False,False,True,False,False,False,False,False,0.014722035291439912,0.0054135186005350566,0.5750084406168099,0.07769388090329439,0.001989925032903831,0.0054106836357418735,0.10872519666432218,0.21103631925495295
1.171875,Disgust,False,False,True,False,False,False,False,False,0.05892624884542111,0.004111796233449589,0.436631358353374,0.4365603698481356,0.0015115613569091579,0.0015112891651359694,0.030370996280528778,0.030376379917045924
1.2109375,Disgust,False,False,True,False,False,False,False,False,0.0024495235725550007,0.002445736934323733,0.7058636018022054,0.2596370349462361,0.006645186423027245,0.002443939471902493,0.0024455725503281065,0.01806940429942191
1.25,Fear,False,False,False,True,False,False,False,False,0.10099168495742146,0.000951710274587524,0.10110083081970654,0.7472326168575472,0.03530368773445582,0.00703425392211715,0.00035019714080640935,0.007035018293358083
1.2890625,Fear,False,False,False,True,False,False,False,False,0.09456335945504374,0.00033025031393500487,0.09530691961249128,0.7046329478277497,0.0066449329398520956,0.002444960253557845,0.0951788628856028,0.0008977667117676961
1.328125,Amusement,True,False,False,False,False,False,False,False,0.43639698783190856,0.0041139177038729295,0.004113191519610696,0.001512571635352205,0.004111009909122372,0.4363927283084696,0.08280700159251811,0.03055259149914547
1.3671875,Amusement,True,False,False,False,False,False,False,False,0.6402303810521592,0.00030002822617918186,0.002217202924443908,0.002217203438676622,0.23545270540671415,0.08659132995753151,0.0022164154618292517,0.03077473353246617
1.40625,Amusement,True,False,False,False,False,False,False,False,0.4072712291747717,0.0005188827243268314,0.010423640657172549,0.0038340210741087642,0.40722886767659516,0.14986465654270503,0.010422661108546201,0.010436041041773843
1.4453125,Joy,False,False,False,False,False,True,False,False,0.015162445526957837,0.0028932163501130593,0.021288429111463742,0.0010586773033051035,0.007839534152147252,0.8316230101602256,0.00782864203417746,0.11230604536160999
1.484375,Joy,False,False,False,False,False,True,False,False,0.037225641855479684,0.0025895155249039477,0.10117643762524495,0.0003502509595226767,0.0025886336766665395,0.7478808519029334,0.00703682695276395,0.1011518415024848
1.5234375,Amusement,True,False,False,False,False,False,False,False,0.2794930341151962,0.007153019194791878,0.10271376994965067,0.007148864435443682,0.03778495610486144,0.27953312331542146,0.007148620799471566,0.279024612085163
1.5625,Joy,False,False,False,False,False,True,False,False,0.1457489971014022,0.14671757927136456,0.07573601273033609,0.0037642881579485767,0.14594094860279685,0.4001585271794692,0.027820898214249032,0.0541127487424334
1.6015625,Joy,False,False,False,False,False,True,False,False,0.007725139639404058,0.007762299141492235,0.11107110571927617,0.0010451258808712358,0.0077238505492261975,0.8209836115170843,0.0028422722507578536,0.04084659530188785
1.640625,Disgust,False,False,True,False,False,False,False,False,0.030911385426386804,0.01139267177899569,0.4438944874963052,0.0015366633853709742,0.004178815789153209,0.060030522401020164,0.004176684302817777,0.4438787694199499
1.6796875,Disgust,False,False,True,False,False,False,False,False,0.041955930757416764,0.015416454364405119,0.6020572554732543,0.002084254437595648,0.08146107970760913,0.029923398605173936,0.005665922977794797,0.22143570367675025
1.71875,Disgust,False,False,True,False,False,False,False,False,0.00844802148834003,0.12101835814557493,0.33021570990566557,0.003107557865082723,0.06257146705123277,0.3301843280504537,0.023018435081509598,0.12143612241214072
1.7578125,Disgust,False,False,True,False,False,False,False,False,0.0010378566353830777,0.040544506062117174,0.8150505779496692,0.007681861683351072,0.007671697516521559,0.014905129590499246,0.002823525828433691,0.11028484473402506
1.796875,Disgust,False,False,True,False,False,False,False,False,0.001404752574544451,0.0038214017373350987,0.40573273567232443,0.14908355517602007,0.4056007573390225,0.0038191954759663536,0.010383589698579263,0.02015401232620763
1.8359375,Disgust,False,False,True,False,False,False,False,False,0.0004976986470774993,0.1436468890628278,0.3907584708153662,0.001354222632332145,0.3906575508695077,0.010007044740481835,0.010237431324226361,0.052840691908180436
1.875,Sadness,False,False,False,False,False,False,True,False,0.0010176155193898115,0.10797327968519432,0.03965695576347945,0.03965245918851223,0.0075265019991958134,0.0027686499161605196,0.798623631535425,0.002780906392642826
1.9140625,Fear,False,False,False,True,False,False,False,False,0.0003505999782127857,0.03707693530620107,0.10122106073395318,0.7480179327029051,0.0025956053923411938,0.002590455232779362,0.007056064031355244,0.10109134662225201
1.953125,Fear,False,False,False,True,False,False,False,False,0.10608378600335386,0.05500581325232585,0.007434225198564238,0.7875376467842395,0.03920189608347206,0.00272905139057648,0.0010040868045243492,0.0010034944829435438
1.9921875,Anger,False,True,False,False,False,False,False,False,0.003702419421622046,0.3929219746959153,0.003705835336440139,0.00717372460251093,0.14468716206715393,0.053149682223332835,0.39329713985009807,0.0013620618029267333
2.03125,Fear,False,False,False,True,False,False,False,False,0.004137846932324398,0.021845511564334584,0.0015212334158270406,0.4392371503483653,0.03064366687740821,0.059137051795446795,0.43933993188429993,0.004137607181993737
2.0703125,Fear,False,False,False,True,False,False,False,False,0.11238466600244433,0.0028804982487923205,0.002877833996358709,0.8308150026492147,0.00554109392709214,0.02129877337378202,0.02132476247095552,0.0028773693313602663
2.109375,Fear,False,False,False,True,False,False,False,False,0.07872765485775611,0.0406967624590415,0.002017235346165012,0.5820717218278317,0.2142709312578299,0.04077620951380235,0.040697500758688,0.0007419839788854101
2.1484375,Anger,False,True,False,False,False,False,False,False,0.18065841390593318,0.49074239223952715,0.0017016883151880426,0.06644187104833779,0.012580259063375813,0.06647303415766509,0.18077634339298,0.0006259978769929045
2.1875,Amusement,True,False,False,False,False,False,False,False,0.46617375862566124,0.012025530013797726,0.0016141519461953977,0.17147620002785122,0.17129185733390018,0.17141251740723001,0.004391899418562267,0.0016140852268019662
2.2265625,Amusement,True,False,False,False,False,False,False,False,0.3604479500605086,0.00923626751943867,0.003394337891805504,0.13253307506975578,0.13252589328806816,0.3601549485208942,0.001248519300243753,0.0004590083492851886
2.265625,Amusement,True,False,False,False,False,False,False,False,0.2736913815255186,0.05191030793707328,0.007017972865567119,0.10022181087584484,0.2733396251619762,0.2736108280836679,0.019260244203289624,0.0009478293470624237
2.3046875,Amusement,True,False,False,False,False,False,False,False,0.3709752382981003,0.3705504771389446,0.0034949941441406334,0.05015614977842004,0.0004726249395914624,0.19351639544659216,0.009549629692588104,0.0012844905616226517
2.34375,Amusement,True,False,False,False,False,False,False,False,0.39308932085971676,0.0037087676751986925,0.0013676248025258537,0.3929938202306918,0.052865635161341754,0.14454903726612484,0.0013626494720316152,0.010063144532368689
2.3828125,Fear,False,False,False,True,False,False,False,False,0.03383372933486656,0.0003190965844546134,0.25045041721740785,0.6807933225524444,0.012425417892119072,0.01745964185958026,0.0023606179067774827,0.002357756652349922
2.421875,Fear,False,False,False,True,False,False,False,False,0.01573679959049026,0.01564859065972858,0.2248225846876549,0.6110525034524846,0.002116229358040131,0.005752917701660796,0.08234088344224806,0.04252949110769255
2.4609375,Disgust,False,False,True,False,False,False,False,False,0.0023809759802906534,0.002383382518704786,0.6874858598370283,0.25290681036405455,0.000876830240852689,0.0023804829610042087,0.033987608163228565,0.017598049934836133
2.5,Disgust,False,False,True,False,False,False,False,False,0.0024562887716729296,0.000902950326183963,0.7090625307139417,0.2608252562381568,0.00670666517409377,0.006672702670423324,0.006697974164748239,0.0066756319407794695
2.5390625,Fear,False,False,False,True,False,False,False,False,0.0024373525808731736,0.0008964104268752033,0.258981096478783,0.7039753357684229,0.0024380994526472842,0.01800321805491872,0.006644147915776008,0.006624339321703745
2.578125,Fear,False,False,False,True,False,False,False,False,0.0028538038277655,0.0010456983370514706,0.1110882992197685,0.8210317581233829,0.04080026716416733,0.007726079808220118,0.0077262183212938205,0.007727875198350327
2.6171875,Disgust,False,False,True,False,False,False,False,False,0.001360829289931889,0.0013609101446656485,0.393012576799425,0.39301985699504927,0.1445564941957768,0.010059670256679884,0.0529301345320188,0.0036995277864526285
2.65625,Fear,False,False,False,True,False,False,False,False,0.00279978802465884,0.0010297554528371823,0.10914403640632687,0.8085848922894406,0.014783772480998273,0.020847836795319246,0.04000849941764935,0.0028014191327695634
2.6953125,Fear,False,False,False,True,False,False,False,False,0.19063283233665643,0.0017951482456033021,0.07011649415600549,0.5184054172143798,0.1907056908789388,0.01327958467344202,0.01326980870576749,0.0017950237892066729
2.734375,Inspiration,False,False,False,False,True,False,False,False,0.007099361385851605,0.002608293589094938,0.03160748238873202,0.10175435275712423,0.7532528177990326,0.10175905939214251,0.0009592905239346457,0.0009593421640874027
2.7734375,Inspiration,False,False,False,False,True,False,False,False,0.013099311322809015,0.0006512930933241773,0.1804704210226596,0.03587355158797885,0.5111518068590488,0.18803524568140842,0.06894838963611322,0.0017699807966579024
2.8125,Inspiration,False,False,False,False,True,False,False,False,0.0027313057978714857,0.0010043416364373416,0.054874738657010626,0.10553843487822197,0.7881921029722356,0.03923463635083943,0.007420678157595359,0.0010037615497881134
2.8515625,Inspiration,False,False,False,False,True,False,False,False,0.10395268847155244,0.007237113930598043,0.0072412964946530186,0.0009787772306539008,0.7684323125221728,0.1039478496847562,0.007231451192027859,0.0009785104735857274
2.890625,Inspiration,False,False,False,False,True,False,False,False,0.09766827086267396,0.0753597011448292,0.0025033473099500456,0.00091988341704668,0.7224199207446602,0.09770796476477339,0.0025010299138287797,0.0009198818422376569
2.9296875,Inspiration,False,False,False,False,True,False,False,False,0.04125754035949694,0.007833054405470068,0.057842815183102955,0.0010560125840645498,0.8292580293149171,0.041145363092678196,0.021218702516707908,0.0003884825435623022
2.96875,Inspiration,False,False,False,False,True,False,False,False,0.10130660426831721,0.036974703081191905,0.0025931390870669235,0.0009535125472061542,0.7488818453474338,0.10128894337306951,0.007047611335934666,0.0009536409597798865
3.0078125,Inspiration,False,False,False,False,True,False,False,False,0.10022496940518318,0.10014769513729231,0.0009436726482998453,0.0009435013522563253,0.7409734151085449,0.0368670550260011,0.018956171148379747,0.0009435201740426786
3.046875,Inspiration,False,False,False,False,True,False,False,False,0.03385666599237083,0.012390239244883224,0.002356326961870855,0.0023554476769273402,0.6803355963369393,0.2502934618138322,0.018093493187450384,0.000318768785725802
3.0859375,Amusement,True,False,False,False,False,False,False,False,0.4572883398236867,0.16806825960207153,0.004307981757056759,0.0005823282709558696,0.16818464443395076,0.16815833927766227,0.03182692218506867,0.0015831846495475003
3.125,Amusement,True,False,False,False,False,False,False,False,0.3771448719034979,0.3770735583429944,0.00354983906885579,0.0013054943376063074,0.13873405100550135,0.05079884944169674,0.050913038479389786,0.00048029742045784863
3.1640625,Anger,False,True,False,False,False,False,False,False,0.14914309695366082,0.4058219740305906,0.0014052982401806511,0.0038274736701687643,0.40534878966139093,0.020201124516087944,0.010429307360020476,0.003822935567899737
3.203125,Joy,False,False,False,False,False,True,False,False,0.07767476464395172,0.0055675667705597405,0.10882901558396685,0.005421349123263253,0.014731311628275248,0.5750406618334248,0.21074267783964493,0.0019926525769133935
3.2421875,Amusement,True,False,False,False,False,False,False,False,0.42961324511121074,0.42929735141343445,0.0014886642177193467,0.0014887404675161787,0.01104929412396895,0.05803703242237661,0.05802313871316841,0.011002533530605289
3.28125,Amusement,True,False,False,False,False,False,False,False,0.36214526609702824,0.3620428149408539,0.003409416176403644,0.0034103313965644787,0.0012544101962235301,0.1332524073379038,0.13323091004660081,0.0012544438084216552
3.3203125,Amusement,True,False,False,False,False,False,False,False,0.282805107698984,0.28172849964755503,0.007242355486506523,0.019747188180371883,0.00266430517536473,0.2831225838025668,0.10296398689474359,0.019725973113907582
3.359375,Disgust,False,False,True,False,False,False,False,False,0.11496640513748271,0.1146604859400012,0.3118508641696316,0.02184055366370323,0.0029447497445418656,0.3128419624735695,0.11288448416321982,0.008010494707850112
3.3984375,Anger,False,True,False,False,False,False,False,False,0.1384271426107469,0.3757700515694359,0.006836732726471381,0.050175350837717576,0.00047931973323978987,0.05080235835033917,0.3762055955877808,0.0013034485842684258
3.4375,Joy,False,False,False,False,False,True,False,False,0.1681951198309438,0.1679506395529517,0.004310172745869929,0.16816893330368707,0.0005824591375495005,0.45718530179270334,0.032023597546624975,0.001583776089669778
3.4765625,Amusement,True,False,False,False,False,False,False,False,0.6745318057025537,0.0008600033299628907,0.002337779145861378,0.033508272048022585,0.03342407425180387,0.24811178272493287,0.006366990967005923,0.0008592918298568299
3.515625,Disgust,False,False,True,False,False,False,False,False,0.11945515005515339,0.06504080221814307,0.32514949073245897,0.3247020167366667,0.022638750165765237,0.11918270387141694,0.022704997822989296,0.00112608839740635
3.5546875,Anger,False,True,False,False,False,False,False,False,0.1809044624213129,0.4911676000738553,0.012728482346486854,0.18076379508297213,0.0006263017652847663,0.06604953101409113,0.06605710536186213,0.0017027219341347291
3.59375,Inspiration,False,False,False,False,True,False,False,False,0.0074803665154346555,0.054346153158333646,0.014243478385683931,0.10512172808243472,0.778723092490107,0.0009958589358589813,0.03872448831873526,0.0003648341134119303
3.6328125,Disgust,False,False,True,False,False,False,False,False,0.04246530313266989,0.002961818795748429,0.855473169811948,0.04256364622694523,0.04255873397602092,0.008052919863849928,0.0029623989852229048,0.0029620092075946366
3.671875,Disgust,False,False,True,False,False,False,False,False,0.03721067157956745,0.002604349134143325,0.7509460708599134,0.10161085840786947,0.0009565555262639643,0.002600084969213203,0.10147068284861832,0.002600726674410846
3.7109375,Disgust,False,False,True,False,False,False,False,False,0.0008892118826526051,0.012630879510886641,0.6971986056254521,0.25658241432086204,0.007314628962233945,0.000888782168018592,0.017927592477610922,0.0065678850522833425
3.75,Fear,False,False,False,True,False,False,False,False,0.0026776188995254035,0.0009820383102710263,0.10409863107063687,0.7707705815306052,0.10427388148412305,0.007258832112290668,0.0026739509209541272,0.007264465671593627
3.7890625,Fear,False,False,False,True,False,False,False,False,0.0022138008146833665,0.0002990624305148473,0.23451088701659006,0.6382030887372657,0.031723810618320664,0.006007973389371563,0.08622791909402777,0.0008134578992260127
3.828125,Fear,False,False,False,True,False,False,False,False,0.008555297171783043,0.00855827384356001,0.06337446564864672,0.33307410049791286,0.008549191624080436,0.1222728571887024,0.12227045358060576,0.3333453604447088
3.8671875,Fear,False,False,False,True,False,False,False,False,0.004920234225816745,0.0018088342822448586,0.01337019666692853,0.5213647359186752,0.1918639038324356,0.1917559553840379,0.0049201093946767156,0.06999603029518466
3.90625,Inspiration,False,False,False,False,True,False,False,False,0.0040022937784840685,0.0005415958361101678,0.004003894547999045,0.054382201992755064,0.42485066421224055,0.42497362416348555,0.02984020381291955,0.05740552165600599
3.9453125,Inspiration,False,False,False,False,True,False,False,False,0.0024448518280049117,0.0008972004149291431,0.006629853076282965,0.002438663464713087,0.7038452644993757,0.2590542285651275,0.006647997712986666,0.01804194043857994
3.984375,Joy,False,False,False,False,False,True,False,False,0.0008880758152582942,0.0024159127925907535,0.01787841694219145,0.0008879383754322409,0.2563687198424635,0.697007085631734,0.01797279477607751,0.006581055824252072
4.0234375,Inspiration,False,False,False,False,True,False,False,False,0.0009406224602690692,0.0025605529394420916,0.05144128776720921,0.00034594829928920627,0.7381276403684134,0.09985748316837925,0.09977637887101036,0.006950086125987332
4.0625,Inspiration,False,False,False,False,True,False,False,False,0.0015971704949223177,0.16942632862600673,0.001597239428871716,0.00434141959931343,0.4611871955645671,0.16955556143529474,0.1694758003974239,0.02281928445359995
4.1015625,Inspiration,False,False,False,False,True,False,False,False,0.007177301516419576,0.1029560817654228,0.0026377487298103394,0.00035667587790439077,0.7614162138865018,0.10303301226200101,0.019786466103269496,0.002636499858670595
4.140625,Inspiration,False,False,False,False,True,False,False,False,0.007485487617125856,0.039529871901271815,0.10751480955768275,0.00037255785799307647,0.7952730168473024,0.03958325441575661,0.007485408986663704,0.002755592816203828
4.1796875,Inspiration,False,False,False,False,True,False,False,False,0.008613468555130743,0.016669989885649425,0.016708973234360814,0.023422228485385763,0.9141658416793664,0.003167226213143426,0.008613476970030431,0.008638794976932998
4.21875,Inspiration,False,False,False,False,True,False,False,False,0.007678253753463008,0.11008873564943539,0.002820990804441498,0.001036801263873586,0.8141427471298235,0.040500115388253315,0.020912602308438655,0.0028197537022711283
4.2578125,Inspiration,False,False,False,False,True,False,False,False,0.0862562267286397,0.2347742970369917,0.0008137412885094281,0.0008136602877660361,0.6387578677628307,0.031752965096619366,0.0060175993928718195,0.0008136424057712762
4.296875,Inspiration,False,False,False,False,True,False,False,False,0.03402522837636149,0.006470669519813864,0.0008732476019542852,0.002373951453793385,0.6856008084131208,0.2522322132787997,0.017550377554085932,0.0008735038020707047
4.3359375,Joy,False,False,False,False,False,True,False,False,0.18665809695791485,0.18655837998259953,0.012988536936994158,0.0017567050656315864,0.06865643017126823,0.5074375056212962,0.03529790537179342,0.0006464398925020539
4.375,Amusement,True,False,False,False,False,False,False,False,0.39087080943692704,0.14348954291116525,0.0013539656784174864,0.000497891836706958,0.390882871804279,0.010023065118085785,0.0528763227262193,0.01000553048819925
4.4140625,Amusement,True,False,False,False,False,False,False,False,0.24786661983707647,0.2477477052355344,0.0008587264473996913,0.0023350793344767543,0.09055222617615202,0.033547294309148316,0.24787367352336923,0.12921867513684315
4.453125,Joy,False,False,False,False,False,True,False,False,0.11013022452048742,0.04048461705992066,0.02082907166182815,0.0010367047427067542,0.0028194157789312745,0.814214706167161,0.007666487671555588,0.0028187723974092836
4.4921875,Amusement,True,False,False,False,False,False,False,False,0.6538667686208214,0.002263402992541296,0.08846318503870015,0.000306223316038385,0.006150947320858912,0.24053170225004988,0.006154280140567877,0.0022634903204222616
4.53125,Amusement,True,False,False,False,False,False,False,False,0.4033456960132482,0.0037944372689554945,0.14836284936689884,0.0013955873565457111,0.01031202159129415,0.4033534675243967,0.028040355000252305,0.0013955858784086752
4.5703125,Joy,False,False,False,False,False,True,False,False,0.10316824463226451,0.0009703738665270986,0.1031737965169744,0.002637810744929889,0.01949227204403706,0.7624167684613207,0.00717033701627769,0.000970396717668608
4.609375,Disgust,False,False,True,False,False,False,False,False,0.0877587699285065,0.0008254932854327743,0.6485142520411917,0.0008254363509993792,0.006099589372852406,0.2385708692824364,0.016580145572417763,0.0008254441661630246
4.6484375,Amusement,True,False,False,False,False,False,False,False,0.7623724968278986,0.007173222216332126,0.10317065116118826,0.0003570914519087647,0.10316116423441155,0.0071737619792798775,0.002639173795115553,0.013952438333865174
4.6875,Amusement,True,False,False,False,False,False,False,False,0.49113518980432425,0.0016997050992003152,0.0006252646376503156,0.06641434091100436,0.18064163299885178,0.06644618399437718,0.012567226795096339,0.1804704557594955
4.7265625,Amusement,True,False,False,False,False,False,False,False,0.4550956780723092,0.0116374412177878,0.031664533104571624,0.011638604003355554,0.4551223795006835,0.0015749148648862945,0.0316917135517287,0.0015747356846772817
4.765625,Amusement,True,False,False,False,False,False,False,False,0.3270817925419329,0.008363635631999815,0.0030766669590473555,0.003076796495325169,0.32710011533747446,0.32709233111385627,0.0030769147640728957,0.0011317471562911701
4.8046875,Inspiration,False,False,False,False,True,False,False,False,0.20001713336351418,0.005114306026193645,0.027044937381983814,0.005114037571681519,0.5437011199176996,0.19998963728320202,0.013904560766098363,0.005114267689626738
4.84375,Amusement,True,False,False,False,False,False,False,False,0.6872773078723996,0.0008750277311585913,0.01772372965950949,0.0023782177305878313,0.2528351958503722,0.0341541987379068,0.0023781986319369886,0.002378123786128395
4.8828125,Amusement,True,False,False,False,False,False,False,False,0.6522743315110965,0.0008303561684886999,0.011921139677739447,0.0022570120947955413,0.23996176661083196,0.08824140895523547,0.002257050045852348,0.0022569349359601366
4.921875,Inspiration,False,False,False,False,True,False,False,False,0.24134629088477164,0.0008354988498530323,0.0022704500154181115,0.0022703062414979164,0.6560524146956357,0.08877898729155174,0.006175686099544962,0.002270365921726863
4.9609375,Amusement,True,False,False,False,False,False,False,False,0.3256388870058753,0.0030644707184634633,0.008338332172549682,0.008333450714551592,0.32553146520778375,0.32561451564380584,0.0004146259043197734,0.003064252632650579
5.0,Amusement,True,False,False,False,False,False,False,False,0.6380859009318011,0.0002989801096389223,0.0008136615769633973,0.0022107255837016354,0.23474977431895885,0.08614027117802477,0.031685992384161726,0.006014693916749649
5.0390625,Inspiration,False,False,False,False,True,False,False,False,0.0008966118913435235,0.0003297697489595297,0.09523506730046741,0.09524192939960577,0.7039619705616338,0.0024374149687050786,0.006661004856792247,0.0952362312724927
5.078125,Amusement,True,False,False,False,False,False,False,False,0.2976539135261169,0.001031204933682789,0.10844119414858995,0.15715964140758296,0.1096040190365542,0.0076196953938967105,0.2977134776231853,0.020776853930391193
5.1171875,Sadness,False,False,False,False,False,False,True,False,0.0028549558329031706,0.002852442069346974,0.04055060860052839,0.0028590814222788606,0.11148202502444642,0.0077668017717460545,0.8238734561525612,0.007760629126188879
5.15625,Inspiration,False,False,False,False,True,False,False,False,0.0023736497352825924,0.00032119326561618855,0.2522536442645546,0.006452681659794567,0.6858118628653979,0.006455033141161469,0.012200470252314835,0.03413146481587773
5.1953125,Amusement,True,False,False,False,False,False,False,False,0.42859987762103857,0.0005462062107221485,0.05800820775126302,0.010983416888168887,0.4289875472609578,0.010971564531128467,0.057865866228131106,0.004037313508589908
5.234375,Inspiration,False,False,False,False,True,False,False,False,0.1073618837187754,0.0010105127678300644,0.05526559681220302,0.02030688875253867,0.7937256593523825,0.020308541359387578,0.0010104852709710282,0.001010431965911806
5.2734375,Amusement,True,False,False,False,False,False,False,False,0.39301621155145205,0.0013605491971374493,0.14418474178870702,0.010052807670151782,0.3931283296366687,0.053197948822685644,0.003699115537317911,0.001360295795879363
5.3125,Disgust,False,False,True,False,False,False,False,False,0.05734506826027664,0.00398933297857737,0.4233116280733849,0.029476794219085094,0.4239875264478866,0.05736049380007539,0.003989402967051759,0.0005397532536620752
5.3515625,Amusement,True,False,False,False,False,False,False,False,0.6814011468875085,0.0003191967670292107,0.04748025906356319,0.006410800657878448,0.2506949164503877,0.006415964395333883,0.006410215059288,0.0008675007190110155
5.390625,Inspiration,False,False,False,False,True,False,False,False,0.03409346565395204,0.017560076709750502,0.006445131233530307,0.002370439790317074,0.6849390358805627,0.25190058542525184,0.0023704942798012034,0.0003207710268343373
5.4296875,Inspiration,False,False,False,False,True,False,False,False,0.14752002923159205,0.01037478188568025,0.010267395337731649,0.0013882623860555071,0.4011072953836625,0.4009352748723068,0.027896218213142348,0.0005107426898288746
5.46875,Amusement,True,False,False,False,False,False,False,False,0.39111202728303107,0.05226899722426918,0.010030735575504376,0.001353857019206897,0.3911827256348796,0.14354832044368301,0.01000524066612462,0.0004980961533011829
5.5078125,Amusement,True,False,False,False,False,False,False,False,0.4366755181327122,0.058661925786744534,0.00410930990974678,0.001511524672381767,0.43672067019681554,0.03044031525066668,0.030369186274576413,0.001511549776356126
5.546875,Inspiration,False,False,False,False,True,False,False,False,0.10241286989013539,0.013826328242065764,0.0009642584188632881,0.0026215378325663264,0.7573404714465168,0.10248113262660691,0.019388948393441522,0.0009644531498038682
5.5859375,Amusement,True,False,False,False,False,False,False,False,0.44191886334533886,0.011361395074425969,0.01133549786407174,0.001529682838434187,0.44183189061982303,0.059754890503497304,0.030737727009499075,0.0015300527449099367
5.625,Amusement,True,False,False,False,False,False,False,False,0.4244531588020645,0.0572330386486962,0.003996025096319389,0.0005405679103863404,0.4244690475790146,0.021087294353382736,0.05735680507249871,0.01086406253763756
5.6640625,Amusement,True,False,False,False,False,False,False,False,0.38712591487739095,0.14238245214071113,0.0004933505686437555,0.0013417788318125724,0.3870620213750318,0.019262875093280778,0.05226838538832187,0.010063221724807028
5.703125,Joy,False,False,False,False,False,True,False,False,0.22616322998894473,0.01588404439365162,0.005788673508567879,0.005792182699147801,0.08273208454913651,0.6149933031497541,0.0428534292189478,0.005793052491849602
5.7421875,Amusement,True,False,False,False,False,False,False,False,0.5747904956942718,0.07723779764044165,0.014714183171569646,0.00199047468781503,0.04020231369242868,0.2114334826412133,0.07764025860279096,0.0019909938694690306
5.78125,Anger,False,True,False,False,False,False,False,False,0.1325152013940374,0.3602326529263817,0.00045911148314635637,0.0012482385368685104,0.0033950471038091453,0.1325733592263738,0.3603334566609613,0.009242932668421742
5.8203125,Amusement,True,False,False,False,False,False,False,False,0.26209266483660876,0.2598050122974818,0.0009075677447987587,0.09638298821782233,0.09356200891272295,0.2621325450029674,0.006714974112598063,0.018402238874999973
5.859375,Joy,False,False,False,False,False,True,False,False,0.16386181350543166,0.001543599324519794,0.0015434144548093875,0.1633398397201904,0.1636209378540279,0.44513579268678205,0.05941020172568845,0.001544400728550387
5.8984375,Sadness,False,False,False,False,False,False,True,False,0.19764396732093095,0.1973936834806149,0.005059818301494251,0.013782584774266903,0.037502473007013634,0.009829911509576836,0.5369272970004955,0.0018602646056070842
5.9375,Amusement,True,False,False,False,False,False,False,False,0.4392621068914265,0.05937602143418648,0.0015208296852478789,0.00413807690178967,0.030621949939639542,0.4392584985418936,0.02168799785934605,0.0041345187464702894
5.9765625,Amusement,True,False,False,False,False,False,False,False,0.7003076891861324,0.0024268709237533614,0.00659633461477032,0.006593415664884447,0.25768956540761523,0.012793645082236054,0.012700573380179709,0.0008919057404285085
6.015625,Inspiration,False,False,False,False,True,False,False,False,0.08851563875018623,0.016758582652540183,0.08855299541388095,0.0008334486902752573,0.6545415319004751,0.08847807224517829,0.04557648699931176,0.01674324334815218
6.0546875,Amusement,True,False,False,False,False,False,False,False,0.2957926243748079,0.03989906551409971,0.007571504678713333,0.039728223483860105,0.02057675783045128,0.29557880994898555,0.2932872672117932,0.007565746957288876
6.09375,Inspiration,False,False,False,False,True,False,False,False,0.1974082878895313,0.01376140457111311,0.037358479487471286,0.013730050304893236,0.5367168659791057,0.0018578186026691054,0.19730954555654912,0.0018575476086671594
6.1328125,Amusement,True,False,False,False,False,False,False,False,0.655927282239972,0.002272171685669535,0.08880927460603445,0.006182008395574783,0.24142734425795898,0.0022730572186917737,0.0022731844604700737,0.0008356771356284275
6.171875,Disgust,False,False,True,False,False,False,False,False,0.034379274616785256,0.0024013273199509784,0.6923307690123106,0.2545571444874133,0.0008825428757390494,0.006523497227409956,0.00240449559828344,0.006520948862107113
6.2109375,Amusement,True,False,False,False,False,False,False,False,0.8103905677611773,0.014522582230164987,0.04026393701365956,0.013742300834917695,0.10960019580773775,0.007636435112571845,0.0010343607090528238,0.0028096205307180664
6.25,Inspiration,False,False,False,False,True,False,False,False,0.031750226327696106,0.0008129598215852081,0.08627905953262441,0.23449635433433233,0.6381433903068732,0.006009281975984151,0.00029910730135634836,0.002209620399548309
6.2890625,Fear,False,False,False,True,False,False,False,False,0.0140556486115496,0.0006423667183171651,0.012948840006830917,0.5041025272021703,0.18549170527054756,0.0965381971548413,0.18447371003564533,0.0017470050000978543
6.328125,Joy,False,False,False,False,False,True,False,False,0.026872830572122593,0.013944924218354252,0.013849703885272908,0.0018737059641700429,0.005098141445083783,0.5409161364538091,0.1987341784686455,0.19871037899254163
6.3671875,Inspiration,False,False,False,False,True,False,False,False,0.020698464181311098,0.0014484270185268664,0.029601646932456187,0.05579435184235843,0.4178618988346559,0.417790200761945,0.0005327094881105391,0.05627230094063585
6.40625,Inspiration,False,False,False,False,True,False,False,False,0.0027713611753074287,0.002771332216717136,0.0010194136588058836,0.038420196520556324,0.7995348170167221,0.10819913248132404,0.007540882305164486,0.0397428646254027
6.4453125,Inspiration,False,False,False,False,True,False,False,False,0.0023469936141618276,0.0023466497964352508,0.0008624824153637164,0.0023449747663792557,0.6770667856216432,0.24907765388038977,0.03242116299798475,0.03353329690764197
6.484375,Joy,False,False,False,False,False,True,False,False,0.02017006461032145,0.0010023038549389724,0.03906671623312247,0.0003685185323992667,0.10642872365631095,0.7866005104106741,0.007413439261729764,0.03894972344050297
6.5234375,Inspiration,False,False,False,False,True,False,False,False,0.0024126835500471976,0.0024205449680122135,0.01783214187357975,0.00032638052812416693,0.6964192668368133,0.2561108343135864,0.017920241232283394,0.006557906697553665
6.5625,Inspiration,False,False,False,False,True,False,False,False,0.002463123221392656,0.0024710958864237764,0.002463378960613783,0.006697027330399881,0.7111131436536153,0.2613709951451636,0.006698234696149375,0.006723001106241681
6.6015625,Inspiration,False,False,False,False,True,False,False,False,0.04082262352533069,0.007748030883673712,0.007734939125206961,0.0010456528442897154,0.8209894017009945,0.11108546565530392,0.007730468904080051,0.002843417361120446
6.640625,Inspiration,False,False,False,False,True,False,False,False,0.03124037979379865,0.086158846657465,0.0022109082452651018,0.0008132194233690215,0.6384960748504759,0.23477176689779014,0.0060096557894190146,0.00029914834241715594
6.6796875,Inspiration,False,False,False,False,True,False,False,False,0.03994062690763473,0.002785696293457462,0.022338153664218638,0.0010234570546834762,0.8036320110725473,0.10867865557719934,0.02057788026367846,0.0010235191665806558
6.71875,Inspiration,False,False,False,False,True,False,False,False,0.03628147072097,0.10020937193529096,0.0025660834531334754,0.0009433470437129959,0.7408886867575887,0.09975820825625974,0.019005739888640797,0.00034709194440342845
6.7578125,Inspiration,False,False,False,False,True,False,False,False,0.017910515427405765,0.25629982708875637,0.002413977364585306,0.0008880383093584738,0.6971632555376913,0.0178643733578103,0.006571989939073366,0.000888022975319202
