time_sec,pred_label,Amusement,Anger,Disgust,Fear,Inspiration,Joy,Sadness,Tenderness,prob_Amusement,prob_Anger,prob_Disgust,prob_Fear,prob_Inspiration,prob_Joy,prob_Sadness,prob_Tenderness
0.0390625,Inspiration,False,False,False,False,True,False,False,False,0.10081489587279714,0.10095159082803579,0.00034933762736236444,0.037144420731243404,0.7461124974493095,0.005023093325148368,0.0025868228436909412,0.0070173413224123805
0.078125,Amusement,True,False,False,False,False,False,False,False,0.36081576034849605,0.0012490042993879753,0.1327467853183257,0.009232347135761626,0.0012486723496011964,0.13273849222739253,0.0012490404314131275,0.3607198978896218
0.1171875,Disgust,False,False,True,False,False,False,False,False,0.0015960116057957183,0.022905992535516378,0.4610151918636883,0.1695401265004026,0.1693770116540447,0.1696229413726023,0.004346723743769155,0.0015960007241807997
0.15625,Inspiration,False,False,False,False,True,False,False,False,0.0008258702066071433,0.0008258212996192484,0.08775663533014065,0.23859115207800638,0.6484718918215172,0.016587848041850158,0.0008258326180436287,0.006114948604215528
0.1953125,Disgust,False,False,True,False,False,False,False,False,0.000833886538775279,0.006162577641586889,0.6545227274894914,0.2407666213421386,0.0008340015742867544,0.002273881769580386,0.00616215961538006,0.08844414402876062
0.234375,Disgust,False,False,True,False,False,False,False,False,0.004385081419917032,0.011992131967423499,0.4649430233380814,0.4651203900749031,0.00438158503993403,0.03284500853580938,0.011949031517680399,0.004383748106251193
0.2734375,Inspiration,False,False,False,False,True,False,False,False,0.0017757918220386974,0.0017774900760722208,0.18841003449030821,0.18852397794700906,0.5125275690836868,0.024625174227426484,0.06921303352194912,0.013146928831509443
0.3125,Fear,False,False,False,True,False,False,False,False,0.0010607331061281173,0.0010613597499096292,0.06016090467476112,0.8324002740216543,0.04140066796690129,0.014718967718509333,0.04130615081858929,0.007890941943546975
0.3515625,Fear,False,False,False,True,False,False,False,False,0.005580925836474291,0.005580199620749174,0.079361413845715,0.5917059321304947,0.21732726144479672,0.07964831406937714,0.005597579553852474,0.015198373498540432
0.390625,Inspiration,False,False,False,False,True,False,False,False,0.0025534577521904196,0.019142359164595352,0.05155147181360905,0.01906981459237426,0.7370371595260401,0.018882823677342533,0.05226519924696449,0.09949771422688376
0.4296875,Fear,False,False,False,True,False,False,False,False,0.001115856621385661,0.022440263955350846,0.022513172213472016,0.16935387440720193,0.3222908527304757,0.022442777987293935,0.32131450226859865,0.1185286998162212
0.46875,Inspiration,False,False,False,False,True,False,False,False,0.0074136710616807145,0.0003689088994240952,0.020171365369285946,0.03819457513121207,0.7872158166901378,0.10650646335352672,0.001002781914621325,0.03912641758011123
0.5078125,Amusement,True,False,False,False,False,False,False,False,0.6783295468525978,0.017402460073463428,0.017362485047205355,0.0063904350964309395,0.09178570616061985,0.09157195729683223,0.09076951785000373,0.006387891622846785
0.546875,Inspiration,False,False,False,False,True,False,False,False,0.009377299687849916,0.06898404215283271,0.009328748939554583,0.02535990973508975,0.3646355581178335,0.3629000980301391,0.025402528026407994,0.1340118153102925
0.5859375,Amusement,True,False,False,False,False,False,False,False,0.4200459492492566,0.0014549130864249982,0.05679672545322159,0.07947470249089642,0.4201696703364528,0.010764834898247028,0.0005351056910048307,0.010758098794495768
0.625,Inspiration,False,False,False,False,True,False,False,False,0.10131316315982432,0.037183901678684954,0.0009540875032624337,0.0009537036224181928,0.748832752706272,0.10111858909009762,0.0025932914739079517,0.007050510765532497
0.6640625,Inspiration,False,False,False,False,True,False,False,False,0.007659729480029505,0.002812107540852381,0.0003798632676806687,0.007649753644750707,0.8108260946646438,0.10958616277134742,0.020791813184990744,0.04029447544570462
0.703125,Inspiration,False,False,False,False,True,False,False,False,0.040433733788812945,0.002821942051226661,0.00103781356011967,0.007664278795795654,0.8142909433731919,0.1100938267309784,0.020837306871067173,0.002820154828807567
0.7421875,Inspiration,False,False,False,False,True,False,False,False,0.04096759856102888,0.007794482457420275,0.0028541990266363008,0.0028515118437921084,0.8235381622177617,0.11138507644786427,0.007755673817573761,0.0028532956279227373
0.78125,Inspiration,False,False,False,False,True,False,False,False,0.101118703772202,0.10116342316281951,0.0003506070193809255,0.0025900692848518057,0.747945559490367,0.007052553616460156,0.037187878353815894,0.002591205300102594
0.8203125,Inspiration,False,False,False,False,True,False,False,False,0.047046096518480386,0.24454835720222573,0.00031209755220842054,0.0023124209230072712,0.6655277427977622,0.03312709175275497,0.006277481447045776,0.000848711806515232
0.859375,Anger,False,True,False,False,False,False,False,False,0.18190070916639214,0.49443692067313466,0.0017136901122563292,0.004658621308503161,0.06687539302451148,0.18194354515925662,0.06675741897547897,0.0017137015804667554
0.8984375,Inspiration,False,False,False,False,True,False,False,False,0.09835214738556125,0.09835409644711239,0.0009263298513468043,0.0025179211708192062,0.7271436841972507,0.03619126286209641,0.03617378874931079,0.0003407693365023985
0.9375,Amusement,True,False,False,False,False,False,False,False,0.3571484601022461,0.3571596437485858,0.0012374634797085826,0.0033651284106510906,0.017736436805904584,0.13146993615803176,0.13142774304269256,0.00045518825217940505
0.9765625,Joy,False,False,False,False,False,True,False,False,0.10424904148775166,0.0072759981025569695,0.00725690228245579,0.0026687490022848466,0.002669154367776261,0.7706722379703671,0.1042264619987968,0.0009814547880104786
1.015625,Joy,False,False,False,False,False,True,False,False,0.2127671548298305,0.005463387942277839,0.07748144198199483,0.002002971358369931,0.040273522400852885,0.5785471407122913,0.07801785043499145,0.005446530339391165
1.0546875,Anger,False,True,False,False,False,False,False,False,0.13320718077324598,0.36206919968509715,0.0034109144856364145,0.003410274188717589,0.0012545460070920085,0.1332129003101092,0.36218060909746325,0.0012543754526383576
1.09375,Joy,False,False,False,False,False,True,False,False,0.1724177762913949,0.004426399348349328,0.0044137926047767145,0.17166500057105732,0.0016238850235888954,0.4689010260042997,0.17213733427478872,0.004414785881744367
1.1328125,Joy,False,False,False,False,False,True,False,False,0.0391128870217068,0.0010020170193092634,0.039035817277777246,0.10524748001832335,0.007399090706265113,0.786164573309521,0.021669724497898654,0.00036841014919862574
1.171875,Amusement,True,False,False,False,False,False,False,False,0.7039224755325256,0.01805256845373252,0.09522976993577567,0.002437867085069125,0.048976629496914996,0.09527214617479725,0.018090685542073593,0.018017857779111246
1.2109375,Joy,False,False,False,False,False,True,False,False,0.04174844377383923,0.001069478724421921,0.041806125056432976,0.058668162741680796,0.007903312651379234,0.8397959991227457,0.007939297200251353,0.0010691807292487314
1.25,Disgust,False,False,True,False,False,False,False,False,0.018327803336731043,0.000328486676768296,0.7010566652682689,0.006729936754947704,0.0024280984810468465,0.25793090497037247,0.006599083557420723,0.006599020954444045
1.2890625,Disgust,False,False,True,False,False,False,False,False,0.014240224407944629,0.0003648871313780736,0.7787391594345137,0.10528752713912909,0.000991616927342504,0.0387478663107896,0.007333822710055122,0.054294895938847364
1.328125,Amusement,True,False,False,False,False,False,False,False,0.39932432795425016,0.0013839299345806922,0.14698564127327424,0.3994831779746967,0.001383403321128882,0.019876757069322838,0.02780099181993497,0.003761770652811514
1.3671875,Fear,False,False,False,True,False,False,False,False,0.0028218311078990546,0.0076677352394266245,0.11017162795886236,0.8141152787063325,0.04051035029143465,0.020855717932944183,0.002820149450473531,0.0010373093126270735
1.40625,Fear,False,False,False,True,False,False,False,False,0.002275125995554017,0.0022737621016412366,0.24149946038544395,0.656498291273768,0.002305593461991836,0.006192794358521217,0.0008363356933176024,0.08811863672976222
1.4453125,Fear,False,False,False,True,False,False,False,False,0.012379752635976767,0.006661365239409748,0.2592952632450111,0.7050323583421205,0.0008982337403956775,0.006642723607867021,0.002444640570204942,0.0066456626190140285
1.484375,Fear,False,False,False,True,False,False,False,False,0.0008667028142825065,0.0023552246183094773,0.24977328413003771,0.6789949560976312,0.002357799306461752,0.017439749835212535,0.0008654565518513676,0.047346826646213695
1.5234375,Fear,False,False,False,True,False,False,False,False,0.002399485322867129,0.000882190282224974,0.25468073699522653,0.6923552549943711,0.034240446919741256,0.006520445959317383,0.006522328472925826,0.002399111053325734
1.5625,Fear,False,False,False,True,False,False,False,False,0.0024559684015327096,0.0009032042734185736,0.2608451431310627,0.7090265079630378,0.0066894221572770095,0.006676427692408617,0.006679355455984441,0.006723970925278169
1.6015625,Fear,False,False,False,True,False,False,False,False,0.03387108248353439,0.000880451070393155,0.2540814139318932,0.6907488331372316,0.006506774934751599,0.006506758992532855,0.0008804448435314113,0.00652424060613185
1.640625,Fear,False,False,False,True,False,False,False,False,0.000376539793049732,0.0027858530542177826,0.03995411156287084,0.8033719835114921,0.10864735291165596,0.02143747140535134,0.02064258890437814,0.0027840988569841386
1.6796875,Joy,False,False,False,False,False,True,False,False,0.001836040581231874,0.001836331827045803,0.037040942035947315,0.19470865912121643,0.19480876258007768,0.5298292431483123,0.013609085770273852,0.02633093493589477
1.71875,Fear,False,False,False,True,False,False,False,False,0.001799532948965557,0.01331276837168566,0.013328971015397206,0.5186000145748267,0.19070195859793995,0.19056110217907432,0.001799305487822105,0.0698963468242884
1.7578125,Fear,False,False,False,True,False,False,False,False,0.002653690660351596,0.002652799338463287,0.0026500375731015745,0.7647123137294942,0.1033039426472422,0.10341831334827874,0.0009763070260661992,0.019632595677002183
1.796875,Inspiration,False,False,False,False,True,False,False,False,0.006167360790630695,0.0008354007690104367,0.0883307559052183,0.006171744759706002,0.6546964063159384,0.24069097221780877,0.0008353280286418645,0.0022720312130455663
1.8359375,Inspiration,False,False,False,False,True,False,False,False,0.006603663586738504,0.002432260169190579,0.00662038239496171,0.00032887878648775454,0.7013391939545692,0.25791722611219575,0.017990870071904055,0.006767524923952564
1.875,Joy,False,False,False,False,False,True,False,False,0.002265325830258139,0.006169218001129757,0.2403720025373078,0.00030643285109544416,0.0884589884324444,0.6540001291222869,0.006160156614875257,0.002267746610602321
1.9140625,Inspiration,False,False,False,False,True,False,False,False,0.004811218880376328,0.0017710999820127237,0.18781067097922188,0.03562500923085398,0.5110847128308024,0.1880102565508067,0.0017704221959949176,0.06911660934993104
1.953125,Inspiration,False,False,False,False,True,False,False,False,0.0010304251980906523,0.0028025033015676667,0.10939067528598169,0.007618883090866286,0.8088054270638668,0.007617188728268539,0.0599333138448121,0.0028015834865462034
1.9921875,Inspiration,False,False,False,False,True,False,False,False,0.0008646645682084949,0.0023530859761360643,0.01745817437509974,0.002350582560782273,0.678968670595438,0.24966911697423688,0.04746973760370514,0.0008659673463934073
2.03125,Inspiration,False,False,False,False,True,False,False,False,0.005245476752962675,0.2044913114472997,0.07516064987666339,0.0019306987280655222,0.557187381747506,0.07535729881109887,0.00524604356341699,0.07538113907298687
2.0703125,Disgust,False,False,True,False,False,False,False,False,0.0013971662842725482,0.01033641170324448,0.40328212217636406,0.1483098101757065,0.40331027480627757,0.0038351504505288844,0.0013974560786896406,0.028131608324916377
2.109375,Inspiration,False,False,False,False,True,False,False,False,0.00033001218938785926,0.09507025893723316,0.09510274056382058,0.006643503232221967,0.704333029921058,0.0008974892338608697,0.09518172496321231,0.0024412409592052685
2.1484375,Inspiration,False,False,False,False,True,False,False,False,0.017748239801465154,0.2545158822991126,0.00032436453219542645,0.0023984280117564567,0.6921298065252665,0.017833485734523116,0.012651454463864537,0.00239833863181617
2.1875,Anger,False,True,False,False,False,False,False,False,0.010351114234108932,0.4039383467817804,0.0013998433336155818,0.02002821251809145,0.40387024055680787,0.14864635964159428,0.01036547246645855,0.0014004104675429546
2.2265625,Amusement,True,False,False,False,False,False,False,False,0.26188757047107936,0.26194462487791664,0.0067162445169901145,0.01289229679380182,0.09620147949947534,0.2618727721287715,0.09601487231103119,0.0024701394009340066
2.265625,Amusement,True,False,False,False,False,False,False,False,0.37706986973917134,0.1386110003056358,0.00048041006373262515,0.003549522839572243,0.3769642244099667,0.05100355876379376,0.05101553707453434,0.0013058768035933165
2.3046875,Amusement,True,False,False,False,False,False,False,False,0.49362882952295767,0.06671096004873861,0.0046478803836964505,0.004646487752530295,0.06657473717800994,0.1816269043229391,0.1815354726408772,0.0006287281502507757
2.34375,Joy,False,False,False,False,False,True,False,False,0.10979667258305231,0.007644220417840846,0.02087409933220283,0.001033489756214443,0.007639537770485941,0.811624529853694,0.04035401948288094,0.0010334308036285867
2.3828125,Amusement,True,False,False,False,False,False,False,False,0.7624254160013487,0.002641714049498186,0.10311516579101697,0.0009709263515629349,0.01950201066229868,0.10318845018624183,0.007185350552115996,0.0009709664059167905
2.421875,Amusement,True,False,False,False,False,False,False,False,0.6084822102925923,0.046274158800694014,0.015715221963348725,0.005727014782807026,0.015573922423711596,0.22385088761829675,0.08227012076472008,0.0021064633538295705
2.4609375,Amusement,True,False,False,False,False,False,False,False,0.4393450271194273,0.004145985609324685,0.030657348436401846,0.021117559665614166,0.00413813727967244,0.4396871694622151,0.059386572122339346,0.001522200305005082
2.5,Joy,False,False,False,False,False,True,False,False,0.03136684785036733,0.00029910310453409714,0.23476658332771005,0.002210173754346369,0.0008127159255940815,0.638330931864528,0.08620722802237055,0.006006416150549552
2.5390625,Amusement,True,False,False,False,False,False,False,False,0.3923685495647233,0.0005001937797246223,0.3924914216381238,0.052814813212495294,0.0036939027922377483,0.14439040608272047,0.010044801774139401,0.003695911155835525
2.578125,Amusement,True,False,False,False,False,False,False,False,0.28457092095196973,0.007295033820871075,0.1046614965152107,0.2842911796087391,0.007286441804762239,0.28474212671488974,0.019866712946851512,0.0072860876367058895
2.6171875,Joy,False,False,False,False,False,True,False,False,0.0026402076248653434,0.0003569200328235799,0.10304386723711367,0.10297284848238063,0.01952799284483098,0.7616506578971927,0.007170032882066409,0.002637472998726635
2.65625,Fear,False,False,False,True,False,False,False,False,0.017972688209940406,0.0024216963274874413,0.25706013448207093,0.6988883215208811,0.0024249316906212667,0.0024227272996507542,0.000890679926165449,0.01791882054318278
2.6953125,Fear,False,False,False,True,False,False,False,False,0.04056945245350408,0.10861481167582104,0.02095261907479724,0.815471738092875,0.0028250439179185673,0.0028287235149061125,0.0010405364537670661,0.007697074816410795
2.734375,Fear,False,False,False,True,False,False,False,False,0.014868969445614345,0.0051898345245042,0.20236575510611837,0.5505732997200407,0.20250053335228774,0.005194054974518259,0.014120821199300502,0.0051867316776158775
2.7734375,Disgust,False,False,True,False,False,False,False,False,0.010062174189133194,0.0013612311369147468,0.3931318516238358,0.3931049558845253,0.053089972443761055,0.1441882331943943,0.0013613359040282593,0.0037002456234073756
2.8125,Fear,False,False,False,True,False,False,False,False,0.012679891482219324,0.002423826875703181,0.25734510489947093,0.6997245229544589,0.0008915962886729043,0.0179240482623665,0.0024228795087660473,0.006588129728342257
2.8515625,Disgust,False,False,True,False,False,False,False,False,0.0023736752642715326,0.004126812331274017,0.684176771431636,0.2517261041789409,0.0023723339272418644,0.04787874407588045,0.0008723192387876678,0.006473239551967511
2.890625,Disgust,False,False,True,False,False,False,False,False,0.0030905574204308974,0.003092807508374275,0.32822727347660774,0.32821162482364735,0.32810353441611007,0.0030903848215820227,0.003092035366938841,0.003091782166308989
2.9296875,Fear,False,False,False,True,False,False,False,False,0.0008915054943013279,0.002423308322855619,0.2573800032115478,0.6995940957557675,0.01276089499894513,0.0024237054906737217,0.006590267700262547,0.017936219025646398
2.96875,Fear,False,False,False,True,False,False,False,False,0.022050535229154605,0.0010956747707227513,0.04274585339295476,0.8594813970679729,0.022711554517392225,0.00811611114058798,0.0010951781366503465,0.04270369574456444
3.0078125,Disgust,False,False,True,False,False,False,False,False,0.0006594957552161282,0.004875416592254545,0.5174089379192508,0.1903706789809346,0.19021958488563276,0.06993046317703425,0.013270464667705506,0.013264958021971552
3.046875,Disgust,False,False,True,False,False,False,False,False,0.0036685595793263096,0.0013499033381646779,0.38947727066394616,0.14325834624624253,0.3896507036115186,0.051867334488436695,0.0013508896797750855,0.019376992392589984
3.0859375,Inspiration,False,False,False,False,True,False,False,False,0.19364581252490978,0.004971485091108984,0.026188079220394192,0.03943163848394097,0.5277268762665616,0.19375983125774388,0.0006724415682072784,0.013603835587133318
3.125,Inspiration,False,False,False,False,True,False,False,False,0.006473447731542617,0.006485384566131323,0.03362645151992379,0.0008755718777749629,0.686640000843754,0.2524835164475907,0.0008752177910164117,0.01254040922226624
3.1640625,Inspiration,False,False,False,False,True,False,False,False,0.0022652895327773892,0.0022684457464143314,0.24028387775156468,0.0003065418665412691,0.6540719562172421,0.08847138463051141,0.006161831776166918,0.006170672478781896
3.203125,Inspiration,False,False,False,False,True,False,False,False,0.002251307052408823,0.0022526079279850653,0.011900272908958925,0.0003046608827638102,0.6501771369699665,0.23909108643208346,0.08789958787113479,0.006123339954698671
3.2421875,Joy,False,False,False,False,False,True,False,False,0.006130637746165996,0.0008300378049453917,0.08770667383993618,0.0008293754416589817,0.23948996418798926,0.6511222422716182,0.002255567841658283,0.011635500866027814
3.28125,Inspiration,False,False,False,False,True,False,False,False,0.0026525409252839945,0.10296058113932749,0.007263534946600864,0.002654693928359525,0.7658890319286857,0.10361480323165059,0.0009758493226162006,0.013988964577475657
3.3203125,Inspiration,False,False,False,False,True,False,False,False,0.00789190306736896,0.00788752459739548,0.11331352305350909,0.0010672564203890518,0.8375646153406073,0.0029005265198883082,0.02149016285002769,0.00788448815081394
3.359375,Inspiration,False,False,False,False,True,False,False,False,0.0003035496177826571,0.016596793763063434,0.08766382254884711,0.002242881399352836,0.647979321382912,0.00613743311011653,0.23825114340284653,0.0008250547750789173
3.3984375,Inspiration,False,False,False,False,True,False,False,False,0.0010844980453655814,0.04207186546580924,0.021876386056859286,0.059261798171828445,0.8515189193129079,0.005728004862938117,0.0029483275088664665,0.015510200575424921
3.4375,Inspiration,False,False,False,False,True,False,False,False,0.0066843060355564156,0.006676590890806447,0.0009031736540449293,0.0024567246018673957,0.7091342288670249,0.2607868595692274,0.006679028966512732,0.006679087414959701
3.4765625,Inspiration,False,False,False,False,True,False,False,False,0.144528153358273,0.0036990340758733748,0.05313360286652445,0.001360382650699644,0.39291950188195524,0.3929442221089988,0.010054760832523893,0.0013603422251513508
3.515625,Amusement,True,False,False,False,False,False,False,False,0.40963257115332513,0.0038563454437830257,0.010479521889722142,0.001417833942617666,0.1506052835865582,0.4096580596953769,0.010496042630649974,0.0038543416579669585
3.5546875,Joy,False,False,False,False,False,True,False,False,0.0414194785680904,0.0028838990704925095,0.0414213333832261,0.0028829281460440344,0.0360849224119312,0.8328511755739096,0.04139584851781023,0.0010604143284957909
3.59375,Joy,False,False,False,False,False,True,False,False,0.10316142753094641,0.002640673964040128,0.10298943429133718,0.0009708416764301896,0.01952848009970538,0.7624910232162783,0.007247349134684542,0.0009707700865778278
3.6328125,Amusement,True,False,False,False,False,False,False,False,0.6495774755602551,0.0008272289038547542,0.08533549006613869,0.00030421974686728676,0.01663161059845329,0.23896270262322022,0.006113103806363113,0.0022481686948475203
3.671875,Amusement,True,False,False,False,False,False,False,False,0.3997374635091707,0.003762998933600613,0.027809270352084692,0.0013834430911692458,0.14628689578554077,0.39975347201175127,0.019883065511805284,0.0013833908048773269
3.7109375,Joy,False,False,False,False,False,True,False,False,0.10127240544699107,0.0009533853149355947,0.10127035495193604,0.0009532109024767045,0.0070449307153491745,0.748727465992641,0.037187323614009574,0.002590923061660869
3.75,Joy,False,False,False,False,False,True,False,False,0.08787327230674559,0.0022496701319564424,0.2388734199238647,0.00030421339801847344,0.0022477928549969515,0.6495322908111292,0.016670935472233247,0.0022484051010554953
3.7890625,Amusement,True,False,False,False,False,False,False,False,0.4439036980598788,0.01136472222903213,0.059944585252922386,0.004178778941069758,0.004177598314499657,0.443945304935222,0.030948573560575565,0.0015367387067996379
3.828125,Amusement,True,False,False,False,False,False,False,False,0.4364448113998858,0.0015136215743461023,0.030466592679710615,0.030435362294105647,0.0015125246302222625,0.4368242297281366,0.0586909605846891,0.004111897108903887
3.8671875,Joy,False,False,False,False,False,True,False,False,0.011756117051129633,0.0008266990493637077,0.0877353204466635,0.23837119990719946,0.006107588082322776,0.6487838447170404,0.006115114186640635,0.00030411655963986196
3.90625,Fear,False,False,False,True,False,False,False,False,0.040139219021691014,0.0028058852950288583,0.10927304431409755,0.8083840138752972,0.001029988613289778,0.014796351004366935,0.0028087974445663594,0.02076270043166231
3.9453125,Fear,False,False,False,True,False,False,False,False,0.04101270480622012,0.11083488758823591,0.0028585999919107756,0.8239679027514883,0.0028550481141983437,0.00784523743612903,0.007767050310547392,0.00285856900127022
3.984375,Fear,False,False,False,True,False,False,False,False,0.09464235741979972,0.00032852554678626316,0.09427453202460041,0.7005595081661063,0.012783086391706477,0.0940909914636143,0.0008929173757483258,0.002428081611638063
4.0234375,Fear,False,False,False,True,False,False,False,False,0.0024261434524434655,0.0024214581558506315,0.2571036895568347,0.6988830005894218,0.00242047517623722,0.017897858280978493,0.0008908068112011732,0.01795656797703262
4.0625,Fear,False,False,False,True,False,False,False,False,0.04189242167077993,0.007969472530253612,0.041933075225117036,0.8425735411909987,0.001073208601181274,0.0029181980762569963,0.0029207490727887545,0.05871933363262361
4.1015625,Fear,False,False,False,True,False,False,False,False,0.05616381495558333,0.001018627973433241,0.10801634346293343,0.7984736674775321,0.007978293810778655,0.007522024256907933,0.0003742159638631324,0.020453012098968135
4.140625,Fear,False,False,False,True,False,False,False,False,0.031594977955923954,0.0002990778301705588,0.2345640900738061,0.638118882974557,0.08636168450927363,0.006037779411823357,0.0008130633013954816,0.0022104439430498135
4.1796875,Disgust,False,False,True,False,False,False,False,False,0.0038144465168606988,0.0013971088211148961,0.40331143215061294,0.4032684967536721,0.010325351572815262,0.028241739510476153,0.14824435748858578,0.001397067185862161
4.21875,Disgust,False,False,True,False,False,False,False,False,0.003901832426609869,0.01050911441584353,0.40968525883505147,0.40952354709463534,0.001419158142970051,0.15047931030878497,0.00386071542385596,0.010621063352248805
4.2578125,Disgust,False,False,True,False,False,False,False,False,0.0013627284927858016,0.0013632466698111703,0.3929769499274039,0.3929209385339906,0.1445191558273683,0.05306942561213739,0.0037097591123099903,0.010077795824192807
4.296875,Disgust,False,False,True,False,False,False,False,False,0.004186055770850802,0.0005660825820086513,0.4441644908643797,0.16317809535257422,0.0600973238896231,0.1630598942339148,0.16320856986620777,0.0015394874404410493
4.3359375,Disgust,False,False,True,False,False,False,False,False,0.009230838000145635,0.0012481004481508767,0.36035765784773377,0.00045908547291949683,0.13249846898848378,0.3604234189293528,0.1323895813150868,0.0033928489981268064
4.375,Disgust,False,False,True,False,False,False,False,False,0.03179361475709658,0.0022150033143951936,0.6395326719854091,0.00029966934940506875,0.08649610263441125,0.2352315389235825,0.0022156223788331883,0.0022157766568671115
4.4140625,Inspiration,False,False,False,False,True,False,False,False,0.00029913043282283464,0.0008127433628505753,0.23450961965265246,0.002209382390115303,0.6381515045188844,0.08632626912472653,0.03168487341359754,0.006006477104350316
4.453125,Inspiration,False,False,False,False,True,False,False,False,0.002275534049665299,0.0008371402011349339,0.032640540502785524,0.0003079205693879338,0.6570864633387525,0.24150723369242513,0.03266712452816184,0.03267804311768677
4.4921875,Inspiration,False,False,False,False,True,False,False,False,0.21064864649885578,0.0007310560871436092,0.03995229599633882,0.014689687849362736,0.5735620639568328,0.07741199385408276,0.005401536529187756,0.07760271922819575
4.53125,Inspiration,False,False,False,False,True,False,False,False,0.038945412335897885,0.0009984845567707458,0.014326097499241264,0.007377732640184598,0.7837806931857993,0.14913922894401138,0.002716104019994335,0.0027162468181005026
4.5703125,Amusement,True,False,False,False,False,False,False,False,0.3219756513367672,0.0011146794988504069,0.008287357133613688,0.022399388714048972,0.3220339640781839,0.3219597298482654,0.0011145895815472843,0.0011146398087231693
4.609375,Amusement,True,False,False,False,False,False,False,False,0.6479301804381239,0.0008251615016232531,0.006097779657696321,0.016576073748692927,0.23834585766521493,0.08767904103485541,0.00030345771467810254,0.002242448239115222
4.6484375,Amusement,True,False,False,False,False,False,False,False,0.40497157806144346,0.001402460738986891,0.0038108130998420375,0.02818108197132055,0.40503439133052915,0.1489768744207226,0.003811878123506522,0.0038109222536487236
4.6875,Inspiration,False,False,False,False,True,False,False,False,0.08766243718149518,0.00030367330431187254,0.0008252507087146756,0.006096682185224318,0.6479740008011808,0.2383159711107733,0.016579106423934866,0.0022428782843649485
4.7265625,Amusement,True,False,False,False,False,False,False,False,0.4096515761229788,0.0038576592186029242,0.010483205882454922,0.010478661401080187,0.40963941108060764,0.15061721859868965,0.0038543082684339186,0.0014179594271520248
4.765625,Amusement,True,False,False,False,False,False,False,False,0.4033383800128646,0.010341563484001365,0.001396105104426706,0.0037950754847385832,0.4033127645387898,0.1483551162391568,0.028064813900047017,0.0013961812359751288
4.8046875,Joy,False,False,False,False,False,True,False,False,0.1089315513076456,0.014399928342741291,0.020613427992865977,0.0027880448913779163,0.04000459945417324,0.8052958818957874,0.00758923514832737,0.0003773309670812247
4.84375,Anger,False,True,False,False,False,False,False,False,0.13866661580656195,0.377084117242633,0.0013066776765142348,0.0035509219596771982,0.05099284624336941,0.3771703109836188,0.050747963737492116,0.0004805463501333074
4.8828125,Amusement,True,False,False,False,False,False,False,False,0.4026828359943658,0.01033083759249692,0.003789520957308678,0.0005127956474498644,0.4027252351370179,0.14813450112053317,0.028034795317824525,0.0037894782330030823
4.921875,Amusement,True,False,False,False,False,False,False,False,0.4935527916098288,0.06667907971573542,0.004647049934581885,0.004646354396152044,0.0667170440368243,0.18160592520740235,0.18152307763318878,0.000628677466286602
4.9609375,Joy,False,False,False,False,False,True,False,False,0.0344538939994452,0.0024007697533986786,0.006521713790097384,0.002397769069141642,0.006519245344569141,0.6924632247911997,0.25436127264933994,0.0008821106028084312
5.0,Anger,False,True,False,False,False,False,False,False,0.1325729121361536,0.36028999737788364,0.0012492619631926034,0.00045936020227146403,0.009228535082934421,0.13262106235431587,0.3601790197705144,0.003399851112734097
5.0390625,Amusement,True,False,False,False,False,False,False,False,0.4683644780974762,0.1721487893786718,0.001622312767054072,0.004411855835517014,0.004410897605394595,0.1723468308140395,0.1722843157815098,0.00441051972033699
5.078125,Fear,False,False,False,True,False,False,False,False,0.06003663696725317,0.00803403463674471,0.004180549780389177,0.4435775435488566,0.0041822458878604234,0.44404446107439793,0.03175672045509625,0.00418780764940173
5.1171875,Fear,False,False,False,True,False,False,False,False,0.10305943066397288,0.002647692520430879,0.00035693366265540394,0.761505667681589,0.0071993948408668375,0.0201338092574368,0.10245837742238637,0.0026386939506618783
5.15625,Amusement,True,False,False,False,False,False,False,False,0.4365185333961999,0.012771176264412229,0.0015123822831068217,0.030950644610858384,0.021355014305932337,0.058938940163272335,0.4364405089911346,0.0015127999850833764
5.1953125,Amusement,True,False,False,False,False,False,False,False,0.7934550932448738,0.01422818299783405,0.001010999096327959,0.039483772749543,0.0027525380550549685,0.03938048421745199,0.10693967693853702,0.002749252700377144
5.234375,Amusement,True,False,False,False,False,False,False,False,0.6500686539102184,0.0008284889472906975,0.0008282315952384984,0.0879582747991366,0.23914854607082006,0.01666419943931434,0.0022520794778595403,0.002251525760121902
5.2734375,Amusement,True,False,False,False,False,False,False,False,0.41132655821151093,0.0038774493693515496,0.0038728485516723848,0.1510835306276807,0.4112650518736672,0.0038774552033029996,0.01082330790733375,0.003873798255480468
5.3125,Amusement,True,False,False,False,False,False,False,False,0.75087023315809,0.033545154350084455,0.002602672069224098,0.1014915666257949,0.10145881369342051,0.0026007615398295205,0.007078912529447646,0.00035188603410896336
5.3515625,Amusement,True,False,False,False,False,False,False,False,0.3255485813855422,0.003068569131463801,0.008382086892751066,0.32557887527978924,0.32555566058362634,0.008383408255101097,0.0004149653394366008,0.0030678531322896993
5.390625,Fear,False,False,False,True,False,False,False,False,0.03696671866899078,0.0009546623321722453,0.10089296748778134,0.7492189255095801,0.10135520266246174,0.007057716145699036,0.0009548313506749649,0.0025989758426397925
5.4296875,Fear,False,False,False,True,False,False,False,False,0.1012385036807642,0.0009568674079907598,0.10130368829316215,0.7487313115557911,0.0009540912154834773,0.007055857223609939,0.037165852449124605,0.0025938281740736997
5.46875,Fear,False,False,False,True,False,False,False,False,0.0009827766769843441,0.007273253975484928,0.10426222417032693,0.7707013729845927,0.10417832855229624,0.002670224553463286,0.0026711132832783306,0.0072607058035733035
5.5078125,Fear,False,False,False,True,False,False,False,False,0.0008151813678208377,0.0008150166397244766,0.2352293989902888,0.6396869774477733,0.03178497931664976,0.08481047668846492,0.0008153710179845824,0.006042598531293314
5.546875,Fear,False,False,False,True,False,False,False,False,0.00243762600755424,0.0024374285404409218,0.2589544205468037,0.7039707084636044,0.0008967694218093996,0.006627227195769095,0.006630083338899723,0.018045736485118657
5.5859375,Fear,False,False,False,True,False,False,False,False,0.007548334865663508,0.002778026384220865,0.1083765239816932,0.8011952440525443,0.001021062062235521,0.020524808125620502,0.0010205206504157694,0.057535479877606314
5.625,Disgust,False,False,True,False,False,False,False,False,0.0013972667207501443,0.0013986314455730815,0.4034389030662479,0.40301426061115875,0.14834647876945395,0.028212345637490612,0.0038009978371958994,0.010391115912129635
5.6640625,Disgust,False,False,True,False,False,False,False,False,0.0013571918422422247,0.0013574769785733424,0.39178039094162204,0.1440868522935178,0.3917001679922358,0.010045402024806629,0.05251510537993229,0.007157412547069944
5.703125,Joy,False,False,False,False,False,True,False,False,0.07694186435901658,0.005398906498227783,0.0772462641436302,0.21018145337780858,0.027926839240262836,0.5720252412099317,0.001982615201409134,0.02829681596971325
5.7421875,Inspiration,False,False,False,False,True,False,False,False,0.004855642211852577,0.004862700972736903,0.025330284534462857,0.18926000368621135,0.5150046566821561,0.18938102833842071,0.0017876536929017231,0.06951802988125769
5.78125,Disgust,False,False,True,False,False,False,False,False,0.006112391528858089,0.0008280636215320873,0.6487721417157403,0.006119170521116445,0.23877165590525798,0.08737166575042374,0.0003042914414241545,0.01172061951564729
5.8203125,Inspiration,False,False,False,False,True,False,False,False,0.0071515424414324655,0.0009682207543186185,0.007152852385759921,0.019448607834420113,0.7596322997919303,0.10257075060354078,0.0003559416807302613,0.1027197845078676
5.859375,Amusement,True,False,False,False,False,False,False,False,0.32554965858255364,0.0030664334264363297,0.0030653272173678295,0.008338022158183748,0.3256655960105918,0.32555838803121273,0.00041477818018090316,0.008341796393472779
5.8984375,Inspiration,False,False,False,False,True,False,False,False,0.03419008430719566,0.0023815436807957807,0.0008755874719684422,0.017588852432188405,0.6873735963299795,0.2528300677064853,0.002380353827800691,0.0023799142435860523
5.9375,Inspiration,False,False,False,False,True,False,False,False,0.08786727297981665,0.00030446661218550556,0.0022502508355837585,0.016619370674815847,0.6496164537948345,0.23884355195683168,0.0022493880051392607,0.002249245140792636
5.9765625,Amusement,True,False,False,False,False,False,False,False,0.36245871200889496,0.13289965318624214,0.003413070421340458,0.0034115708402502934,0.3625327793955948,0.13277416611560716,0.0012549414296872217,0.001255106602383059
6.015625,Inspiration,False,False,False,False,True,False,False,False,0.10006212981222039,0.03676941203481949,0.00034687588883535944,0.0025637406429863214,0.7403218695579832,0.10003689069481109,0.018955418857760337,0.0009436625105839088
6.0546875,Inspiration,False,False,False,False,True,False,False,False,0.034024021189168654,0.006455770763225886,0.0023722235436518867,0.002371919104962855,0.6851291751674629,0.2517848872582462,0.01754097861390967,0.0003210243593720756
6.09375,Amusement,True,False,False,False,False,False,False,False,0.6485465450623668,0.0008266980658511215,0.006110922933061873,0.0008259053793345784,0.23861690236987435,0.08765271922435085,0.016594234444580636,0.0008260725205798329
6.1328125,Amusement,True,False,False,False,False,False,False,False,0.41135811558821467,0.003872484808216829,0.003871583368339946,0.003870434396466608,0.4113755611353805,0.1512527032137335,0.010528265121725245,0.0038708523679228534
6.171875,Amusement,True,False,False,False,False,False,False,False,0.39288644181527993,0.010066157303222046,0.001360399057833873,0.003697988658964666,0.39297815193581753,0.14455291413834426,0.053097690681595436,0.0013602564089422568
6.2109375,Amusement,True,False,False,False,False,False,False,False,0.5750032314020824,0.04007767327243455,0.07475349369304894,0.0054099023973586775,0.07778066347062791,0.21151989375747188,0.01472298976449781,0.0007321522424776906
6.25,Amusement,True,False,False,False,False,False,False,False,0.4441536243274601,0.16312538070531413,0.0005657837857747001,0.0015375131291572811,0.1632464338357359,0.1633562032025078,0.05983397567987778,0.004181085334172332
6.2890625,Amusement,True,False,False,False,False,False,False,False,0.4438188357321151,0.16322905375016056,0.0015382879817985428,0.004183503476713034,0.059976122305864056,0.16334558504627322,0.16334275982416577,0.0005658518829097516
6.328125,Joy,False,False,False,False,False,True,False,False,0.05842653509512652,0.0042089519075347885,0.004068404070527865,0.05735223170660516,0.011063340383291568,0.4320301387381358,0.43135380444938876,0.0014965936493894548
6.3671875,Amusement,True,False,False,False,False,False,False,False,0.6380569033040686,0.006059215386722511,0.03168119756276688,0.000812994312193135,0.00029902216275650746,0.23465945505735072,0.08622045148676573,0.002210760727375813
6.40625,Sadness,False,False,False,False,False,False,True,False,0.17233066814536738,0.17208587842878192,0.0016228731668180905,0.0044109041854341275,0.004410125977433312,0.17230210047721048,0.4684265899426437,0.004410859676311062
6.4453125,Fear,False,False,False,True,False,False,False,False,0.14456756459234027,0.003715116197466971,0.0013622553086775483,0.3927883533931861,0.01007065942109499,0.39332069642150014,0.05281246859222726,0.0013628860735067653
6.484375,Fear,False,False,False,True,False,False,False,False,0.10735759775580372,0.0010111598884414597,0.0003718220864964248,0.7931347936685628,0.00750950382627733,0.014431168857203273,0.020458957172548784,0.055724996744666314
6.5234375,Amusement,True,False,False,False,False,False,False,False,0.4940172642081498,0.06652802815178878,0.0046519953344170365,0.18161813114066205,0.004653765981342926,0.0665799042702636,0.1813215022552383,0.0006294086581375924
6.5625,Amusement,True,False,False,False,False,False,False,False,0.31692042098748024,0.0029948282704950354,0.0010991186531188418,0.3168452809035879,0.0010982967932499498,0.042814977394012244,0.3152415077690451,0.002985569229010684
6.6015625,Fear,False,False,False,True,False,False,False,False,0.10067258336082113,0.00034989039101622694,0.03700913697738227,0.7461433120985732,0.007067348384038734,0.10077684136288383,0.007029989358346323,0.000950898066938186
6.640625,Fear,False,False,False,True,False,False,False,False,0.00728106257867476,0.0009826227210787584,0.10410726813306183,0.7709971525293011,0.002686905554106972,0.10399953448695452,0.0026716122896768553,0.007273841707145114
6.6796875,Amusement,True,False,False,False,False,False,False,False,0.4651186325046637,0.004392347185236738,0.01211401121720792,0.46512391807525183,0.01191854334763685,0.00438033557227008,0.03257275488752057,0.004379457210212516
6.71875,Fear,False,False,False,True,False,False,False,False,0.23470142669008218,0.0008134310010625915,0.03174025270474426,0.6378737215367624,0.08635176677157833,0.006009753874781397,0.0002991941200816149,0.0022104533009072863
6.7578125,Fear,False,False,False,True,False,False,False,False,0.1324038278327483,0.001248105767372831,0.1324886029218284,0.36038832384803593,0.3603915973679853,0.009227590751727384,0.0004591800188804757,0.0033927714914213456
