time_sec,pred_label,Amusement,Anger,Disgust,Fear,Inspiration,Joy,Sadness,Tenderness,prob_Amusement,prob_Anger,prob_Disgust,prob_Fear,prob_Inspiration,prob_Joy,prob_Sadness,prob_Tenderness
0.0390625,Inspiration,False,False,False,False,True,False,False,False,0.06566010527806018,0.1784875042016859,0.001678889949524518,0.024155056875225712,0.4852346929014514,0.17849643551173594,0.06566966996477538,0.0006176453175410287
0.078125,Amusement,True,False,False,False,False,False,False,False,0.4095484625630541,0.003855163670428129,0.40962256045549744,0.010482078616485847,0.1507070199224271,0.010511309082235727,0.0014178501218766629,0.003855555567995001
0.1171875,Joy,False,False,False,False,False,True,False,False,0.05349254408105964,0.053419089817180056,0.0072219914516223884,0.007228572095362935,0.03817783484305921,0.767436812258972,0.01965320043779428,0.05336995501494973
0.15625,Disgust,False,False,True,False,False,False,False,False,0.21112896522508853,0.014737890140561928,0.5741291285264117,0.077688993808371,0.07773348746257008,0.0019890602750888965,0.04060250054687466,0.0019899740150330194
0.1953125,Inspiration,False,False,False,False,True,False,False,False,0.0008285517347658714,0.0008289625258958191,0.23909265087233494,0.01666091807183959,0.6502480293503545,0.0022517125116066376,0.0022560866770112093,0.08783308825619127
0.234375,Inspiration,False,False,False,False,True,False,False,False,0.04081694312887843,0.0028761649661352405,0.007847011664979255,0.0028723843552489257,0.8287804324095764,0.058530940469764654,0.00038859875522462696,0.05788752425019241
0.2734375,Inspiration,False,False,False,False,True,False,False,False,0.1118188002623655,0.00781479269860623,0.0028660829177575738,0.00038757555394329757,0.8269172525582303,0.021180709732293537,0.007798289681186429,0.02121649659561722
0.3125,Inspiration,False,False,False,False,True,False,False,False,0.01951769253537047,0.0003572667802746997,0.002641939347602903,0.0026393500777502146,0.7621802711927945,0.1025575324687812,0.00718910782102176,0.10291683977640424
0.3515625,Inspiration,False,False,False,False,True,False,False,False,0.017605972703610306,0.0003210415837681723,0.002373537090333104,0.0023715745875756743,0.6849734378667701,0.25184687690304197,0.006453071650292727,0.03405448761460786
0.390625,Inspiration,False,False,False,False,True,False,False,False,0.03178698451582545,0.00223252197054148,0.0022156151018534595,0.0002996934020797631,0.6396829270425318,0.08644458512153037,0.0022158708894562877,0.2351218019561814
0.4296875,Inspiration,False,False,False,False,True,False,False,False,0.041061374039940306,0.007797497632797489,0.0010529661276448316,0.001053079137078344,0.8263669626078828,0.04108596653080863,0.04047815879328783,0.04110399513055979
0.46875,Inspiration,False,False,False,False,True,False,False,False,0.03903732094299453,0.0027278250122137163,0.0010022070807344005,0.001002327468425955,0.7869087582935974,0.10646023715338877,0.007414798505192952,0.055446525543452266
0.5078125,Amusement,True,False,False,False,False,False,False,False,0.37731829388018495,0.37659582170160577,0.0035520459207596593,0.0004806410177951899,0.1388141903728878,0.05106012584956414,0.0013068950720439723,0.05087198618515852
0.546875,Inspiration,False,False,False,False,True,False,False,False,0.10374465893931857,0.03810009733610906,0.0009770664460953058,0.00035934425282161975,0.7667257596048243,0.014021594732505149,0.038099921215933294,0.037971557472392746
0.5859375,Anger,False,True,False,False,False,False,False,False,0.18413211392380055,0.5009170210459687,0.0006385117354456885,0.004717533189765336,0.18419330270879275,0.02492925972654379,0.09574884352153056,0.004723414148152613
0.625,Anger,False,True,False,False,False,False,False,False,0.05735528314043832,0.4242634226140687,0.003996198156256776,0.001469572462562178,0.42446518265162914,0.057427803005703645,0.0014698487515114296,0.029552689217829796
0.6640625,Anger,False,True,False,False,False,False,False,False,0.06944190844302983,0.5155581121638894,0.013216223284144303,0.0006569736056407638,0.18961305212387364,0.0133396875942465,0.008738833178332218,0.18943520960684335
0.703125,Anger,False,True,False,False,False,False,False,False,0.17117125849432543,0.4655572858625753,0.004385623652293514,0.0005931298075516554,0.012078686028932844,0.17073899639418005,0.1710914230050094,0.004383596755131772
0.7421875,Inspiration,False,False,False,False,True,False,False,False,0.1035557286576393,0.10368416616495893,0.000977655610170689,0.0026567599076718715,0.7662995108316893,0.007219159563644567,0.0026599180772715458,0.012947101186953634
0.78125,Inspiration,False,False,False,False,True,False,False,False,0.0863155995626867,0.23470972180501487,0.006012081180352056,0.0008135643639430463,0.6379141074405262,0.00029905977869333416,0.03172171952894308,0.0022141463398406827
0.8203125,Anger,False,True,False,False,False,False,False,False,0.14222276197225198,0.3866296205636646,0.0004926496115485687,0.0013396700801208666,0.05221071836806232,0.02691923121557969,0.38654376401933144,0.0036415841694405118
0.859375,Amusement,True,False,False,False,False,False,False,False,0.38745184014316314,0.3874151656253449,0.0013421970001446769,0.019274200026483453,0.052377894671072546,0.141718912610759,0.009925891111389706,0.0004938988116426514
0.8984375,Inspiration,False,False,False,False,True,False,False,False,0.03726030422576691,0.10117250185675113,0.0009541519333712043,0.10120668678813749,0.7488031357339051,0.0025931055290428578,0.0070561394685080955,0.000953974464517323
0.9375,Inspiration,False,False,False,False,True,False,False,False,0.14150218529101535,0.07394636625750585,0.00984919184457371,0.0036280029208960417,0.38468112022278295,0.00133304622525609,0.3845698536446086,0.0004902335933615461
0.9765625,Amusement,True,False,False,False,False,False,False,False,0.36432027008389456,0.13083960218763616,0.009327218210775692,0.025439349940133884,0.06894173925963679,0.36434280595957597,0.027462270244806738,0.009326744113540132
1.015625,Fear,False,False,False,True,False,False,False,False,0.03600378599106361,0.09812550086167073,0.004781912352752655,0.7257179769146245,0.09823717099871822,0.0009259055201530824,0.03586737065624404,0.0003403767047733015
1.0546875,Amusement,True,False,False,False,False,False,False,False,0.41293952251294924,0.0038957584164506223,0.41300287171174616,0.055656632721656024,0.055794267686311266,0.055848955563334954,0.0014312159008538494,0.0014307754866978346
1.09375,Disgust,False,False,True,False,False,False,False,False,0.025435620842282458,0.013368761589153712,0.5107266141184083,0.18802073762931323,0.0048130688558242355,0.1880836682766866,0.06890032652500874,0.0006512021633227256
1.1328125,Disgust,False,False,True,False,False,False,False,False,0.017775852551948114,0.0012391912660395614,0.3572745491249098,0.13128395196035614,0.003363582351787524,0.13141310143801666,0.35719461697340954,0.00045515433353274806
1.171875,Disgust,False,False,True,False,False,False,False,False,0.10891037944777761,0.0027877994158446214,0.8048353959332292,0.03994327201420263,0.014677743274138918,0.007764846477507655,0.020703430613998198,0.0003771328233011527
1.2109375,Disgust,False,False,True,False,False,False,False,False,0.10345403265120745,0.0009751552160869996,0.7645467037329805,0.10346335895913833,0.0026492150901177517,0.019613013476171823,0.0026506333127691083,0.0026478875615280513
1.25,Amusement,True,False,False,False,False,False,False,False,0.38642836271061454,0.0013405924132244003,0.3863428732077505,0.05222274746303198,0.0036379763397707617,0.14211555525755162,0.027419683255028176,0.0004922093530279748
1.2890625,Disgust,False,False,True,False,False,False,False,False,0.011861034303131486,0.0008265703452722734,0.6485869991059987,0.08762253221361445,0.006111207079108397,0.006104693005815415,0.2385830795392452,0.00030388440781405865
1.328125,Disgust,False,False,True,False,False,False,False,False,0.19168901864135446,0.0018056565975320682,0.5212211179733159,0.07047798950976358,0.19164956879052975,0.013340236495533593,0.004908647913001669,0.004907764078968962
1.3671875,Amusement,True,False,False,False,False,False,False,False,0.511483156460044,0.004826905863853051,0.18824120591588497,0.06613367948637042,0.188205073148261,0.03563633264249667,0.0006524747691701415,0.004821171713919629
1.40625,Disgust,False,False,True,False,False,False,False,False,0.18186336241653103,0.0017170156446445577,0.49528044341815036,0.06588695037434932,0.18196465137306952,0.0046626146114625835,0.0669084756271893,0.0017164865346032648
1.4453125,Inspiration,False,False,False,False,True,False,False,False,0.007972425634713629,0.0029137916792548566,0.11362362764319169,0.0029112728322712817,0.8401941035024691,0.002909536368897485,0.00793425747101481,0.021540984868187035
1.484375,Inspiration,False,False,False,False,True,False,False,False,0.21655051648793192,0.015111325116129252,0.07660031555283896,0.005555768765343163,0.5900629842642232,0.015109733447228074,0.0020442015432989916,0.07896515482300649
1.5234375,Inspiration,False,False,False,False,True,False,False,False,0.10301818682576164,0.00035707793776193844,0.01958583433120955,0.007171408807541432,0.7617828277515124,0.00263842365713074,0.10280736255700162,0.0026388781320805343
1.5625,Inspiration,False,False,False,False,True,False,False,False,0.0334498257286354,0.0003148974636964376,0.033415368268597964,0.0063254588217199256,0.6721402923118928,0.0008559414734468828,0.24716879570700923,0.006329420225001379
1.6015625,Inspiration,False,False,False,False,True,False,False,False,0.0874296055566035,0.000826543774376933,0.006108943541337363,0.0008265541332800153,0.6487967329366933,0.016665183190986067,0.0008265528318004236,0.23851988403492233
1.640625,Inspiration,False,False,False,False,True,False,False,False,0.03178988779148725,0.0022296941337383385,0.002216269600485411,0.0002997772280344639,0.6398093988163898,0.2350700470534481,0.0022163333908401836,0.08636859198557666
1.6796875,Inspiration,False,False,False,False,True,False,False,False,0.1101168614102737,0.007682454890972746,0.0010382553721436797,0.0028202755743730063,0.8143824798496868,0.002823371614895978,0.04026424896431696,0.020872052323337074
1.71875,Inspiration,False,False,False,False,True,False,False,False,0.10121898564168423,0.0025957876026909484,0.0009540185469246335,0.0009538969252882656,0.7489381945682877,0.03725418843847306,0.0070551297421668395,0.10102979853448434
1.7578125,Inspiration,False,False,False,False,True,False,False,False,0.031824341412364884,0.0022221664092624636,0.002215388801624777,0.00029967157262647943,0.6394924239533686,0.08654085611069587,0.0022151219120941585,0.23519002982796275
1.796875,Inspiration,False,False,False,False,True,False,False,False,0.10380994651362936,0.01400129343637806,0.000977602886545324,0.0003595255821639864,0.7670757108528337,0.038166853720912386,0.037643440496192414,0.03796562651134483
1.8359375,Anger,False,True,False,False,False,False,False,False,0.008076200640056453,0.3149503098283696,0.002968037564377572,0.0004016221244518413,0.31503974827563225,0.04254144066155517,0.0010954053085709629,0.3149272355969862
1.875,Amusement,True,False,False,False,False,False,False,False,0.748694573713173,0.10118860657004417,0.002595636621857153,0.0009537567366183827,0.1012988438731823,0.037261231386855415,0.000954257131644427,0.007053093966625099
1.9140625,Inspiration,False,False,False,False,True,False,False,False,0.1381959474948035,0.050778774819259756,0.001302742201535361,0.00047902895587359566,0.3757431462599655,0.006860398090308789,0.37587233110510976,0.05076763107314365
1.953125,Anger,False,True,False,False,False,False,False,False,0.2346445318278828,0.6380675326270919,0.0008132358141319394,0.00029916819766691847,0.006040048682746535,0.08619437614761907,0.031728666316449855,0.002212440386410796
1.9921875,Inspiration,False,False,False,False,True,False,False,False,0.040318008409695336,0.1102512991991458,0.007680863792525476,0.001038960447107778,0.8152980059547784,0.014876182164058864,0.002824595936575604,0.007712084096112753
2.03125,Anger,False,True,False,False,False,False,False,False,0.05966602972226266,0.44103127995954816,0.030888609444988047,0.0005621400546281206,0.4410572587339747,0.011308785785470272,0.004166540984600924,0.011319355314526991
2.0703125,Sadness,False,False,False,False,False,False,True,False,0.16321944142745193,0.16336405871219212,0.0015388217858298752,0.0005659180217991485,0.06000767273951739,0.16319932605452678,0.44392059142854956,0.004184169830133065
2.109375,Anger,False,True,False,False,False,False,False,False,0.12281280574849364,0.33576295214951024,0.0031644663925699985,0.04500926747144776,0.2975838170441758,0.12342558260960777,0.06361147359599562,0.008629634988199297
2.1484375,Inspiration,False,False,False,False,True,False,False,False,0.006624984636389608,0.2576373491350447,0.0066091192263866005,0.008383213052527908,0.7005635531166116,0.01839593432106274,0.0008927979884517594,0.0008930485235251191
2.1875,Disgust,False,False,True,False,False,False,False,False,0.03507913520205941,0.09600187520791366,0.7116491629110782,0.018274626226526505,0.018287734894972492,0.09570311660201168,0.018296078307208072,0.006708270648230042
2.2265625,Anger,False,True,False,False,False,False,False,False,0.011681114928973382,0.45397769572153923,0.011633083260534497,0.031643773625191066,0.0005788264344372163,0.4544651872892744,0.031741562259569256,0.004278756480480948
2.265625,Fear,False,False,False,True,False,False,False,False,0.004825148556102133,0.18804074791837108,0.06915200889804765,0.5109578675139322,0.025418286301945932,0.18772374607854667,0.013230416076452606,0.0006517786566016975
2.3046875,Fear,False,False,False,True,False,False,False,False,0.014062959185556584,0.03896434946168395,0.1062844966633124,0.7852278078916691,0.03907746714111576,0.014379647095406914,0.0010018139274693494,0.00100145863378598
2.34375,Fear,False,False,False,True,False,False,False,False,0.20255572873636976,0.07420150075125519,0.018100105002203104,0.55031031486514,0.005185369246481284,0.07453431894509616,0.07441101919307423,0.0007016432603802055
2.3828125,Amusement,True,False,False,False,False,False,False,False,0.3057083182088219,0.041124332090626416,0.11201694780822617,0.3056085559013345,0.00783473242263604,0.11247617714260022,0.1123506564817489,0.002880279944005812
2.421875,Amusement,True,False,False,False,False,False,False,False,0.32145845776165966,0.0030284792731634304,0.3214214592325901,0.32138293760243064,0.008243630425223638,0.022941908196340146,0.0004099490068832463,0.0011131785017091265
2.4609375,Fear,False,False,False,True,False,False,False,False,0.034330503948323855,0.006530971504268936,0.25369262746821863,0.6897133873595022,0.0023887057145141576,0.00651987035722885,0.0065007369840512546,0.00032319666389219766
2.5,Disgust,False,False,True,False,False,False,False,False,0.14303458586428713,0.00366794859486344,0.3886146492555066,0.05255039993236228,0.0036611697745648915,0.38876466960031897,0.0192112849614199,0.000495292016676795
2.5390625,Disgust,False,False,True,False,False,False,False,False,0.1020421530200229,0.00713255240718206,0.754326281320278,0.013767137501578826,0.019410897667225046,0.000961380418247585,0.1020060096099549,0.00035358805551074233
2.578125,Amusement,True,False,False,False,False,False,False,False,0.3192699766450638,0.030276034458718664,0.31920564858911027,0.31906461483313664,0.005756848368292277,0.0030087730046470564,0.0030113973043073244,0.0004067067967239349
2.6171875,Disgust,False,False,True,False,False,False,False,False,0.2126090429877321,0.0020093691178574256,0.5786976293532377,0.0404752805069425,0.07830067823378732,0.07700338458760012,0.0054540863936498,0.005450528819193123
2.65625,Disgust,False,False,True,False,False,False,False,False,0.03887845593549145,0.007466499781643483,0.7912405618219974,0.039287988227010136,0.10672950796134616,0.0010081980068991363,0.014380111140876343,0.0010086771247358043
2.6953125,Inspiration,False,False,False,False,True,False,False,False,0.015346030157822842,0.08042763852505663,0.21947167360479503,0.0020695927755184796,0.5969675266687253,0.0415813054646193,0.04206859708221224,0.0020676357212501013
2.734375,Inspiration,False,False,False,False,True,False,False,False,0.1568223525074097,0.08211288037408901,0.15681307981900244,0.01094231914204461,0.4273192260176744,0.08096329496602195,0.004027031995212441,0.08099981517854535
2.7734375,Disgust,False,False,True,False,False,False,False,False,0.1495972349187023,0.000519749266884749,0.4070595110678583,0.010441596611470344,0.4075967143944937,0.0038418313067091784,0.010485347547316873,0.010458014886564596
2.8125,Inspiration,False,False,False,False,True,False,False,False,0.020743265149438323,0.0010259708639967459,0.04005436007949528,0.0027875857007253328,0.8049441488901635,0.0010255119165817864,0.10878319854127551,0.020635958858323568
2.8515625,Inspiration,False,False,False,False,True,False,False,False,0.01737997547863382,0.0023530861594345713,0.002352379123103024,0.002351288548644464,0.6787653183012349,0.04727956176178851,0.0003182037727833809,0.24920018685437728
2.890625,Inspiration,False,False,False,False,True,False,False,False,0.10856099957320348,0.0027819301551383195,0.001022546101618082,0.0010221020818622186,0.8024530785194243,0.02054385834361359,0.007560286819499599,0.05605519840564044
2.9296875,Inspiration,False,False,False,False,True,False,False,False,0.2580020234941583,0.0003288199666264005,0.006605610629049316,0.00660312385015819,0.7014478886434875,0.006606587240639983,0.002431102804440771,0.01797484337143956
2.96875,Inspiration,False,False,False,False,True,False,False,False,0.10102036465553192,0.0003508148317225804,0.002595548546704227,0.0025917656944447437,0.7487313951022118,0.036738939424324255,0.007056229140719738,0.10091494260434078
3.0078125,Inspiration,False,False,False,False,True,False,False,False,0.08760761598068405,0.002249452861622967,0.000825992483527314,0.00030367751652147866,0.6482155751787797,0.0061080904303531134,0.01666576802032164,0.23802382752818976
3.046875,Inspiration,False,False,False,False,True,False,False,False,0.07302594917447021,0.07311883718384812,0.0018736217795255869,0.0006890614035774308,0.5409428650868847,0.19848713086268782,0.07310712000266822,0.03875541450633787
3.0859375,Inspiration,False,False,False,False,True,False,False,False,0.04162335817126496,0.21927350266500917,0.002071583297586983,0.002069179071626627,0.5972738912249842,0.04172455918200095,0.08064220317773066,0.01532172320979652
3.125,Amusement,True,False,False,False,False,False,False,False,0.3867238509749268,0.3862023510883238,0.0013397540950055387,0.0004926297060997259,0.14227012669705727,0.0522746608054337,0.003644081750466096,0.027052544882687195
3.1640625,Amusement,True,False,False,False,False,False,False,False,0.38886043869707143,0.05242969042127155,0.0036622344604688166,0.0004953567197607347,0.3887785509240974,0.01935236095946763,0.0036681003441994204,0.14275326747366313
3.203125,Joy,False,False,False,False,False,True,False,False,0.03626238246691839,0.09840026502898895,0.0003413514152313514,0.002522078588209054,0.036257858559545324,0.7286527507986793,0.09663535191563975,0.0009279612267877711
3.2421875,Inspiration,False,False,False,False,True,False,False,False,0.01944188001499767,0.10272385545245628,0.0009672907783345689,0.007148549823609161,0.7593922601225411,0.10276885618668753,0.0003557817568428926,0.00720152586453078
3.28125,Sadness,False,False,False,False,False,False,True,False,0.18766684626559402,0.18767471125469176,0.035764218125378014,0.0006504183445971506,0.06903502718273576,0.004810461670025825,0.5095850787625712,0.0048132383944061935
3.3203125,Amusement,True,False,False,False,False,False,False,False,0.38644300254923797,0.142232647441289,0.001340346571299259,0.0004928995227521689,0.052303698934477366,0.026979397613253762,0.3865633582454432,0.0036446491222472794
3.359375,Inspiration,False,False,False,False,True,False,False,False,0.10101095736678294,0.10098172611277481,0.0003501017667993776,0.0049226319295723716,0.7466795466087404,0.007034476575926845,0.002589641801217041,0.03643091783818621
3.3984375,Anger,False,True,False,False,False,False,False,False,0.05118208772442215,0.37811579775178644,0.0013104650884400392,0.1375759246194097,0.378327812137273,0.0013102037701049963,0.05086681811872303,0.0013108907898405615
3.4375,Sadness,False,False,False,False,False,False,True,False,0.10099090947005779,0.10087537353256482,0.007034047146899201,0.0003501805197772267,0.036334690042490465,0.007038720537775427,0.7464247729665944,0.0009513057838406863
3.4765625,Anger,False,True,False,False,False,False,False,False,0.08296908077758218,0.22645823268989357,0.002134169436059859,0.2188758999494121,0.015773301573244147,0.22670896210282546,0.2262950715285179,0.0007852819424648515
3.515625,Inspiration,False,False,False,False,True,False,False,False,0.011982186297888713,0.2522938005359463,0.002383857859775073,0.03414144828744978,0.6859398864867214,0.006469287308292509,0.0064677883544361926,0.00032174486948991697
3.5546875,Inspiration,False,False,False,False,True,False,False,False,0.009579164137466012,0.19264826803700327,0.004948361078080859,0.1930220305421884,0.5252867489281312,0.03723528167304607,0.03661090549860175,0.0006692401054824264
3.59375,Joy,False,False,False,False,False,True,False,False,0.0573984093066521,0.0040047169913022965,0.029550349388178618,0.05671287288653553,0.003993896234017372,0.42429860321499413,0.4235007322384017,0.0005404197399184286
3.6328125,Fear,False,False,False,True,False,False,False,False,0.05552140968876477,0.05528932012148953,0.05557152395538714,0.4110053299095241,0.0038744328654574437,0.007509978302834505,0.4107041735753084,0.0005238315812340256
3.671875,Disgust,False,False,True,False,False,False,False,False,0.1681573932265046,0.004313860397241842,0.4570517685797292,0.1679999732865147,0.03216512660298626,0.1681456128532206,0.000582725116235965,0.0015835399375668797
3.7109375,Fear,False,False,False,True,False,False,False,False,0.03955596185400842,0.00752980432187696,0.10759961656056412,0.795249352557612,0.0027541043298101747,0.0075186126630783995,0.03941994694235045,0.00037260077069954206
3.75,Amusement,True,False,False,False,False,False,False,False,0.4440521982464216,0.0015385175963693203,0.16333226284848626,0.06005023432521853,0.0041794984124720515,0.16334748590203377,0.16293421182463438,0.0005655908443640554
3.7890625,Disgust,False,False,True,False,False,False,False,False,0.03958099136767789,0.0027560670686036914,0.7953751161011573,0.039328604966853024,0.00758593208053624,0.00751204306871568,0.1074885030685096,0.0003727422779464982
3.828125,Disgust,False,False,True,False,False,False,False,False,0.19725865282647823,0.0018591262153321276,0.5362404419861289,0.19725432887424255,0.03804555044424625,0.013740501992645288,0.013744269513301308,0.0018571281476254193
3.8671875,Amusement,True,False,False,False,False,False,False,False,0.4370580746884654,0.004120557223556432,0.43696453059839135,0.021711533488165673,0.011201250753923935,0.057412852694600454,0.03097437070471726,0.0005568298481794611
3.90625,Amusement,True,False,False,False,False,False,False,False,0.4241606127314458,0.003998843293632232,0.4245962377111599,0.021095733870291393,0.05731722918518887,0.01086474956367342,0.05742567885304948,0.0005409147915590271
3.9453125,Disgust,False,False,True,False,False,False,False,False,0.04004942890178306,0.002801993541693339,0.8052413971459754,0.10344552327385126,0.040084701252314364,0.0027891018758052543,0.0027974746519036967,0.002790379356673538
3.984375,Amusement,True,False,False,False,False,False,False,False,0.44938577572446065,0.011538595709946878,0.06075440599749781,0.004236441480096712,0.4495120881883045,0.011504117452412945,0.0015572922624355087,0.011511283184845072
4.0234375,Amusement,True,False,False,False,False,False,False,False,0.409523972370248,0.0014200549816835433,0.40957289873672176,0.010519952141846428,0.15072893548911287,0.0038576338774623936,0.003867523374149173,0.01050902902877595
4.0625,Inspiration,False,False,False,False,True,False,False,False,0.03912664640638921,0.0010021030122049832,0.03912086547572291,0.007402855141923558,0.7864896894170503,0.00036852468095907234,0.10635199133301802,0.020137324532732013
4.1015625,Inspiration,False,False,False,False,True,False,False,False,0.0027751089361541747,0.0003753808095828624,0.007542417553445673,0.002773048033434367,0.8004954186984047,0.0561482507586066,0.021820005895017123,0.10807036931535444
4.140625,Inspiration,False,False,False,False,True,False,False,False,0.020361759912049495,0.007487315246710588,0.001011823646462316,0.0003720762383246595,0.7937530931955465,0.055407090870829276,0.01437488582486897,0.10723195506520801
4.1796875,Inspiration,False,False,False,False,True,False,False,False,0.021117137908487696,0.0010518534236031766,0.015067244231118661,0.0028573596367123125,0.8245618415622659,0.021159382134300266,0.002857961295631709,0.1113272198078803
4.21875,Inspiration,False,False,False,False,True,False,False,False,0.017587088943520936,0.0003211194909269683,0.0064616574040312355,0.002372338378299469,0.685141801845718,0.2517476026837033,0.002374886886203289,0.03399350436759684
4.2578125,Inspiration,False,False,False,False,True,False,False,False,0.08764064246813186,0.0022511353980182334,0.0008259057058946993,0.0003037108776715896,0.6482833146080094,0.006116895151905415,0.016638438522788533,0.23793995726758024
4.296875,Inspiration,False,False,False,False,True,False,False,False,0.2525226486811784,0.006474817556427584,0.0008746823901378861,0.0008745662319630346,0.686530324365008,0.012380235952064018,0.0338647884549717,0.006477936368249436
4.3359375,Inspiration,False,False,False,False,True,False,False,False,0.039878161187384714,0.002792190349184203,0.001025476038590269,0.001025629338031394,0.8051213772992195,0.10888494149637679,0.020616718196219217,0.02065550609499389
4.375,Anger,False,True,False,False,False,False,False,False,0.06004498983593842,0.44375613978695483,0.004183814833358898,0.0005661570558625463,0.16349633754258575,0.16345428434099363,0.001540443260912326,0.16295783334339356
4.4140625,Amusement,True,False,False,False,False,False,False,False,0.3141449753244989,0.31391268491581475,0.0010885715263573878,0.00040028348007217535,0.04248449994417804,0.005733209316599541,0.31413153287222945,0.008104242620249662
4.453125,Anger,False,True,False,False,False,False,False,False,0.052227066228713794,0.3865039081411793,0.0004926093515746011,0.0036405115766365596,0.14218805548675348,0.38666799811613395,0.02693914375491576,0.0013407073440925576
4.4921875,Anger,False,True,False,False,False,False,False,False,0.13862663087569724,0.37771925009187185,0.0013087898532360114,0.0013087511146487084,0.3778532401371178,0.051113314679282165,0.0013088369743264588,0.050761186273819696
4.53125,Inspiration,False,False,False,False,True,False,False,False,0.02001354074322822,0.14833795155743915,0.003799700170790367,0.000514019535459477,0.40324470425091485,0.010400546961262599,0.4032824689606528,0.010407067820252514
4.5703125,Anger,False,True,False,False,False,False,False,False,0.14299739524187285,0.38889370222499003,0.0036623610373961446,0.0004955217487399682,0.019163642460143158,0.052468378452317097,0.3886561262089676,0.0036628726255730983
4.609375,Inspiration,False,False,False,False,True,False,False,False,0.03712287292560325,0.10091990179416295,0.00035004601498890927,0.007261064249350942,0.7463115491436967,0.007031681788453633,0.000952112125841146,0.10005077195790252
4.6484375,Anger,False,True,False,False,False,False,False,False,0.13256922046088937,0.3601290526215712,0.00045915349474901434,0.003660087652574774,0.13250985071253268,0.0012477013591134583,0.36019672321471813,0.009228210483851432
4.6875,Sadness,False,False,False,False,False,False,True,False,0.1001265438325201,0.10007111280921537,0.002565058317787055,0.00034718630451616514,0.03676777012394242,0.018969639711783417,0.7402087168002988,0.0009439720999365829
4.7265625,Anger,False,True,False,False,False,False,False,False,0.18138133695830652,0.4933535142759465,0.0006288946220959135,0.06664817478713593,0.06216820962499814,0.18145063728860245,0.012656412905526713,0.0017128195373879735
4.765625,Anger,False,True,False,False,False,False,False,False,0.05287953939878402,0.3906684878341737,0.0013544883785354563,0.14371533297881106,0.39085362845010924,0.0100127235514807,0.010017612139694581,0.0004981872684111275
4.8046875,Anger,False,True,False,False,False,False,False,False,0.08329576751465709,0.22619187405583718,0.005803144412540679,0.22618520357990526,0.2264084986023962,0.005803115495822506,0.22552739364487495,0.0007850026939660559
4.84375,Fear,False,False,False,True,False,False,False,False,0.11355552067990121,0.11316175928832616,0.021509171731273542,0.307454495554678,0.02148306391415631,0.30893197374046727,0.11283438069337977,0.0010696343978176563
4.8828125,Disgust,False,False,True,False,False,False,False,False,0.003680523912510949,0.14276832263307368,0.3889554174288104,0.3886650930560375,0.0036700783200481614,0.01932754520821965,0.05243733352564219,0.0004956859156575447
4.921875,Amusement,True,False,False,False,False,False,False,False,0.3772725529890281,0.0035596693817863167,0.1386950069155828,0.37712357556484266,0.05068648933295998,0.05087527575551518,0.00048082897948082776,0.0013066010808040237
4.9609375,Fear,False,False,False,True,False,False,False,False,0.19308808602170444,0.037197550129931034,0.07103831873222885,0.5250202477088656,0.004944445878070515,0.004989435373379708,0.1630531120318436,0.0006688041239762863
5.0,Disgust,False,False,True,False,False,False,False,False,0.23335587585838133,0.0008088484920212536,0.63442391070946,0.03155610341431279,0.002197211186459794,0.011607621151340388,0.08575312391887545,0.0002973052691490078
5.0390625,Disgust,False,False,True,False,False,False,False,False,0.03958040703483062,0.0027552831659129885,0.7952337768946007,0.0395587706897171,0.007579891585488136,0.007493741608694099,0.10742551564184045,0.0003726133789158147
5.078125,Disgust,False,False,True,False,False,False,False,False,0.06006114454799744,0.001539459081787507,0.44387320709572914,0.44383857582242603,0.011371443593347982,0.030947542344426062,0.004189981837063723,0.004178645677222065
5.1171875,Amusement,True,False,False,False,False,False,False,False,0.5174346883677939,0.004877119968884426,0.19021031252073414,0.06995324229063146,0.013250003166462092,0.19031719621222895,0.0132983362359094,0.0006591012373555815
5.15625,Disgust,False,False,True,False,False,False,False,False,0.17031475467016152,0.011858683570619775,0.46320130380055574,0.17020978457403932,0.011857940497158779,0.0016035951490658187,0.17036390067429422,0.0005900370641047965
5.1953125,Disgust,False,False,True,False,False,False,False,False,0.19213464544177652,0.001813551046544792,0.5226662211879123,0.06796114634902445,0.19219247381064464,0.013377700634162616,0.004933668160650357,0.004920593369284391
5.234375,Amusement,True,False,False,False,False,False,False,False,0.6762276277958416,0.0023475922667145445,0.03365034802044194,0.03350445200482907,0.24872008199140228,0.0023436231013944874,0.0008620635675486239,0.00234421125182751
5.2734375,Amusement,True,False,False,False,False,False,False,False,0.4286697653263098,0.0005467255967884311,0.4287953256593645,0.010991583224735205,0.0580056506063291,0.004037068364996377,0.057967621396643694,0.010986259824833026
5.3125,Inspiration,False,False,False,False,True,False,False,False,0.21071479535901336,0.005403115529490552,0.07757107350350566,0.014679113109992026,0.5735080412803832,0.0007305425287910987,0.07742047471020949,0.03997284397861466
5.3515625,Inspiration,False,False,False,False,True,False,False,False,0.10732490377274997,0.0010113203282105872,0.020339482898007202,0.02032221465979803,0.7935751476950795,0.0010109008049772104,0.0010111324754494562,0.055404897365728095
5.390625,Amusement,True,False,False,False,False,False,False,False,0.46300423920326483,0.001603742137542082,0.011855206638855151,0.0118484596096126,0.4631040357332742,0.03224197231570639,0.0043607280712147055,0.011981616290530229
5.4296875,Inspiration,False,False,False,False,True,False,False,False,0.10306901784314308,0.0003570665647956328,0.0026390948442452018,0.002638090857515369,0.7619216231662277,0.10263249418911408,0.007201725407399269,0.01954088712755953
5.46875,Inspiration,False,False,False,False,True,False,False,False,0.1011239145236174,0.00035052287475156933,0.0025904001707772045,0.002589750220496193,0.7480221728325528,0.037155486875057986,0.007042511026144333,0.10112524147660253
5.5078125,Inspiration,False,False,False,False,True,False,False,False,0.23561643073306343,0.002221058129411099,0.002218403728571836,0.00030013586868475085,0.6406812571088281,0.030962266910850456,0.0022186900941630525,0.08578175742642738
5.546875,Inspiration,False,False,False,False,True,False,False,False,0.23550519152050634,0.00222350564895512,0.0008157113382331667,0.0008156110399579596,0.6402402145585233,0.08640032249320316,0.03178013005153271,0.002219313349088299
5.5859375,Inspiration,False,False,False,False,True,False,False,False,0.039921091183411875,0.0027900069253467058,0.0010254845944123931,0.0010254415808985042,0.8050429335343017,0.10886827952647145,0.020688269056323698,0.0206384935988337
5.625,Inspiration,False,False,False,False,True,False,False,False,0.06954793671386891,0.1884632514853918,0.0048419769894902775,0.0006550396258459221,0.5143100152355033,0.025584144824612052,0.013171346191660886,0.18342628893362678
5.6640625,Inspiration,False,False,False,False,True,False,False,False,0.0415683184663922,0.04153053112519897,0.002892797696879623,0.00039142558075735154,0.8354363964616865,0.015257961984904318,0.04151315723382145,0.0214094114503595
5.703125,Anger,False,True,False,False,False,False,False,False,0.16932439793552836,0.46056862543984334,0.0005869978871790307,0.004336915297477539,0.16943908542113548,0.022933966411738373,0.16847069702345438,0.004339314583643632
5.7421875,Anger,False,True,False,False,False,False,False,False,0.057413966155310345,0.42425245858621724,0.003996658471479239,0.001469438080032762,0.4244474207238434,0.05740917933494758,0.0014697300686857312,0.029541148579483787
5.78125,Anger,False,True,False,False,False,False,False,False,0.03594289272631111,0.5086965662918569,0.0017630293809613748,0.0017621863524910878,0.18710148633024934,0.009275653118284204,0.18698300500725967,0.06847518079258644
5.8203125,Anger,False,True,False,False,False,False,False,False,0.037112023333605554,0.7489728213233039,0.00705998519105452,0.0009542191871935645,0.10126322653024002,0.10105976586325069,0.002623682741388507,0.0009542758299632096
5.859375,Anger,False,True,False,False,False,False,False,False,0.022917849802962475,0.4661635412595811,0.011949446907257908,0.0043933863412769815,0.4662994177685642,0.011940856418388527,0.004393396388512821,0.011942105113455968
5.8984375,Anger,False,True,False,False,False,False,False,False,0.08841877180255164,0.6538184974061668,0.006227518959619304,0.006161250629249606,0.2404962815602162,0.000306484267401974,0.0022913239087272025,0.0022798714660672006
5.9375,Amusement,True,False,False,False,False,False,False,False,0.226841229122924,0.22669244431961158,0.00581563252210042,0.0021364382256800663,0.08340193522452534,0.22622846339441752,0.22674724876468863,0.0021366084260524064
5.9765625,Anger,False,True,False,False,False,False,False,False,0.007477535089368159,0.2916913495369289,0.007478586781393872,0.055527296922779065,0.05527578906632572,0.2920912737953339,0.28770471243500484,0.0027534563728654404
6.015625,Inspiration,False,False,False,False,True,False,False,False,0.02163281902649116,0.11321486155404097,0.007951172665867846,0.007922794299103747,0.8374027412665971,0.007905980207046364,0.002902120722995813,0.001067510257857057
6.0546875,Anger,False,True,False,False,False,False,False,False,0.09627632906999423,0.2612589839459975,0.0024653412424547358,0.261422345037789,0.09626937544492864,0.01825809550690305,0.2615842612813182,0.0024652684706145825
6.09375,Joy,False,False,False,False,False,True,False,False,0.1876620650083113,0.03566295225081297,0.004802970395054587,0.004808955105542147,0.06876975258491534,0.5100170601338344,0.18762637289420742,0.0006498716273218699
6.1328125,Fear,False,False,False,True,False,False,False,False,0.051085782425557745,0.13753506151484046,0.0035566755817038518,0.37755130335630693,0.3775938478960552,0.0013073687636792344,0.050888980227843474,0.0004809802340129582
6.171875,Amusement,True,False,False,False,False,False,False,False,0.6857312045659953,0.000874013617020411,0.017564349133081178,0.03027575836579629,0.2522800709456991,0.006454794131430864,0.0064985727005371675,0.000321236540439634
6.2109375,Amusement,True,False,False,False,False,False,False,False,0.810794273247668,0.020782800701498023,0.007639292313143423,0.0028097552327580777,0.04031809525391651,0.007642350356157946,0.10963352130258157,0.0003799115922765604
6.25,Amusement,True,False,False,False,False,False,False,False,0.8119292227726684,0.020834002044290614,0.005439843057417633,0.1097915649563998,0.007875939515367948,0.002814841735082256,0.04028020784657067,0.0010343780722027291
6.2890625,Amusement,True,False,False,False,False,False,False,False,0.6533508024256954,0.0022658275818249894,0.2403584481818847,0.0883624701226797,0.006885103226019232,0.002263059802771346,0.006208073117129643,0.0003062155419948805
6.328125,Amusement,True,False,False,False,False,False,False,False,0.5355436182445897,0.013726689698897402,0.19692106929563763,0.19687661755755406,0.037483291561004696,0.01371689482619653,0.005049676556550861,0.0006821422595689717
6.3671875,Disgust,False,False,True,False,False,False,False,False,0.052950919310276214,0.14261331122131682,0.3911058349038597,0.010179231285600767,0.0013564777167170891,0.3912242377397834,0.01007138119364669,0.0004986066287992405
6.40625,Disgust,False,False,True,False,False,False,False,False,0.01391882553052968,0.007187036405723464,0.7626246003369193,0.1028787840602611,0.0072182704661945575,0.0026421720543213963,0.10317288340927591,0.0003574277367746377
6.4453125,Disgust,False,False,True,False,False,False,False,False,0.08277059998417946,0.002122084507350126,0.6123575414425608,0.016062923417550803,0.22515214022670052,0.015674764525904935,0.03017579851999191,0.01568414737576139
6.484375,Amusement,True,False,False,False,False,False,False,False,0.40962162695427506,0.0014194657554923574,0.15064659291300345,0.0038600690020444664,0.4096220684053183,0.010481293160163996,0.003857290657896421,0.01049159315180598
6.5234375,Amusement,True,False,False,False,False,False,False,False,0.5297271267033435,0.001835120634198883,0.19488789654326458,0.01356531812181101,0.1949177694493229,0.0018345393828964076,0.02634783862106241,0.036884390544100226
6.5625,Inspiration,False,False,False,False,True,False,False,False,0.05469503599202546,0.00051494637998427,0.05467637745602486,0.003805673491280947,0.40430637716564066,0.0013995187688627905,0.4040990544966111,0.07650301624956987
6.6015625,Inspiration,False,False,False,False,True,False,False,False,0.14840846293399818,0.0013982244182480217,0.028125219233653465,0.010338391621041308,0.40370933645273854,0.0037991338645665534,0.001398367889921049,0.40282286358583275
6.640625,Inspiration,False,False,False,False,True,False,False,False,0.1087697279863101,0.0003769097195667376,0.02059532570656316,0.0027841081564021863,0.8041421320757474,0.0027844009520162564,0.039947388205713835,0.020600007197680403
6.6796875,Inspiration,False,False,False,False,True,False,False,False,0.0026607138328223977,0.0003600361064401711,0.007278366655542071,0.007232081720553041,0.7682273989678461,0.0072342788333580885,0.10384598296339166,0.10316114092004643
6.71875,Inspiration,False,False,False,False,True,False,False,False,0.020879070503406316,0.0003806902943284953,0.007669220992834997,0.002811993477723651,0.812160948241655,0.007721322460888517,0.0403273588125705,0.1080493952165926
6.7578125,Inspiration,False,False,False,False,True,False,False,False,0.018987650717095638,0.0025721653136246427,0.0009449334288873922,0.00034732506669204734,0.7413218742960802,0.09882204128744093,0.03679560947567903,0.10020840041450021
