time_sec,pred_label,Amusement,Anger,Disgust,Fear,Inspiration,Joy,Sadness,Tenderness,prob_Amusement,prob_Anger,prob_Disgust,prob_Fear,prob_Inspiration,prob_Joy,prob_Sadness,prob_Tenderness
0.0390625,Inspiration,False,False,False,False,True,False,False,False,0.01118914201599139,0.03040270896498789,0.0015128477099507244,0.05915659484754556,0.43722465134630595,0.43724462444911805,0.0015129225687825997,0.021756508097318
0.078125,Amusement,True,False,False,False,False,False,False,False,0.6740428217931034,0.0003156721627288779,0.247944245938217,0.006397310246453853,0.033236561781529214,0.002332805506627546,0.03339790923294277,0.002332673338397293
0.1171875,Inspiration,False,False,False,False,True,False,False,False,0.023137980227079313,0.06246074306619232,0.008447720615128818,0.003110267693466969,0.3300385892890326,0.12133280946664282,0.33011224652546906,0.12135964311698816
0.15625,Fear,False,False,False,True,False,False,False,False,0.015088906503348994,0.005531910481959077,0.21594107588970354,0.5874338088583944,0.015041684862888866,0.07946736468247656,0.0794603786544551,0.0020348700667734755
0.1953125,Amusement,True,False,False,False,False,False,False,False,0.3603189446750507,0.00045899060587038,0.36040344972898014,0.1323157827573443,0.0012477184551702547,0.0033918376559941696,0.1325586262934656,0.009304649828124316
0.234375,Disgust,False,False,True,False,False,False,False,False,0.19164480873396364,0.001805456942718053,0.5212894263486625,0.07048221504975859,0.013346609742156313,0.004905243626332937,0.19161950458794133,0.004906734968466667
0.2734375,Disgust,False,False,True,False,False,False,False,False,0.19163160027665532,0.0018058891751592118,0.5211014504203105,0.19173708962206146,0.07028016743814229,0.00490946159660226,0.013624935170598934,0.0049094063004699266
0.3125,Amusement,True,False,False,False,False,False,False,False,0.7400096228019581,0.0003468466161837892,0.10016807732131297,0.10015609468620278,0.01901919373975113,0.0009428530797887699,0.03678604429827345,0.0025712674565288272
0.3515625,Disgust,False,False,True,False,False,False,False,False,0.15014216067924918,0.001413696378030562,0.4081551276997265,0.40810539432231835,0.010467341397585938,0.0038420723273801857,0.007369385518543906,0.010504821677165476
0.390625,Fear,False,False,False,True,False,False,False,False,0.050851568652589475,0.0013068058833464922,0.13861662421464704,0.3771719885090571,0.37709221988916086,0.0035553609087149844,0.00048069663311217116,0.050924735309371895
0.4296875,Inspiration,False,False,False,False,True,False,False,False,0.0008106642564789766,0.0022050895168058073,0.011565482131033828,0.233394130851238,0.634369757381914,0.08578030646314976,0.0002974421715296998,0.031577127227850034
0.46875,Fear,False,False,False,True,False,False,False,False,0.037661918712649824,0.0003621673613900313,0.0074066204134052216,0.7723389673662184,0.03839377575899029,0.03835687682627209,0.000984358155635547,0.10449531540543854
0.5078125,Tenderness,False,False,False,False,False,False,False,True,0.021309862112470455,0.0010557521687803734,0.007806278689882008,0.021262299884009402,0.007800171717315529,0.11204166438055162,0.001055423383713752,0.8276685476632768
0.546875,Joy,False,False,False,False,False,True,False,False,0.0024239187826792523,0.002432310624023571,0.017898612553083542,0.018083157131776113,0.002424380553244414,0.69907505892128,0.0008905418705572534,0.25677201956335594
0.5859375,Tenderness,False,False,False,False,False,False,False,True,0.006353652124083196,0.002340055808749164,0.0332829789308515,0.03353108354232521,0.0023405604670999835,0.2479120453239995,0.0003158952397307621,0.6739237285631607
0.625,Joy,False,False,False,False,False,True,False,False,0.01468066583430204,0.007591811521735063,0.0027877681377696376,0.05786225174554796,0.0027898885693318446,0.8044728061858852,0.0010255019678097135,0.10878930603761852
0.6640625,Joy,False,False,False,False,False,True,False,False,0.013320001179300612,0.19044620570595372,0.01328789694734349,0.0017985217754140257,0.0017974544571225694,0.5187252911190899,0.06994553675744666,0.190679092058329
0.703125,Anger,False,True,False,False,False,False,False,False,0.04212276306204032,0.8464688597584129,0.04199931893059753,0.002938048472597728,0.007997384508359627,0.04203864586703011,0.0010806275431164392,0.015354351857845398
0.7421875,Inspiration,False,False,False,False,True,False,False,False,0.07318592768323781,0.19781148658113876,0.0006905188819316554,0.03854361170662302,0.5417301167707803,0.07295505059425464,0.0018777474252297676,0.07320554035680389
0.78125,Anger,False,True,False,False,False,False,False,False,0.014011957814656204,0.7680697711792591,0.0026676689156568266,0.0026673555068153277,0.002672406820238727,0.10369398692749604,0.0027064814106736433,0.103510371425204
0.8203125,Amusement,True,False,False,False,False,False,False,False,0.2971135699230411,0.10916509393717573,0.29715298542654583,0.002800312776566026,0.020723589994328898,0.0028025163893066834,0.16105432846348594,0.10918760308954979
0.859375,Inspiration,False,False,False,False,True,False,False,False,0.07052323697964047,0.1916607005934914,0.19156895882935557,0.0018074170646404093,0.5212357275018963,0.004921979037911142,0.01336306545788575,0.004918914535178917
0.8984375,Inspiration,False,False,False,False,True,False,False,False,0.19672254609355333,0.19639838919604602,0.0264118045113877,0.005036570878409869,0.5348047056421983,0.025074910635911135,0.0018524265759219292,0.013698646466571662
0.9375,Inspiration,False,False,False,False,True,False,False,False,0.0794138517307748,0.21602185813376337,0.0794565982882291,0.0020351640877171737,0.5874273469075401,0.005536102968167492,0.015049962559323646,0.015059115324484387
0.9765625,Anger,False,True,False,False,False,False,False,False,0.023124658007628193,0.3289053230651934,0.04406406440725865,0.003097905626002608,0.3288006444783374,0.044135566113927716,0.10767180893694453,0.1202000293647075
1.015625,Inspiration,False,False,False,False,True,False,False,False,0.0799675120417112,0.21708235525518388,0.07971724809961273,0.00556925796050358,0.5913133217112099,0.015210949576607366,0.005568584429178465,0.005570770925992787
1.0546875,Anger,False,True,False,False,False,False,False,False,0.0953323068510373,0.2633868606193191,0.09720605776968899,0.006768090177114178,0.26368525624287326,0.2643436431774056,0.006783094158305803,0.0024946910042556274
1.09375,Anger,False,True,False,False,False,False,False,False,0.01917437921265496,0.2741435521353773,0.2751276798097867,0.0025957256404451953,0.05244505969812232,0.275012675385919,0.09889982571402793,0.002601102403666586
1.1328125,Joy,False,False,False,False,False,True,False,False,0.018084423130370425,0.13435167189863897,0.018074186556703547,0.006625146743691805,0.018021736867458612,0.7032724497202402,0.09494216142957082,0.006628223653325677
1.171875,Joy,False,False,False,False,False,True,False,False,0.012450921864039304,0.01759381946403321,0.0008687379722893877,0.002360946451163283,0.2506333565830538,0.6813519391179326,0.03387237187471601,0.0008679066727723163
1.2109375,Sadness,False,False,False,False,False,False,True,False,0.0022207835201322793,0.006015832667800625,0.0862709077230889,0.0002991467542475034,0.031667450296340986,0.23466676861923758,0.6380463054980788,0.0008128049210731717
1.25,Sadness,False,False,False,False,False,False,True,False,0.0024419147529495876,0.0008986630151653813,0.018574172410635515,0.006633495654952068,0.0024371292973992863,0.25885111824169743,0.7035387268447014,0.006624779782499154
1.2890625,Sadness,False,False,False,False,False,False,True,False,0.1008906168436478,0.00705619161873482,0.037109414708880475,0.0003509115835524378,0.002595100034622805,0.10120512094633827,0.7482008700477223,0.0025917742165010777
1.328125,Sadness,False,False,False,False,False,False,True,False,0.08627307583294382,0.0008134197111983149,0.2346244232738295,0.002210529386501018,0.006018256482877553,0.03174929494086018,0.6380120154148629,0.00029898495692676246
1.3671875,Sadness,False,False,False,False,False,False,True,False,0.012363641778798966,0.0008663128864424472,0.047948252095318784,0.0008663792230760662,0.0023532397366769447,0.24983890888292257,0.6793612200288032,0.006402045367961003
1.40625,Sadness,False,False,False,False,False,False,True,False,0.03172514528189167,0.0002992211763332051,0.23453911597068036,0.0022121517534912784,0.0008130646542400819,0.08620146168513995,0.6382007505557943,0.0060090889224291445
1.4453125,Sadness,False,False,False,False,False,False,True,False,0.08872763815335198,0.0022751736576739436,0.2413487770272801,0.006176300638978096,0.0008356514090643718,0.0022722895398530215,0.6560923298895653,0.002271839684233277
1.484375,Disgust,False,False,True,False,False,False,False,False,0.10335873042391633,0.002648632888582677,0.7643859740908086,0.019918490371053473,0.002649349880071457,0.002646791963533102,0.10341835697110319,0.000973673410931161
1.5234375,Amusement,True,False,False,False,False,False,False,False,0.593761123406905,0.005602540688055406,0.0691382997494185,0.08037710469470007,0.015217449654693162,0.015248787721233554,0.21859488514690198,0.0020598089380923098
1.5625,Disgust,False,False,True,False,False,False,False,False,0.14217065232297135,0.0004925442663898373,0.3866157387036217,0.05219351050802319,0.0036416556238097406,0.026891826080373136,0.3866539627407311,0.0013401097540799893
1.6015625,Disgust,False,False,True,False,False,False,False,False,0.19839911984394462,0.0018684160201960821,0.5395416302376054,0.19840543479748415,0.03773354132843028,0.005077411580275072,0.01389132648388733,0.005083119708176911
1.640625,Disgust,False,False,True,False,False,False,False,False,0.07040523935758708,0.0018064872181522914,0.5210318087368109,0.19174818629565998,0.19182326978333664,0.004910570767729826,0.0049118269015130745,0.013362610939210168
1.6796875,Fear,False,False,False,True,False,False,False,False,0.009937311468956373,0.0012479810256075497,0.13220900485783216,0.3601171547717726,0.36013415123605186,0.0033926160452011894,0.0004589792618862458,0.13250280133269207
1.71875,Fear,False,False,False,True,False,False,False,False,0.07475141180696933,0.0007044963396249617,0.2032634260226589,0.552669157196794,0.0052197658202149805,0.014159528371347634,0.07450440055144157,0.07472781389094862
1.7578125,Fear,False,False,False,True,False,False,False,False,0.03069478046846876,0.0005562253228996055,0.011240766226983133,0.43639468654918256,0.021656112370989012,0.059006806980361835,0.004110494683168739,0.4363401273979465
1.796875,Fear,False,False,False,True,False,False,False,False,0.003678914094671779,0.003674705105227179,0.14333005423312242,0.39006404984640186,0.0495682844473408,0.3897876040083687,0.0004970096996145886,0.019399378565252486
1.8359375,Fear,False,False,False,True,False,False,False,False,0.016518817025891596,0.00030202899117448285,0.002239378564204578,0.644362361788915,0.011580104787560589,0.23702036468776871,0.0008211274147496537,0.08715581673973531
1.875,Joy,False,False,False,False,False,True,False,False,0.008149757289674158,0.0010926496645193603,0.059821236850610936,0.042452637532923325,0.021954674730023407,0.8573253185858214,0.0010927456156566877,0.008110979730770783
1.9140625,Joy,False,False,False,False,False,True,False,False,0.0028695780878290177,0.021353199782337767,0.02120367177080734,0.0078032120699164445,0.007790397808554036,0.8269080035530207,0.00038772077744581165,0.11168421615008883
1.953125,Joy,False,False,False,False,False,True,False,False,0.0027993175899664767,0.020833046157951708,0.020643315090773575,0.03882753156186561,0.002797673019016499,0.8049189054004495,0.00037751990237520157,0.10880269127760149
1.9921875,Joy,False,False,False,False,False,True,False,False,0.025576183804836623,0.004867064047336195,0.0017866025889237348,0.18913918131128554,0.06965525293043011,0.5146622133388202,0.004856578386927678,0.1894569235914398
2.03125,Anger,False,True,False,False,False,False,False,False,0.010030301682900209,0.39046712528070526,0.010031307179624228,0.0004986570083676927,0.0013556246050757412,0.3911019354268178,0.14377686196717898,0.05273818684933002
2.0703125,Anger,False,True,False,False,False,False,False,False,0.19461784402523313,0.5297461387381751,0.1948980460778419,0.0018374140642352975,0.0018368121877559282,0.013630398780976351,0.03716862760179201,0.026264718523990475
2.109375,Anger,False,True,False,False,False,False,False,False,0.11458967065476525,0.31222121608335146,0.021870265551610445,0.11347211492267083,0.11509890857156084,0.008021668016292517,0.0029493012193339777,0.3117768549804147
2.1484375,Amusement,True,False,False,False,False,False,False,False,0.36357560141626477,0.13343449039636923,0.06991132762327895,0.02532870585566762,0.3636311242736308,0.02546888816432127,0.00931970093208988,0.00933016133837742
2.1875,Anger,False,True,False,False,False,False,False,False,0.039379408165342744,0.7923867367115551,0.10392603807619684,0.00037163132763666897,0.014511238294875654,0.002745668956663378,0.007497638867928254,0.03918163959980146
2.2265625,Inspiration,False,False,False,False,True,False,False,False,0.014047199405571498,0.19900979530332608,0.19592086001352488,0.005099639815006089,0.541058148222036,0.0018747977811764142,0.03782402688331077,0.005165532576048274
2.265625,Amusement,True,False,False,False,False,False,False,False,0.2338397890295213,0.23269510324471568,0.23371600078006896,0.04648953048360912,0.2339483768707033,0.0022022895930474025,0.0008103678771744098,0.01629854212115982
2.3046875,Sadness,False,False,False,False,False,False,True,False,0.026854513749210534,0.2009262797917916,0.07348310887867131,0.0051516692139108155,0.07393678546471405,0.0006966085454656367,0.5459965753646664,0.07295445899156956
2.34375,Anger,False,True,False,False,False,False,False,False,0.04446517150812591,0.3310134113079123,0.3311951918845168,0.023231865324553614,0.023235713923159363,0.003125811413811202,0.12188609555581648,0.12184673908210444
2.3828125,Inspiration,False,False,False,False,True,False,False,False,0.008743287237568084,0.11061137130755086,0.007768723111689509,0.04060050579128702,0.8206440498456019,0.007735323200079361,0.002850404458079016,0.0010463350481443748
2.421875,Inspiration,False,False,False,False,True,False,False,False,0.03154445720852265,0.12231643495113605,0.08640094334937072,0.01640906376490445,0.6394751789927757,0.0864853793935993,0.01655376467140977,0.0008147776682814578
2.4609375,Sadness,False,False,False,False,False,False,True,False,0.005084649677753294,0.014314699530060706,0.19810379784939425,0.005086643667524403,0.037572166792501624,0.19853754009854743,0.5394303010986915,0.0018702012855267801
2.5,Joy,False,False,False,False,False,True,False,False,0.002915295864157438,0.007928727157136498,0.008024796214832685,0.02152701091264603,0.0029093564503234535,0.8401474629798236,0.11363728680663351,0.002910063614446808
2.5390625,Sadness,False,False,False,False,False,False,True,False,0.07011771151749788,0.01332401684237891,0.18984491577073814,0.0017987290529488855,0.013313679380637898,0.19095493556382154,0.5188483776718409,0.0017976342001359037
2.578125,Disgust,False,False,True,False,False,False,False,False,0.011635728458030712,0.0008295318543175067,0.6508994196574553,0.0008294058696446123,0.006129171400713512,0.23943028285265763,0.08799256730556675,0.002253892601613733
2.6171875,Joy,False,False,False,False,False,True,False,False,0.0067785375526272845,0.000833950289393277,0.08818188044512416,0.0022657408554803853,0.0008332056087012188,0.6542893034687367,0.24065631754589772,0.006161064234039228
2.65625,Sadness,False,False,False,False,False,False,True,False,0.03159894343202349,0.000299053055189563,0.08626582675339026,0.002209723043906499,0.0008126105008763989,0.23473128056521023,0.6380761447954023,0.0060064178540012465
2.6953125,Sadness,False,False,False,False,False,False,True,False,0.031744312675019565,0.00029905805922481445,0.23471190632361955,0.00600819591892267,0.0008126603116149008,0.0863289377537182,0.6378857927143048,0.002209136243575542
2.734375,Disgust,False,False,True,False,False,False,False,False,0.2368172104810127,0.0003022532624415719,0.6444541591545043,0.016512911333831065,0.0008210511623266161,0.011667699066306107,0.08719277078272611,0.00223194475685149
2.7734375,Amusement,True,False,False,False,False,False,False,False,0.6442106527639226,0.0003022631203314737,0.08706409283609255,0.016534504191673266,0.0008212355453300712,0.011748525237827491,0.2370852526634464,0.002233473641376143
2.8125,Sadness,False,False,False,False,False,False,True,False,0.08792587051174616,0.0008286257595465658,0.23916044801838626,0.016643255737829783,0.0008282696914393808,0.00225132733329523,0.6501109686548375,0.0022512342929191654
2.8515625,Disgust,False,False,True,False,False,False,False,False,0.24862345323498397,0.0023425272766417933,0.6762305965326005,0.033606329620403504,0.0023420392962058612,0.002341325446803936,0.03365252911759916,0.0008611994747612707
2.890625,Amusement,True,False,False,False,False,False,False,False,0.3992733174238631,0.0013859602394593268,0.14690766888106677,0.39931518296862056,0.02817488199900245,0.003761147544877689,0.01979835337745506,0.0013834875656549915
2.9296875,Disgust,False,False,True,False,False,False,False,False,0.18067195200316968,0.0006264153381608938,0.4915078302212122,0.008940957417437308,0.18076097836583888,0.0046278786305884246,0.06644143591144196,0.06642255211215058
2.96875,Disgust,False,False,True,False,False,False,False,False,0.19548819496940423,0.0018414281666473164,0.531575556924103,0.1955140825318841,0.03917651251347031,0.005004300584684443,0.026382969554104425,0.005016954755702106
3.0078125,Fear,False,False,False,True,False,False,False,False,0.07531768304709693,0.001931592069250622,0.07500482102353952,0.5572187620364666,0.075405077379271,0.0052529976992110395,0.005251071237677056,0.20461799550748733
3.046875,Fear,False,False,False,True,False,False,False,False,0.03882795857403137,0.0017663894739432912,0.06884927344231093,0.5095193071154873,0.18713579833973518,0.004800808723221371,0.0017650905709441717,0.18733537376032633
3.0859375,Inspiration,False,False,False,False,True,False,False,False,0.0384119358770782,0.0009844597422634998,0.037756954888884794,0.10448626416402816,0.772271397842016,0.0072854783226746645,0.0003622498837035043,0.03844125927935117
3.125,Joy,False,False,False,False,False,True,False,False,0.0037933499839557226,0.0005130924738962441,0.1477162767665147,0.010330718018774563,0.028927837108286877,0.402525774076111,0.0037941085667040453,0.4023988430057569
3.1640625,Joy,False,False,False,False,False,True,False,False,0.000888938291339427,0.0024203764253621224,0.01784807481983008,0.017923823520082417,0.006576487007154122,0.6971293399012916,0.0008880917092779281,0.2563248683256622
3.203125,Joy,False,False,False,False,False,True,False,False,0.006459101011596944,0.0008750698818785185,0.01756781592574553,0.03409125645738098,0.00237861110301712,0.6855849383771317,0.0008736333928080555,0.2521695738504411
3.2421875,Joy,False,False,False,False,False,True,False,False,0.006542476327102295,0.0024075627503628004,0.0024056794923232126,0.03429320956660782,0.002405085428349357,0.6942001179733577,0.002408479116895324,0.2553373893450014
3.28125,Joy,False,False,False,False,False,True,False,False,0.0066018466422067944,0.018012443507466315,0.0024235041272363824,0.002424537699782701,0.0008914761429462978,0.6997368152027746,0.012662046113504317,0.2572473305640826
3.3203125,Tenderness,False,False,False,False,False,False,False,True,0.007122483796640705,0.10108254894317766,0.037176880977662176,0.00259878273809257,0.0025939841610049443,0.10118839399818805,0.000350780195352023,0.7478861451898818
3.359375,Joy,False,False,False,False,False,True,False,False,0.0781647304979748,0.0020097666981364567,0.005450758942757758,0.040793433190877436,0.21280647793027924,0.5781667485212917,0.005450165496916601,0.07715791872176607
3.3984375,Inspiration,False,False,False,False,True,False,False,False,0.15745043215723234,0.1571475778042658,0.010975508485561222,0.029913476956859416,0.4271185655860822,0.15763189015547657,0.029844240264973936,0.029918308589548446
3.4375,Anger,False,True,False,False,False,False,False,False,0.25067934642321,0.6811968237704901,0.012450349418542724,0.0008685888714927661,0.01769745078579324,0.03387372603151296,0.0008689623806335382,0.002364752318324994
3.4765625,Anger,False,True,False,False,False,False,False,False,0.04658635653433884,0.343844675287028,0.04638140403813424,0.003243792291086414,0.34403823087765073,0.12667069950537713,0.06521798630299505,0.02401685516338947
3.515625,Amusement,True,False,False,False,False,False,False,False,0.27638049321244734,0.052634231188756084,0.27619649531223434,0.007074091433620441,0.27641738581289155,0.10161646509151565,0.0026023736461802676,0.007078464302354372
3.5546875,Anger,False,True,False,False,False,False,False,False,0.03709709298874735,0.2742388798258405,0.10085543207739131,0.000950528644187759,0.2743149839398958,0.019111802632120693,0.0191124388037112,0.27431884108810545
3.59375,Anger,False,True,False,False,False,False,False,False,0.024638750281303096,0.3527325352451706,0.04134415902617783,0.0033290947716545782,0.35341148526054544,0.027552392940186972,0.06701798088389764,0.12997360159106386
3.6328125,Inspiration,False,False,False,False,True,False,False,False,0.1034263968869831,0.10324432733722373,0.0026509868530323394,0.0026509887493538996,0.7647684636925047,0.019635632924919332,0.002648744297634001,0.0009744592583489603
3.671875,Inspiration,False,False,False,False,True,False,False,False,0.015867544560544882,0.22683626912856206,0.08163565897215824,0.0058201037475020985,0.6176023324817134,0.03052307487452192,0.015895215746039464,0.005819800488957926
3.7109375,Anger,False,True,False,False,False,False,False,False,0.06268989516707678,0.3298143555289573,0.1214205301289789,0.008522663975751061,0.023016509491006334,0.12111005072153626,0.3303083921908797,0.0031176027958137
3.75,Joy,False,False,False,False,False,True,False,False,0.026533410364381855,0.07213159432938877,0.05032122200432901,0.07212881332157538,0.009745437161778487,0.3799258801917046,0.37946790695248855,0.009745735674353372
3.7890625,Joy,False,False,False,False,False,True,False,False,0.027954527974458937,0.10764520655498692,0.005400907761688778,0.005339108425461455,0.2084799132157257,0.566663811071248,0.07655302844764224,0.0019634965487880336
3.828125,Sadness,False,False,False,False,False,False,True,False,0.0023540681410771057,0.01743182302263697,0.24952083015821067,0.0003182446146785029,0.017417897918941987,0.033763391695453074,0.6783288618818168,0.0008648825671848697
3.8671875,Sadness,False,False,False,False,False,False,True,False,0.0024420533316547354,0.0008987222977772326,0.018048544080324216,0.006629192417789349,0.0024377253009338446,0.2590077510963199,0.7039056847211441,0.006630326754056622
3.90625,Sadness,False,False,False,False,False,False,True,False,0.011890053836399177,0.006136056313285755,0.08714503684622353,0.0003050458336822862,0.002254042485085187,0.2393684141821974,0.6506472581103654,0.002254092392761315
3.9453125,Sadness,False,False,False,False,False,False,True,False,0.03158017779328781,0.00029934707903529165,0.08628713569110906,0.0008133154202392164,0.006008983645452304,0.23474131855732983,0.6380598964087048,0.0022098254048416124
3.984375,Sadness,False,False,False,False,False,False,True,False,0.03161355176965813,0.0002993765142605175,0.08621460189042818,0.0008136261858082545,0.002210630448548352,0.2346761466368726,0.6381598154740145,0.0060122510804096274
4.0234375,Sadness,False,False,False,False,False,False,True,False,0.09518925363642759,0.00033017226919151803,0.09519554276366524,0.0024392648751790195,0.000897019116139973,0.09513684005759176,0.704181554880116,0.006630352401688855
4.0625,Sadness,False,False,False,False,False,False,True,False,0.0879455739029158,0.0008285100343275884,0.23915227943950668,0.01663363788865673,0.0008279992247104929,0.0022536862298038053,0.6501075407050482,0.0022507725750306132
4.1015625,Disgust,False,False,True,False,False,False,False,False,0.08626077809493504,0.00029926036592648077,0.6383037299340935,0.03131385080569806,0.0008133906013847607,0.006020219885017878,0.23477771034204603,0.0022110599708983687
4.140625,Disgust,False,False,True,False,False,False,False,False,0.10074574111763625,0.0025863974740357844,0.2741903874645377,0.27421526288683323,0.01916209884728475,0.052201683443527415,0.27431424469899673,0.0025841840671480217
4.1796875,Sadness,False,False,False,False,False,False,True,False,0.1966118286166111,0.0006827832475070087,0.19700188958126377,0.01375480919579597,0.037440109060871946,0.013722880370537057,0.5357233284190561,0.005062371508357139
4.21875,Disgust,False,False,True,False,False,False,False,False,0.0780982014678848,0.0020016156410499375,0.5779736447691087,0.21251410869156562,0.040338924430029385,0.005439856228609732,0.07818073952619906,0.005452909245552751
4.2578125,Fear,False,False,False,True,False,False,False,False,0.03894923213847468,0.0010065966032288434,0.10672866977749172,0.7899471879574178,0.0393161210551044,0.0010066194751422522,0.0027441741560708926,0.02030139883706942
4.296875,Tenderness,False,False,False,False,False,False,False,True,0.004423872316384675,0.0016228592473312771,0.17220393957635166,0.17236715700278588,0.1719743395313959,0.004411229714592003,0.0044136154488084505,0.46858298716235014
4.3359375,Disgust,False,False,True,False,False,False,False,False,0.053336236792489916,0.0013672235243819405,0.39431930559698014,0.3946491729696877,0.003729892703597896,0.003718688689954313,0.00371995825732891,0.14515952146557903
4.375,Disgust,False,False,True,False,False,False,False,False,0.0017154399297510347,0.0017148566441858354,0.4945786335783381,0.1816758407501178,0.0669327181148915,0.18181991846967524,0.004664599503420135,0.06689799300962046
4.4140625,Tenderness,False,False,False,False,False,False,False,True,0.0008151453445467637,0.006024571953879248,0.030672832338334767,0.08635826388424696,0.002216075820948697,0.23487689129165518,0.00029942011883678926,0.6387367992475518
4.453125,Tenderness,False,False,False,False,False,False,False,True,0.0023389260440365516,0.000859943601785492,0.006363073046114653,0.03357548929913155,0.03319477184274211,0.24808783448572064,0.0008598756438430505,0.6747200860366259
4.4921875,Joy,False,False,False,False,False,True,False,False,0.006513115299056029,0.0008802908981902396,0.006509323335233747,0.03418671997224589,0.006505381909004739,0.6906485269227919,0.0008803399069113539,0.25387630175656606
4.53125,Joy,False,False,False,False,False,True,False,False,0.0024186999244724078,0.017956711506479515,0.017839968080460646,0.00660105876048555,0.002413184207611066,0.6964897781267256,0.00032647484134140745,0.2559541245524237
4.5703125,Joy,False,False,False,False,False,True,False,False,0.01046037377623328,0.010479429428533972,0.010453889296504268,0.14942910985851673,0.003845923216741021,0.4073955427146387,0.0005192954383165322,0.4074164362705157
4.609375,Joy,False,False,False,False,False,True,False,False,0.07807235652197202,0.005452815759045576,0.005442909805121275,0.10986754449768404,0.005452944931157247,0.5778057909079357,0.0054466878848720155,0.21245894969221202
4.6484375,Anger,False,True,False,False,False,False,False,False,0.01100804329695881,0.42931965552420837,0.011004563274589206,0.001489348391765988,0.00148824509353089,0.42962495692758473,0.05803856394930024,0.05802662354206177
4.6875,Anger,False,True,False,False,False,False,False,False,0.1513639801507728,0.4112190831215529,0.41121916194681774,0.0038815639289388887,0.0038771393108558267,0.010668501391257452,0.0038815362153910983,0.0038890339344134334
4.7265625,Amusement,True,False,False,False,False,False,False,False,0.2871008827362048,0.2871403682792496,0.007372086075775621,0.020101273865077034,0.28761705228697043,0.05481407653730433,0.000996716467103659,0.054857543752314504
4.765625,Amusement,True,False,False,False,False,False,False,False,0.3302112841459346,0.12114244864536684,0.12031026079848857,0.0031121942395589586,0.33019496889378347,0.023931998708726303,0.062614080592147,0.008482763975994357
4.8046875,Anger,False,True,False,False,False,False,False,False,0.03682203199144741,0.7408623809176944,0.0192133579521216,0.0009446954723656998,0.0009450045062727507,0.0009443559691076594,0.10009416046118673,0.10017401272980375
4.84375,Anger,False,True,False,False,False,False,False,False,0.0265171200857561,0.5408114829168605,0.19890580900559973,0.01390801803844325,0.19897233436300094,0.0018751371718836406,0.01388661827167878,0.00512348014677702
4.8828125,Amusement,True,False,False,False,False,False,False,False,0.4949228223225626,0.06674491528810464,0.1817059980032846,0.06634940550876513,0.18218118094741567,0.001715233189442669,0.0046646321310568895,0.0017158126093676333
4.921875,Sadness,False,False,False,False,False,False,True,False,0.025392340601321246,0.18795595602047377,0.06880022918188189,0.00482232546862003,0.1880668944134015,0.0006516235584160245,0.5112066516605119,0.013103979095373622
4.9609375,Disgust,False,False,True,False,False,False,False,False,0.05249734783636192,0.10159007509960623,0.2759924866756818,0.007105023619413707,0.0026084401921713024,0.007086351092949009,0.2764053382213545,0.27671493726246155
5.0,Inspiration,False,False,False,False,True,False,False,False,0.07789431464860981,0.21297456202463275,0.0781419476652163,0.0020120184342026595,0.5798206474124962,0.02880141938089218,0.014869792782662091,0.005485297651288051
5.0390625,Joy,False,False,False,False,False,True,False,False,0.07017457677370048,0.013308599410952946,0.19092245099667451,0.0017977912946057853,0.18951621050512463,0.5191786305651513,0.013302991747009255,0.0017987487067809313
5.078125,Anger,False,True,False,False,False,False,False,False,0.012996537092097943,0.503281267526523,0.1857757990642985,0.0006435201181367577,0.012929826535949806,0.18579237874555152,0.09683048119116265,0.0017501897262798029
5.1171875,Joy,False,False,False,False,False,True,False,False,0.002443845688792651,0.018532965759894438,0.00663049108023885,0.0008962419949239596,0.006623897890142804,0.7037192224711714,0.25871704738796353,0.002436287726872402
5.15625,Joy,False,False,False,False,False,True,False,False,0.03719993855327224,0.007055802668322964,0.10103300398159434,0.00035057572774394973,0.002592065545344554,0.7480752526952171,0.10110344918448123,0.002589911644023544
5.1953125,Joy,False,False,False,False,False,True,False,False,0.011891622871675729,0.0008296362581238484,0.23934651560440273,0.0008290277449132525,0.002253378750069525,0.6507492175249671,0.08797585340236222,0.006124747843485708
5.234375,Joy,False,False,False,False,False,True,False,False,0.006198293306701687,0.006165542501137247,0.08809003542517554,0.002265261424320707,0.0003064820857388812,0.6541389668904509,0.24056870505521327,0.0022667133112616394
5.2734375,Sadness,False,False,False,False,False,False,True,False,0.1012546956767512,0.0009544967767310467,0.10114882549871958,0.0009539974931508085,0.002592785177215949,0.037261554835393625,0.7487859600019646,0.007047684540073129
5.3125,Sadness,False,False,False,False,False,False,True,False,0.08634310038615027,0.0008139310354116263,0.2349383449229482,0.0008135297362717044,0.0008136669632971614,0.03177809354592801,0.6384893240251958,0.006010009384797303
5.3515625,Sadness,False,False,False,False,False,False,True,False,0.08822371948379922,0.0008326022048997669,0.23994928358832818,0.0022608660506321667,0.0022595830389243177,0.011828231293255703,0.6523856555085374,0.0022600588316231958
5.390625,Sadness,False,False,False,False,False,False,True,False,0.08658926296017799,0.0008165481818422038,0.23526568817928323,0.002219080653053319,0.0008158865338406411,0.031808144090271696,0.6402671843824448,0.002218205019086198
5.4296875,Sadness,False,False,False,False,False,False,True,False,0.08795706604062456,0.0008287916141303667,0.23914817809904276,0.016639928054842247,0.0008280616311801941,0.002251280428253313,0.6500955913235746,0.0022511028083518846
5.46875,Disgust,False,False,True,False,False,False,False,False,0.2480475600703152,0.00085927475370732,0.6744832514964169,0.03350082337593145,0.0023360502691777453,0.006346907045216779,0.033567017012506035,0.0008591159767285232
5.5078125,Disgust,False,False,True,False,False,False,False,False,0.14686485951349434,0.00138436532991937,0.3993882670589127,0.3994181151774089,0.02797393666857683,0.00376152861256171,0.019824430482288796,0.0013844971568374742
5.546875,Amusement,True,False,False,False,False,False,False,False,0.3851393706705393,0.0004910221683725697,0.14176154369779348,0.052102079054229394,0.026994542620894898,0.0013344190697976144,0.3852885086514744,0.0068885140668981815
5.5859375,Disgust,False,False,True,False,False,False,False,False,0.1032506002468229,0.0009725564675710157,0.7632868134654186,0.10321590006509568,0.007201311150296592,0.0009720332183041268,0.013908833390911474,0.007191951995579667
5.625,Inspiration,False,False,False,False,True,False,False,False,0.033876246212946555,0.0023926492084329906,0.006582203509330271,0.0065346774779136,0.6903888983461491,0.006524914603521521,0.00032380238469565683,0.2533766082570101
5.6640625,Tenderness,False,False,False,False,False,False,False,True,0.015191294947313484,0.005405385828387353,0.07723887879973268,0.21069633679060312,0.07704706064269147,0.04037004459073569,0.0007304374243586394,0.5733205609761777
5.703125,Tenderness,False,False,False,False,False,False,False,True,0.014679068538200233,0.000377494560083295,0.03934660085088411,0.10891635855861026,0.02098052277515345,0.0027950462134972527,0.0075899170912877385,0.8053149914122836
5.7421875,Joy,False,False,False,False,False,True,False,False,0.10683185700944892,0.0019321943118674025,0.014299569664106788,0.2042816177881963,0.03890008693428097,0.557652155295734,0.0007106436676289033,0.0753918753287367
5.78125,Joy,False,False,False,False,False,True,False,False,0.0027565772098890645,0.007499063492796854,0.05841820532123565,0.014520869519258692,0.014487012303827467,0.7945774393968101,0.0003724329674547294,0.10736839978872757
5.8203125,Inspiration,False,False,False,False,True,False,False,False,0.0024413785501359165,0.00033012649091012676,0.007118339297928227,0.09524003451024039,0.7035593152518886,0.09518505019759643,0.0008974039306721112,0.09522835177062805
5.859375,Joy,False,False,False,False,False,True,False,False,0.041203310834856656,0.00039010535336455704,0.05815369209510175,0.04133917709339266,0.02134429498886075,0.8317972146677446,0.0028850873123430153,0.002887117654336065
5.8984375,Joy,False,False,False,False,False,True,False,False,0.005762658766643195,0.015713361337936087,0.0021186259464409207,0.08242568119272242,0.0426402783648456,0.6112307716380293,0.015660603285949884,0.22444801946743242
5.9375,Joy,False,False,False,False,False,True,False,False,0.08244639137967974,0.22383963845612886,0.015776684338534998,0.015707622271661413,0.00577162897868516,0.6113082528686368,0.0021197703859044026,0.043030011320768564
5.9765625,Joy,False,False,False,False,False,True,False,False,0.028074078504272182,0.001965421558536981,0.0053355730257791285,0.10852395912468443,0.07658503437279308,0.5662335097875343,0.0053355800309170575,0.20794684359548288
6.015625,Joy,False,False,False,False,False,True,False,False,0.028498686583430362,0.07749205527012965,0.014728449682967305,0.0007327075158832798,0.014734314637171259,0.5748391770958348,0.07770784364217982,0.2112667655724035
6.0546875,Anger,False,True,False,False,False,False,False,False,0.1811717732403729,0.492290575383903,0.06653101056298372,0.0006279928824438713,0.012620719707655183,0.0017082236966399595,0.17870282140502286,0.06634688312097842
6.09375,Anger,False,True,False,False,False,False,False,False,0.011697051536703723,0.4511903835852196,0.011577377045283032,0.004261912663193775,0.45176313903020404,0.060989359424079875,0.004255515992122349,0.004265260723193421
6.1328125,Amusement,True,False,False,False,False,False,False,False,0.8212335761790233,0.04030184581986064,0.00780084767985973,0.0028465725960219817,0.11115455083472377,0.007863345205304887,0.0010466877546593935,0.007752573930546398
6.171875,Anger,False,True,False,False,False,False,False,False,0.03152067650596702,0.23628312105948987,0.23551850706599325,0.0008186931385475003,0.23627607945256632,0.006049845711458539,0.01735038432309442,0.23618269274288303
6.2109375,Anger,False,True,False,False,False,False,False,False,0.034774679821090615,0.25779145348138593,0.25753441969597046,0.0024297584257593602,0.09355244278474835,0.0024285428177481037,0.25700314512041444,0.09448555785288272
6.25,Inspiration,False,False,False,False,True,False,False,False,0.10126933427795355,0.10091793103294189,0.007406879361116154,0.03696355899865351,0.7489374836513641,0.0009544686016243998,0.002595176019390497,0.0009551680569558177
6.2890625,Inspiration,False,False,False,False,True,False,False,False,0.08302171663299514,0.04293953160984653,0.2258155596776544,0.005797999221738139,0.6150488120955612,0.01577306858120508,0.005804136758782025,0.0057991754222175085
6.328125,Anger,False,True,False,False,False,False,False,False,0.020862924003851518,0.29476365132948135,0.021191071475619293,0.0027802289921330663,0.05590619776419088,0.29501294927631816,0.29488326914485763,0.014599708013548178
6.3671875,Joy,False,False,False,False,False,True,False,False,0.03570662758921005,0.1875335085152297,0.0017718647345702147,0.0017714851665262693,0.18801989925042414,0.5114104395612027,0.06896755353524096,0.004818621647596052
6.40625,Disgust,False,False,True,False,False,False,False,False,0.04325771627284629,0.02232244596213238,0.3202328381401677,0.003015281513618769,0.1651391006142164,0.32028140184407705,0.1175510567931577,0.008200158859783648
6.4453125,Disgust,False,False,True,False,False,False,False,False,0.02812838042395543,0.0013991246684501597,0.40329697267530645,0.0013970875760652619,0.003797582388772847,0.40337190988832095,0.1482802911698793,0.010328651209249614
6.484375,Joy,False,False,False,False,False,True,False,False,0.002454237596703488,0.0024500205197365093,0.018070088820104944,0.002445263741228412,0.006643503049133256,0.7058975220716792,0.259593390861495,0.0024459733399190223
6.5234375,Sadness,False,False,False,False,False,False,True,False,0.034413924410324176,0.0065222650460577515,0.006540701457356335,0.0008822742849264151,0.0023996063542594294,0.2546517658008037,0.6921922679286232,0.002397194717648996
6.5625,Sadness,False,False,False,False,False,False,True,False,0.03177547665267564,0.00029989150109306834,0.08653348344578606,0.0022163949728822648,0.002215149055104773,0.2353040194469737,0.6394408515831356,0.0022147333423488138
6.6015625,Sadness,False,False,False,False,False,False,True,False,0.0118538157339964,0.0003050503110987565,0.08773780955001581,0.0022561412101230406,0.0022526101587535493,0.2392230903719966,0.6502449532140637,0.006126529449952215
6.640625,Sadness,False,False,False,False,False,False,True,False,0.03332167823582255,0.00031660376242302087,0.24690017860566826,0.0023396271745470677,0.0023378483828826587,0.033523474373700485,0.6749020722094771,0.006358517255478848
6.6796875,Sadness,False,False,False,False,False,False,True,False,0.03170573174242304,0.00029922072924111676,0.23465297644528868,0.006009378995245115,0.0022106467801990483,0.08624483265551305,0.6380643445876653,0.0008128680644245641
6.71875,Disgust,False,False,True,False,False,False,False,False,0.0038941707963339026,0.0005137831649587875,0.4030106563044615,0.14698335599685178,0.003800330813434859,0.028342378851173834,0.4031198492987138,0.010335474774071464
6.7578125,Disgust,False,False,True,False,False,False,False,False,0.03749025688223874,0.002614282076409916,0.2771390672914835,0.2772989558117121,0.019330354737619456,0.10148204040877906,0.2775351818189523,0.0071098609728048505
6.796875,Amusement,True,False,False,False,False,False,False,False,0.31487069099138937,0.0004016966891233835,0.31515696272160204,0.042308365710360465,0.0029694926135103274,0.0010913110693063185,0.31512029152171706,0.008081188682990995
