time_sec,pred_label,Amusement,Anger,Disgust,Fear,Inspiration,Joy,Sadness,Tenderness,prob_Amusement,prob_Anger,prob_Disgust,prob_Fear,prob_Inspiration,prob_Joy,prob_Sadness,prob_Tenderness
0.0390625,Joy,False,False,False,False,False,True,False,False,0.0048076709206025395,0.1879496914632406,0.013071684979852815,0.06914112320741651,0.0006505493859466013,0.5110764250491112,0.18795734201116487,0.025345512982664947
0.078125,Inspiration,False,False,False,False,True,False,False,False,0.002363515000487763,0.00642989125428913,0.006424928673192507,0.047740456185862576,0.6830656899227991,0.25129155521238955,0.00031989828118015245,0.002364065469799082
0.1171875,Amusement,True,False,False,False,False,False,False,False,0.6849245462390287,0.0023710271643379616,0.2519729430130387,0.0023706224688047387,0.017514400036418167,0.0340811140817392,0.006444605626402074,0.00032074137023047777
0.15625,Joy,False,False,False,False,False,True,False,False,0.0023827824003132057,0.012442141213766529,0.0008764046523710798,0.002382727155964067,0.0064772580845463374,0.68820288157929,0.03418805124208595,0.25304775367166293
0.1953125,Joy,False,False,False,False,False,True,False,False,0.0022175184967434007,0.0022183318806390877,0.08649234668356445,0.0008154034581589791,0.03173764426402598,0.6402218621666282,0.23548144887671812,0.0008154441735215113
0.234375,Disgust,False,False,True,False,False,False,False,False,0.24807547655565715,0.002335820378934198,0.6744355541404706,0.00635091901698532,0.000858852857919032,0.03356529939414093,0.03351927792224718,0.0008587997336456513
0.2734375,Fear,False,False,False,True,False,False,False,False,0.0038646405379619293,0.0014203104733976693,0.010495609319085818,0.4094184818029745,0.003857508006441202,0.40977449078891626,0.1506636191884731,0.010505339882749475
0.3125,Sadness,False,False,False,False,False,False,True,False,0.0008166521471291249,0.000816225407706219,0.03179396816794879,0.2354006056495019,0.002218064085962794,0.08665323982597394,0.6400811581594258,0.0022200865563514814
0.3515625,Sadness,False,False,False,False,False,False,True,False,0.0008747547398809912,0.006563337995729553,0.2523373934179833,0.03403497435063181,0.0008742659435337221,0.006544452449891472,0.6863032493009167,0.012467571801432455
0.390625,Disgust,False,False,True,False,False,False,False,False,0.05334572929388021,0.0037266198136803774,0.39412785310711373,0.394622919298768,0.0013661256471311069,0.0040309225772469995,0.1450647778683781,0.0037150523938015143
0.4296875,Fear,False,False,False,True,False,False,False,False,0.0024475939687682766,0.002448043500890754,0.012663620988171156,0.7067349290907717,0.006651834281962168,0.2599372318573609,0.006665660394998758,0.002451085917076289
0.46875,Fear,False,False,False,True,False,False,False,False,0.022966350292453887,0.003107042176836395,0.12106656252199825,0.3299392318374149,0.0084416115365265,0.12133634267563423,0.3297565723552502,0.06338628660388562
0.5078125,Fear,False,False,False,True,False,False,False,False,0.005444718258340701,0.005446808300215975,0.21247815788317762,0.578071204663798,0.0020012068121693463,0.0780613232617893,0.040348600584337285,0.07814798023617171
0.546875,Fear,False,False,False,True,False,False,False,False,0.019417421494283202,0.000966066111814383,0.012750163295644336,0.7584683819953831,0.002626445898682403,0.1024058196580574,0.0009660113498663952,0.10239969019626874
0.5859375,Fear,False,False,False,True,False,False,False,False,0.007410660064953878,0.0010028670978281225,0.10642585874110012,0.7870249140648049,0.0010027839455091956,0.055289335046114475,0.0027256045942539303,0.03911797644543524
0.625,Fear,False,False,False,True,False,False,False,False,0.013289487486873558,0.0006615308916072568,0.013301682527620057,0.5190482383465324,0.004889637530455215,0.19089616190147446,0.06704624680430067,0.19086701451113627
0.6640625,Fear,False,False,False,True,False,False,False,False,0.016701102128302822,0.0008282041860126403,0.0022523674458066376,0.6500917575190206,0.0022518931121089337,0.08790312025526828,0.0008282383206127825,0.23914331703286734
0.703125,Disgust,False,False,True,False,False,False,False,False,0.010017264428675848,0.0013545608623043216,0.3908306833162451,0.3908584110791548,0.05280298283440672,0.010009886157047853,0.0004979883775688913,0.1436282229445965
0.7421875,Inspiration,False,False,False,False,True,False,False,False,0.007057201181422657,0.00035067647783168157,0.03712519814209435,0.10118785691343443,0.7480035211981387,0.002592000234314776,0.002592566146566269,0.10109097970619724
0.78125,Inspiration,False,False,False,False,True,False,False,False,0.06623317905925279,0.0010964559394394519,0.11597139165602209,0.11586731884453871,0.3164914272315532,0.06000925575910908,0.008106973864217184,0.3162239976458675
0.8203125,Inspiration,False,False,False,False,True,False,False,False,0.007678900361162957,0.0010360070874090776,0.10966676599947463,0.007654430277061261,0.8117056189459302,0.0010356970782311422,0.020867464005189917,0.04035511624554086
0.859375,Amusement,True,False,False,False,False,False,False,False,0.770564849655287,0.0026729224287218687,0.10425049534503596,0.007262812496609944,0.10432911246169184,0.0009825635433790066,0.007265420856998658,0.00267182321227575
0.8984375,Inspiration,False,False,False,False,True,False,False,False,0.07945134171445987,0.002037798854695123,0.0055386925372531174,0.07892914029104,0.5881506782951386,0.015051690650204928,0.2157884769935441,0.015052180663664537
0.9375,Amusement,True,False,False,False,False,False,False,False,0.4663303458786561,0.001615391216253003,0.17133004341115013,0.004390180608532262,0.17157723640656222,0.17120352148789783,0.011938173844704525,0.0016151071462437963
0.9765625,Disgust,False,False,True,False,False,False,False,False,0.23935565913837067,0.011772626220605214,0.6507446020962891,0.0008291967907153364,0.08807931558284213,0.0061346957482235264,0.002254587912101498,0.0008293165108525419
1.015625,Amusement,True,False,False,False,False,False,False,False,0.28160044870965895,0.05421773992228158,0.03715333620923721,0.007236597270191683,0.2825332085428173,0.05382897749128297,0.28245119907234006,0.0009784927821901962
1.0546875,Inspiration,False,False,False,False,True,False,False,False,0.010587190128628455,0.003874428404524356,0.1509669294145457,0.003877726730477982,0.411472923345838,0.40723571440775186,0.010560354093352917,0.001424733474880836
1.09375,Inspiration,False,False,False,False,True,False,False,False,0.0004806783357647192,0.0506962227518205,0.05094150950994699,0.0013070399434091664,0.37722691098078814,0.13868138272881803,0.3771141914578145,0.0035520642916379444
1.1328125,Joy,False,False,False,False,False,True,False,False,0.00045972500109887584,0.1316731431456339,0.0034058312222937084,0.009245192398720185,0.13258497710021677,0.3607242734767514,0.36065733855407595,0.0012495191012093399
1.171875,Joy,False,False,False,False,False,True,False,False,0.00504923739106766,0.013731457019383572,0.03736408323896195,0.013781932758154354,0.1970596808952965,0.535295028694469,0.19703596004453217,0.0006826199581348693
1.2109375,Joy,False,False,False,False,False,True,False,False,0.006479859028401702,0.009227802978378543,0.13199463300363373,0.00045811074568606825,0.13216233479775122,0.35911984721740775,0.3593120963766274,0.0012453158521136033
1.25,Anger,False,True,False,False,False,False,False,False,0.003030701539028147,0.32143611438882513,0.008237542417172247,0.0004098844456545801,0.022400090997312362,0.3217385836879098,0.3216327767551576,0.0011143057689402185
1.2890625,Joy,False,False,False,False,False,True,False,False,0.0008972299339608021,0.002441129563022058,0.0024374314064160626,0.0066292894435908065,0.018026797104343673,0.7040247891149193,0.25890833443982664,0.00663499899392083
1.328125,Sadness,False,False,False,False,False,False,True,False,0.0024350906738170816,0.006596707526109815,0.017863742611197175,0.0008886774197236918,0.017856783263049167,0.256459887044891,0.6970104983799845,0.0008886130812276314
1.3671875,Sadness,False,False,False,False,False,False,True,False,0.03686948127235652,0.09967340389543683,0.10023976707441958,0.00034761671087809757,0.006981657232535782,0.013572963286383811,0.7413702384824722,0.0009448720455172301
1.40625,Sadness,False,False,False,False,False,False,True,False,0.0008803333670519409,0.0008806662859622722,0.017677507740121865,0.017712382859312033,0.0008797640343684731,0.25402210036967093,0.6902283717534251,0.017718873590087277
1.4453125,Sadness,False,False,False,False,False,False,True,False,0.006470266579241254,0.0023756175891165507,0.04797585923839001,0.002374359161823783,0.0008730372212663816,0.25215083475499894,0.685405327494832,0.002374697960331187
1.484375,Amusement,True,False,False,False,False,False,False,False,0.4371922718584515,0.01120450118376958,0.4372367718502358,0.030463069225891114,0.0015144338939688418,0.02176234237598922,0.05911216084206367,0.0015144487696303049
1.5234375,Sadness,False,False,False,False,False,False,True,False,0.04025611480938314,0.020867156470135418,0.0010344793301950924,0.10957735545789275,0.007687049887814021,0.007828647157318985,0.811714247161622,0.001034949725638675
1.5625,Amusement,True,False,False,False,False,False,False,False,0.41080352980223045,0.000523953110232081,0.055342106972448825,0.4107318376619211,0.01053401543499201,0.05520831482856348,0.055431669494322884,0.0014245726952892333
1.6015625,Sadness,False,False,False,False,False,False,True,False,0.21968017233031784,0.015366221414612706,0.0297406219712097,0.015624175447156446,0.07988246909780852,0.0007613863719955577,0.5971038070120082,0.041841146354891105
1.640625,Amusement,True,False,False,False,False,False,False,False,0.4034331510076819,0.14807924483151755,0.0038019786923859135,0.020031921394044968,0.010325842890424118,0.010340487105329131,0.4034733946308074,0.0005139794478091474
1.6796875,Fear,False,False,False,True,False,False,False,False,0.08763914361365545,0.00030404240994852784,0.016637534642665448,0.6481291579196974,0.002244515437064135,0.2380962813603154,0.0061231523235002385,0.0008261722931535577
1.71875,Fear,False,False,False,True,False,False,False,False,0.04043233465696086,0.007720988131435625,0.0076995865689225874,0.8152200352066046,0.0010389278428537833,0.0028340733469922282,0.014896113539615433,0.11015794070661493
1.7578125,Disgust,False,False,True,False,False,False,False,False,0.004070806458275929,0.004066729926764554,0.43118369998460887,0.4314732011498711,0.00149369777664969,0.011044995108650512,0.05832003508628489,0.05834683450889456
1.796875,Fear,False,False,False,True,False,False,False,False,0.007731074436775668,0.0028434541977760807,0.04065709476207272,0.8212613325318897,0.007736421789428519,0.11098180393116001,0.0010459399038515115,0.007742878447045773
1.8359375,Fear,False,False,False,True,False,False,False,False,0.022039400091497078,0.001095682117843689,0.04280073142980451,0.8600949341111854,0.022023284600078435,0.008104555923638816,0.0010956213696175835,0.0427457903563345
1.875,Fear,False,False,False,True,False,False,False,False,0.006166049119891252,0.0003064763552733224,0.0022666087203775595,0.6538983362088021,0.00226501584707563,0.2404859975115099,0.0061638981235527844,0.08844761811351742
1.9140625,Fear,False,False,False,True,False,False,False,False,0.031821051192499734,0.0008154929124588589,0.002221761407473204,0.640144713711427,0.0022171203937645214,0.235360352538796,0.000815319047599768,0.0866041887959809
1.953125,Disgust,False,False,True,False,False,False,False,False,0.007030219412480677,0.0009503438785418842,0.7457745069660331,0.10091608643416233,0.1008687843263639,0.007042451869400962,0.00034950789549743617,0.03706809921751971
1.9921875,Fear,False,False,False,True,False,False,False,False,0.0076828915205544,0.00038058295608372784,0.0028134018962579256,0.811235958191038,0.040163997038371715,0.10924958249795766,0.020780304433140648,0.0076932814665959534
2.03125,Joy,False,False,False,False,False,True,False,False,0.17335339190813887,0.0006248789466153752,0.06597737351140029,0.0662171814879222,0.18023093264417722,0.4875463011248121,0.001699170445679209,0.02435076993125477
2.0703125,Disgust,False,False,True,False,False,False,False,False,0.035648219174016484,0.0006478424925046007,0.5078803032662065,0.013036341425023624,0.1867943622962777,0.1855902980844342,0.0017602080982215464,0.0686424251633153
2.109375,Amusement,True,False,False,False,False,False,False,False,0.31495851554104304,0.0004014149298742745,0.31489561201098326,0.002965093587795476,0.315039511542515,0.00806197218733242,0.042587222091574936,0.0010906581088814466
2.1484375,Amusement,True,False,False,False,False,False,False,False,0.8010722011404896,0.0010210376209287236,0.0027750853611231666,0.0075457441039133355,0.10844298865412805,0.020540225941487182,0.05758217179426536,0.0010205453836645852
2.1875,Amusement,True,False,False,False,False,False,False,False,0.7400998452601015,0.0003468088089260885,0.03683067450859883,0.018936038889153524,0.10016744966641877,0.1001142729829294,0.002562296007073898,0.0009426138767980596
2.2265625,Disgust,False,False,True,False,False,False,False,False,0.24052440245750337,0.002265957687658898,0.653827069796234,0.0003063224574181646,0.08849953346608629,0.006158402442496309,0.002263750939972485,0.006154560752630501
2.265625,Amusement,True,False,False,False,False,False,False,False,0.4652745933950341,0.004386033086560507,0.011942480917617697,0.004378549705160224,0.17118351168956958,0.17111832841613903,0.17112396376529854,0.0005925390246202171
2.3046875,Amusement,True,False,False,False,False,False,False,False,0.39075953593183915,0.0013531750662269845,0.05284266628276296,0.009996811982336066,0.39084632111180545,0.1437000280081696,0.010003810673662948,0.0004976509431966503
2.34375,Disgust,False,False,True,False,False,False,False,False,0.033100971777633874,0.012073270223783466,0.6649725888907514,0.00031163502314847207,0.24465814569149802,0.03300477774582149,0.011031431113652066,0.0008471795337111505
2.3828125,Anger,False,True,False,False,False,False,False,False,0.005835078524265157,0.3220642884873306,0.00825494366089534,0.0030329334930793883,0.016007486743299167,0.3222246988275169,0.32217012179376925,0.0004104484698440744
2.421875,Joy,False,False,False,False,False,True,False,False,0.0008713625754603114,0.017539072284621603,0.006435479550468542,0.006468224900074105,0.033992911888387704,0.6830815195654263,0.25129120154303897,0.00032022769252273406
2.4609375,Sadness,False,False,False,False,False,False,True,False,0.0022946806619628893,0.04646275617781405,0.012070555012506758,0.0003104571780650845,0.2433662226027214,0.03282124597354613,0.6618303195532554,0.0008437628401281041
2.5,Sadness,False,False,False,False,False,False,True,False,0.00034824902935632344,0.013586233575699613,0.0025733792689227398,0.1001909289855744,0.03690368595275163,0.10057611065944479,0.7432462278485011,0.002575184679749308
2.5390625,Joy,False,False,False,False,False,True,False,False,0.006212020611165893,0.0008362933348431798,0.002272157305979447,0.24129018890544815,0.002274533504204879,0.6562189911419412,0.08862307712524731,0.0022727380711700528
2.578125,Sadness,False,False,False,False,False,False,True,False,0.002424457870823939,0.01792295295375357,0.006568440588571444,0.0008888741422825205,0.017872618565704115,0.2564480264903011,0.6969859205748454,0.0008887088137178441
2.6171875,Sadness,False,False,False,False,False,False,True,False,0.011584926197800128,0.08552906074443092,0.031532775921392406,0.00029756480494986495,0.0008085977860281338,0.23340484413445164,0.6346440473297285,0.0021981830812184706
2.65625,Joy,False,False,False,False,False,True,False,False,0.006618087394959123,0.0066468161676729014,0.006611134335039916,0.01799685490594224,0.0008946621847314042,0.7021867937334202,0.25815058043479344,0.0008950708434407383
2.6953125,Sadness,False,False,False,False,False,False,True,False,0.002273083867872823,0.0022721202953152955,0.08349927183712101,0.0008358526494654709,0.002271009826390207,0.24124633662363557,0.6557578194229773,0.011844505477222258
2.734375,Amusement,True,False,False,False,False,False,False,False,0.3611612012695751,0.0034057277950399556,0.1328600907282858,0.13235155542142119,0.0012510165054265795,0.00661012764103553,0.3611092032795524,0.0012510773596634752
2.7734375,Fear,False,False,False,True,False,False,False,False,0.008519074899320437,0.004426260077110692,0.16837422182991374,0.468191333023784,0.001622195276255196,0.17227960305621087,0.17217589759905472,0.004411414238350335
2.8125,Sadness,False,False,False,False,False,False,True,False,0.002222504536621199,0.000299975889492457,0.0315560323830271,0.2353395971490817,0.0022162100129875656,0.08655954418595652,0.6395848349303418,0.002221300912491738
2.8515625,Sadness,False,False,False,False,False,False,True,False,0.005088528205405928,0.0050886220424924975,0.19842985651351433,0.19837293375318263,0.0018696482475677948,0.013848278714353993,0.5396375609616517,0.03766457156183124
2.890625,Fear,False,False,False,True,False,False,False,False,0.21227268720935277,0.040388348578475265,0.07806932036115975,0.5781965874952557,0.005442446221547282,0.0054579917190006235,0.07816981264034031,0.0020028057748682215
2.9296875,Fear,False,False,False,True,False,False,False,False,0.020719337551894815,0.0027890092580578644,0.10874090550665302,0.8050218572241771,0.0010253010296982226,0.04003626979725406,0.0010259355728066957,0.02064138405945826
2.96875,Fear,False,False,False,True,False,False,False,False,0.007191593075372303,0.00719027304754061,0.09905917791519682,0.2806568106286957,0.007181934293450645,0.037887088688402834,0.2803343737516313,0.2804987485997098
3.0078125,Disgust,False,False,True,False,False,False,False,False,0.004208508740892418,0.004181676282090644,0.44390662578220885,0.4439867746590856,0.001537047360415506,0.011369561472947579,0.03091578489208798,0.05989402081027135
3.046875,Fear,False,False,False,True,False,False,False,False,0.00668604681935307,0.0024571503600852936,0.0067035622365381265,0.7092327993681972,0.006678168796280383,0.26065024552369614,0.0009037635349068267,0.00668826336094312
3.0859375,Disgust,False,False,True,False,False,False,False,False,0.006513168938751792,0.0008801898791421243,0.6902947414616795,0.2540791748147149,0.00652294779078469,0.006508635832593782,0.0008799230994864085,0.034321218182846704
3.125,Fear,False,False,False,True,False,False,False,False,0.007107626810125215,0.00035079007524079034,0.0025922269706631193,0.7483080866940682,0.002592100484250929,0.10115588099254332,0.03670489828682178,0.10118838968628648
3.1640625,Fear,False,False,False,True,False,False,False,False,0.01668975712659172,0.000828500152561327,0.002252050398873254,0.6501050613030153,0.002251951221973908,0.08795660962743379,0.0008284747998742323,0.23908759536967653
3.203125,Disgust,False,False,True,False,False,False,False,False,0.01944803329427714,0.0009621702736309125,0.7543207646134321,0.10207972495301716,0.013711536599351823,0.007166228320131401,0.0003537532413726128,0.1019577887047868
3.2421875,Fear,False,False,False,True,False,False,False,False,0.01757394974683885,0.0023731512219490446,0.006458223487449692,0.6849467885724646,0.0023853765716739138,0.03403213201958076,0.0003210707842761453,0.25190930759576696
3.28125,Fear,False,False,False,True,False,False,False,False,0.01020405705200102,0.0005066200587257962,0.0276992413921759,0.39723784052561684,0.01966934878189705,0.1461821294136998,0.0013776673309629443,0.3971230954449207
3.3203125,Disgust,False,False,True,False,False,False,False,False,0.016770371479329544,0.0008337507191880374,0.24022781109222452,0.016739375694720417,0.24030811863054005,0.23933139615441731,0.006167610874189433,0.23962156535539064
3.359375,Disgust,False,False,True,False,False,False,False,False,0.14807863203450633,0.0005135449920013439,0.40263913596999823,0.010321672208859265,0.4028087050996623,0.003795375817921799,0.028047877959543745,0.003795055917506905
3.3984375,Inspiration,False,False,False,False,True,False,False,False,0.23003318188957936,0.01603055805168126,0.005895961478920781,0.016133675365727042,0.625835325002525,0.016022227681032484,0.08415582157157406,0.0058932489589600704
3.4375,Amusement,True,False,False,False,False,False,False,False,0.4661211235340879,0.0016156359982869004,0.17144805535058,0.011934364766661033,0.17149824537440408,0.17137826578867235,0.004389486450835262,0.0016148227364724895
3.4765625,Disgust,False,False,True,False,False,False,False,False,0.033988411472551584,0.017719801758179794,0.6829781281056932,0.0008699123223853014,0.25125093926693565,0.006440802767314191,0.0064319368546866575,0.0003200674522535692
3.515625,Amusement,True,False,False,False,False,False,False,False,0.37698885498943246,0.0035509734794612036,0.050941128039394254,0.0013052358460238292,0.13870884976056114,0.05100309753344532,0.37702170717947486,0.00048015317220704385
3.5546875,Amusement,True,False,False,False,False,False,False,False,0.7039494252299936,0.0024372654769725614,0.09523460584053357,0.0008964414601743269,0.09527602763767085,0.095244500855285,0.006631969075197938,0.0003297644241720823
3.59375,Disgust,False,False,True,False,False,False,False,False,0.23467800506051228,0.002209454386242825,0.6379356368421842,0.0002988183626371013,0.08630399182209988,0.0317577391983299,0.006004023333000844,0.0008123309949928687
3.6328125,Joy,False,False,False,False,False,True,False,False,0.041056040650705845,0.007787128911279927,0.040901608455012624,0.0028550090785160985,0.04105671074665474,0.8249454089293029,0.04101170565908119,0.00038638756944665625
3.671875,Joy,False,False,False,False,False,True,False,False,0.18798918982534157,0.013076206495811895,0.025439437625796136,0.004808985459615315,0.18800388416008837,0.5111636311076063,0.06886786991108473,0.0006507954146556244
3.7109375,Disgust,False,False,True,False,False,False,False,False,0.10090804936647207,0.007021869328656463,0.745690642277504,0.0003493906183643135,0.03693260548689841,0.10092221059118622,0.0072254411819271756,0.0009497911489914051
3.75,Joy,False,False,False,False,False,True,False,False,0.00221146363093102,0.0862301506606853,0.031661914699468885,0.00029899197532390944,0.006032318187433397,0.6381132176523957,0.23463876522215307,0.0008131779716087293
3.7890625,Joy,False,False,False,False,False,True,False,False,0.012018209626563914,0.0024460664522638117,0.00663935215574199,0.0008984501605280662,0.006640684068287064,0.7053113625803203,0.25939913518972396,0.006646739766570967
3.828125,Joy,False,False,False,False,False,True,False,False,0.0023865964646377965,0.006381005939324894,0.047479974567921655,0.0003170880524888764,0.017412034046684496,0.6764523887722171,0.24870848248388877,0.0008624296728364192
3.8671875,Sadness,False,False,False,False,False,False,True,False,0.03664991414642417,0.01967026517649085,0.1000128769383502,0.0003467022836336701,0.0025623431862181007,0.10005448348345801,0.7397607154448919,0.000942699340532987
3.90625,Sadness,False,False,False,False,False,False,True,False,0.006480598980790183,0.0008742330601606854,0.0008742231316483679,0.0023768231035570307,0.033923887244300635,0.2522614838743967,0.6856306793073366,0.017578071297809913
3.9453125,Amusement,True,False,False,False,False,False,False,False,0.25322331026608336,0.0008783432056541239,0.09294001526604452,0.25200892821969884,0.2532939493583167,0.002388632564386395,0.05253927328774981,0.09272754783206631
3.984375,Sadness,False,False,False,False,False,False,True,False,0.24210411768211476,0.030787062899918154,0.03266916898221149,0.002280135138293776,0.03268277194821645,0.0008387287408923443,0.6583294900617379,0.0003085245466150084
4.0234375,Sadness,False,False,False,False,False,False,True,False,0.10940055416701265,0.0028074803654917027,0.002802326616199677,0.014796293293806492,0.021105373984210467,0.039025199345860385,0.8090317504636809,0.0010310217637376773
4.0625,Fear,False,False,False,True,False,False,False,False,0.24866256276810217,0.00031711085619235167,0.006373999867189013,0.6761360001131748,0.0023458334217691034,0.03366046366084773,0.030159577847168894,0.002344451465556056
4.1015625,Amusement,True,False,False,False,False,False,False,False,0.8139600418893809,0.0028417853060170284,0.0405106869961807,0.0028233512433123403,0.021078202834635053,0.0010368992701374786,0.11007969644721441,0.007669336013122111
4.140625,Amusement,True,False,False,False,False,False,False,False,0.39899832723129036,0.1464067322566933,0.003759734763504775,0.01982383997006553,0.027766137155572624,0.0037574504006162475,0.3989794534739096,0.0005083247483475168
4.1796875,Amusement,True,False,False,False,False,False,False,False,0.6450722594982223,0.0003026222198468475,0.08595677249756764,0.2373486681771334,0.002237019133794845,0.016578857886171885,0.011681569877535087,0.0008222307097280201
4.21875,Fear,False,False,False,True,False,False,False,False,0.2479395494958441,0.0003162565925538068,0.03352555172530735,0.6741492269326901,0.0023362841622993056,0.006363778631546883,0.0023383075929869434,0.033031044866771476
4.2578125,Anger,False,True,False,False,False,False,False,False,0.07314672310134035,0.5407857240926975,0.0730185278459028,0.1992580582721445,0.0006901154736844943,0.001876548247317426,0.07328438586431031,0.03793991710260253
4.296875,Fear,False,False,False,True,False,False,False,False,0.002882046686081927,0.0028767364516167127,0.11210103103748147,0.8300690811601572,0.02132713903942204,0.00782539132048252,0.0010583559420741123,0.021860218362684036
4.3359375,Fear,False,False,False,True,False,False,False,False,0.006457151244983949,0.0008704332961450523,0.2512739300484602,0.6831916355165468,0.017571750699821472,0.00643188158125822,0.0003201648476662504,0.03388305276511794
4.375,Fear,False,False,False,True,False,False,False,False,0.00793529127816274,0.0003872777019108412,0.00779915452045798,0.8264241220990959,0.0028640450795618206,0.021181569327416383,0.021658431471188844,0.11175010852220553
4.4140625,Fear,False,False,False,True,False,False,False,False,0.036007863493536345,0.0009241330454720084,0.004881136198303218,0.7256265509034066,0.09814672931107682,0.09797915624231722,0.0003399231843075773,0.03609450762158038
4.453125,Fear,False,False,False,True,False,False,False,False,0.007502022553281704,0.001014204908597384,0.03963397823384579,0.7961277054421487,0.10759258345833105,0.007505146648030543,0.0010140257821912222,0.03961033297357352
4.4921875,Fear,False,False,False,True,False,False,False,False,0.015168715451002786,0.0007540442595094277,0.005582479493342616,0.5917384765567829,0.21759199549210537,0.04189174718134392,0.11209879092986552,0.015173750636047537
4.53125,Amusement,True,False,False,False,False,False,False,False,0.49108872636698525,0.0006256387404276004,0.18061788115470093,0.0663528406261984,0.18066336193266092,0.0663835796387331,0.012567246811439628,0.0017007247288541437
4.5703125,Amusement,True,False,False,False,False,False,False,False,0.22794383765185502,0.0021477577838317215,0.22804916309524398,0.01589156590551715,0.22813508404966193,0.2277699292447953,0.0007898314648185386,0.06927283080427633
4.609375,Amusement,True,False,False,False,False,False,False,False,0.6479179226943138,0.0003041647937065098,0.23832168980567908,0.016595046501889067,0.08767228105292907,0.002245785003298266,0.006117498594302571,0.0008256115538816597
4.6484375,Amusement,True,False,False,False,False,False,False,False,0.46875508484818984,0.001624184025854706,0.004415583304281653,0.012011024942693137,0.1725281393067255,0.16674824853458953,0.1722940737173035,0.0016236613203621964
4.6875,Amusement,True,False,False,False,False,False,False,False,0.7457290508359931,0.0003494419770669964,0.03712157011478092,0.007018264054496489,0.10091447467514338,0.10089929035011777,0.007018235481446948,0.0009496725109544274
4.7265625,Disgust,False,False,True,False,False,False,False,False,0.08774583644470015,0.01182682957532138,0.6484903726753375,0.0008261580097687562,0.23858542390547563,0.006110181252991253,0.006111210118470236,0.000303988017935065
4.765625,Amusement,True,False,False,False,False,False,False,False,0.46528984583613553,0.011925215484082995,0.004387969107381652,0.004378834629004749,0.1711481335626642,0.1711225619390557,0.17115487865211373,0.0005925607895615336
4.8046875,Amusement,True,False,False,False,False,False,False,False,0.7457275658508373,0.0009498477015996048,0.037082334014320255,0.0070180696458547395,0.10093029517757228,0.10092203984450787,0.007020489417816231,0.00034935834749182077
4.84375,Disgust,False,False,True,False,False,False,False,False,0.0384224300812339,0.007292253913732742,0.7719622463055589,0.000361678094355159,0.10441345608488561,0.038410245289962994,0.038154490403199244,0.0009831998270716004
4.8828125,Joy,False,False,False,False,False,True,False,False,0.038403885409840646,0.038377087820881166,0.007271505357343979,0.0009827472061387196,0.03840159615291351,0.7717989017955539,0.1044027299652855,0.0003615462920426812
4.921875,Joy,False,False,False,False,False,True,False,False,0.02629091180279638,0.013542194762695511,0.036876739450085565,0.004978199645793817,0.19438209435049134,0.5287808482654889,0.19447550783794743,0.0006735038847010647
4.9609375,Amusement,True,False,False,False,False,False,False,False,0.22489384364105344,0.015667112534691597,0.22481680821093591,0.0007788320008380625,0.08265127447272527,0.2248735416062024,0.22420121439648663,0.0021173731370667426
5.0,Anger,False,True,False,False,False,False,False,False,0.003029904001042469,0.32149512814672354,0.008239139567959575,0.0004097487763438162,0.02241405750034427,0.3217077287716096,0.3215899029564717,0.001114390279504961
5.0390625,Sadness,False,False,False,False,False,False,True,False,0.002426650227282801,0.0024268369558872673,0.0008916900158416426,0.006594515876945188,0.01792574494512668,0.2574776021320187,0.6996690298943329,0.012587929952564941
5.078125,Joy,False,False,False,False,False,True,False,False,0.0005126841377927834,0.0037923958154245877,0.0037894313089475436,0.010379927226361493,0.14728504092835223,0.4015895702984631,0.4017675513592407,0.030883398925417638
5.1171875,Sadness,False,False,False,False,False,False,True,False,0.0315064418015878,0.23202747425181383,0.08598842376947312,0.0002979369464681583,0.002201804314078641,0.01143036938937884,0.6357376370828305,0.0008099124443691986
5.15625,Sadness,False,False,False,False,False,False,True,False,0.0023751346936838947,0.0008739290207821847,0.0064572591477689,0.00237601601802032,0.002374128530504223,0.25206576503724537,0.6850368197861529,0.04844094776584223
5.1953125,Sadness,False,False,False,False,False,False,True,False,0.006827184709269585,0.0009040626808250087,0.006690920656104483,0.006687767007065204,0.002456168896492967,0.2605817705899964,0.7090418430615436,0.006810282398702866
5.234375,Amusement,True,False,False,False,False,False,False,False,0.32587064926528775,0.008545211743914729,0.3259443232748787,0.00835294425315968,0.0011288514145165265,0.00309515458582341,0.3259337668573693,0.001129098605049908
5.2734375,Fear,False,False,False,True,False,False,False,False,0.05270986752969043,0.010049234331800622,0.14364506199225835,0.39114624689831373,0.003683802955291181,0.007144703915095719,0.3911225572060342,0.0004985251715158787
5.3125,Sadness,False,False,False,False,False,False,True,False,0.0013103646527339566,0.0013097598952933997,0.05082102871489879,0.13897942468605526,0.0013090053269174413,0.051124844322542176,0.3775888264296169,0.37755674597194205
5.3515625,Disgust,False,False,True,False,False,False,False,False,0.01914467624893784,0.007041323696241764,0.27418261636031566,0.274147341976804,0.0025818200503271624,0.007020969112941769,0.27419967197294715,0.14168158058148456
5.390625,Amusement,True,False,False,False,False,False,False,False,0.27351882199233996,0.1436721060775144,0.019074843314255047,0.27359507706956365,0.007004689795390042,0.007005360820842882,0.27355246045961434,0.0025766404704796204
5.4296875,Amusement,True,False,False,False,False,False,False,False,0.7786595311385656,0.0003652065772402389,0.05450983087312526,0.10530340403759682,0.038639438591955635,0.014144424639048376,0.007385872176512864,0.0009922919659551708
5.46875,Amusement,True,False,False,False,False,False,False,False,0.6561840002232995,0.002274656568123417,0.08880850635706193,0.24116887871288706,0.00227375853966536,0.002272687708410572,0.0008361668938269388,0.006181344996725235
5.5078125,Fear,False,False,False,True,False,False,False,False,0.08356799053156257,0.015909918957888895,0.08364366034489006,0.6185570056260763,0.0007884492516933066,0.08342581172517265,0.08356308331003937,0.030544080252676853
5.546875,Fear,False,False,False,True,False,False,False,False,0.006800883587491369,0.006697182151738923,0.0024647910516719575,0.7109608979673311,0.002462165423554948,0.2614517890586561,0.0024661277349374107,0.00669616302461812
5.5859375,Fear,False,False,False,True,False,False,False,False,0.08510594891153844,0.0008112251248462778,0.031616167175390904,0.6365462930115835,0.0008108989233142845,0.2326740926678147,0.000811121428844959,0.011624252756666882
5.625,Fear,False,False,False,True,False,False,False,False,0.033456135114785214,0.0003158183393188826,0.002333744264050168,0.6738449595163505,0.0023335364495411285,0.24781789904373344,0.006387445015397541,0.03351046225682322
5.6640625,Fear,False,False,False,True,False,False,False,False,0.03166180003093565,0.0008138703102200193,0.006015554511584734,0.6385022290019142,0.0008140229909978403,0.2349682722650851,0.0008135515399696335,0.08641069934929267
5.703125,Fear,False,False,False,True,False,False,False,False,0.017465560773756574,0.002360544519053596,0.012400838145712403,0.6808957953596885,0.0023599382662897097,0.033840805457749715,0.0003191490526379089,0.2503573684251117
5.7421875,Fear,False,False,False,True,False,False,False,False,0.029419893501468616,0.0005370451362214757,0.020809031258718302,0.4212288171791037,0.05687309743955966,0.04871454874562165,0.0014594285359329424,0.42095813820337363
5.78125,Inspiration,False,False,False,False,True,False,False,False,0.09553997105500812,0.0009190619098887288,0.05506564436994424,0.050671939598078086,0.2652283573029285,0.2650378863305526,0.0024985287120218467,0.26503861072157775
5.8203125,Tenderness,False,False,False,False,False,False,False,True,0.11776377281610736,0.000786467118464405,0.08299183267531687,0.050499737002186434,0.08332188630187487,0.04646167534908247,0.0021361420317851467,0.6160384867051825
5.859375,Amusement,True,False,False,False,False,False,False,False,0.6478643683351942,0.01666225051029289,0.2383169923422225,0.006103108951495702,0.08767804077388555,0.0008258279008715302,0.0022456320176082816,0.0003037791684293535
5.8984375,Inspiration,False,False,False,False,True,False,False,False,0.21884881056567965,0.005625562310878811,0.042042537050137926,0.048842107557440805,0.5965571080062078,0.005616144630060482,0.08040143901383809,0.0020662908657565066
5.9375,Amusement,True,False,False,False,False,False,False,False,0.38462462415247534,0.0013331584984405294,0.38450189357036785,0.0013324871572148896,0.1415787519401196,0.0754312773844819,0.00986499188721296,0.0013328154096870924
5.9765625,Disgust,False,False,True,False,False,False,False,False,0.03420989293048415,0.012539648615701537,0.6880181950920914,0.0008765876530762673,0.253105819607418,0.0023840610601970503,0.00648201908732542,0.0023837759537061686
6.015625,Sadness,False,False,False,False,False,False,True,False,0.07475003091751126,0.014163110922853163,0.07459198465902431,0.005201785108426776,0.20326819869924428,0.07471096120023207,0.5526100814933012,0.0007038469994070487
6.0546875,Amusement,True,False,False,False,False,False,False,False,0.7742854688240041,0.0026810944354929067,0.03852520048802755,0.002680365192805488,0.03854603156640884,0.1047767073416353,0.03814242433513946,0.0003627078164863535
6.09375,Disgust,False,False,True,False,False,False,False,False,0.10146818496013855,0.013270262630322232,0.7495727921087145,0.00035123148337365054,0.013715529003241519,0.10146046112780267,0.019206759574259255,0.000954779112147617
6.1328125,Joy,False,False,False,False,False,True,False,False,0.03850298506671438,0.038530641178794726,0.0027638394425080603,0.0026817067964646814,0.037638920648736356,0.7747223503204366,0.10479661755511727,0.0003629389912279757
6.171875,Joy,False,False,False,False,False,True,False,False,0.008169934692284365,0.021017796073559452,0.007630672416555021,0.002806267137555464,0.040234405390933425,0.8101457470505565,0.10961552424468891,0.00037965299386673567
6.2109375,Joy,False,False,False,False,False,True,False,False,0.013436943761570019,0.006994874538625639,0.10013956742473357,0.0003473647104468845,0.10019333950693074,0.7411080863255123,0.03683562274857906,0.0009442009836017494
6.25,Joy,False,False,False,False,False,True,False,False,0.007038164350698979,0.10086863654105316,0.037054372363052375,0.00034952128516952416,0.007040145463774349,0.7459432645466784,0.10075573780184512,0.0009501576477281143
6.2890625,Joy,False,False,False,False,False,True,False,False,0.1041187144866122,0.007263434629490592,0.0072547170539609615,0.0026680136112767336,0.0009821050693763795,0.7707614355952115,0.10428309224758936,0.002668487306482355
6.328125,Joy,False,False,False,False,False,True,False,False,0.011892793430967842,0.006162158502435408,0.0831276892490566,0.0003054717441893811,0.0061386121329286255,0.6518248275883667,0.23971711824614958,0.0008313291059057382
6.3671875,Sadness,False,False,False,False,False,False,True,False,0.0315923755966057,0.08516476141845088,0.23349384238432758,0.0008089974055717164,0.0002975144970615885,0.011618764612419879,0.6348250039481189,0.0021987401374436804
6.40625,Joy,False,False,False,False,False,True,False,False,0.0024166982413342613,0.0008887419286449697,0.017845214706660277,0.00656529575735505,0.0008879769451773249,0.6972100421720919,0.25630721219307234,0.01787881805566385
6.4453125,Joy,False,False,False,False,False,True,False,False,0.0061948887253216334,0.0022747029507418784,0.08858175909419243,0.0008361273071213098,0.002271780353366836,0.65619088432004,0.24137638894190883,0.0022734683073071557
6.484375,Amusement,True,False,False,False,False,False,False,False,0.4056144655635283,0.0038289029568182925,0.4056385792710401,0.010385059152555933,0.0014044391791375624,0.02017498275659064,0.14913401785755034,0.0038195532627786737
6.5234375,Disgust,False,False,True,False,False,False,False,False,0.020425539489709175,0.010881569506110491,0.42466062912230873,0.4247574727274308,0.003999062384487133,0.05742579307232341,0.05730872261812064,0.0005412110795096833
6.5625,Joy,False,False,False,False,False,True,False,False,0.001348806587253732,0.0013487948560510807,0.019264316775289288,0.1432516108754205,0.00366590425450642,0.38952494008537086,0.38905600822244896,0.052539618343659236
6.6015625,Disgust,False,False,True,False,False,False,False,False,0.001386554727519981,0.010254317523869984,0.4000478536559921,0.14718285598117234,0.0013856145499410322,0.01991734913642101,0.4001619768348895,0.019663477590194055
6.640625,Fear,False,False,False,True,False,False,False,False,0.03969559357916367,0.0027654756430068434,0.1079994311807467,0.7985434967290671,0.0027641961423037482,0.039697956742684615,0.0010176241583960662,0.007516225824631156
6.6796875,Fear,False,False,False,True,False,False,False,False,0.006632308856973858,0.0024400072451169087,0.012891962590171216,0.7046779864271554,0.0066318032849087254,0.25919233388304036,0.0008975850364786275,0.006636012676154962
6.71875,Fear,False,False,False,True,False,False,False,False,0.014672909987976835,0.0007303773674537467,0.21082193718130518,0.573369239804606,0.005396301607060657,0.07734642901359597,0.04020956017291343,0.07745324486508824
6.7578125,Fear,False,False,False,True,False,False,False,False,0.08130511832649248,0.005671672533147366,0.22146422007991484,0.6021911233171087,0.0020847447435841772,0.015421998892494728,0.041960788486574245,0.02990033362068353
6.796875,Fear,False,False,False,True,False,False,False,False,0.018049831644888204,0.0008944785604007168,0.006674092699234108,0.7021394706173838,0.006614414637275548,0.25810818775119904,0.0008945552907326081,0.006624968798886083
