time_sec,pred_label,Amusement,Anger,Disgust,Fear,Inspiration,Joy,Sadness,Tenderness,prob_Amusement,prob_Anger,prob_Disgust,prob_Fear,prob_Inspiration,prob_Joy,prob_Sadness,prob_Tenderness
0.0390625,Amusement,True,False,False,False,False,False,False,False,0.3149576759194147,0.0029617604703444066,0.008050888188083952,0.00040082811797355155,0.3149574693668836,0.0010895663478888446,0.31495721475672356,0.04262459683268743
0.078125,Sadness,False,False,False,False,False,False,True,False,0.23914371037166401,0.006113004867820424,0.011906118465881186,0.0003043438988401257,0.08797597631120528,0.002248822255205704,0.6500592044007423,0.0022488194286409903
0.1171875,Amusement,True,False,False,False,False,False,False,False,0.6379159523061251,0.0008118395409261734,0.08633212884182313,0.00029865842438139346,0.23467599639494083,0.005998762594901831,0.03175984650044624,0.0022068153964551985
0.15625,Amusement,True,False,False,False,False,False,False,False,0.6379167017191338,0.00081184508141139,0.23467600637185684,0.0002986588086593661,0.08633175688353868,0.0059987440946005985,0.0317594676182038,0.0022068194225953446
0.1953125,Disgust,False,False,True,False,False,False,False,False,0.10761023102796784,0.007477365392670086,0.7951389866907997,0.00037226798741459894,0.03958499165734042,0.007478541963226721,0.0027507819895602995,0.03958683329102038
0.234375,Amusement,True,False,False,False,False,False,False,False,0.6790309592942447,0.0008641660767149452,0.24980169495906754,0.00031790745053851516,0.03380591282039923,0.01735725168955334,0.012436708241885988,0.006385399467595766
0.2734375,Amusement,True,False,False,False,False,False,False,False,0.7506917921669864,0.0025969610626024194,0.10159343813375359,0.0009553627762303752,0.10159471864310485,0.03737381572383159,0.0025969646535573656,0.0025969468399333435
0.3125,Amusement,True,False,False,False,False,False,False,False,0.6379635761082658,0.08633695883462619,0.0022071550501178614,0.0008119093825989473,0.23468455855497763,0.03169143631036558,0.006005722784434498,0.00029868297461353293
0.3515625,Amusement,True,False,False,False,False,False,False,False,0.6712305323353873,0.04664075257113306,0.04664602592273858,0.0008542442363413667,0.046648132124933565,0.09083656294420608,0.006312670556655598,0.09083107930860446
0.390625,Tenderness,False,False,False,False,False,False,False,True,0.1009209792979422,0.0009490350639620838,0.007012600971542069,0.0003491290905116106,0.007012542146705505,0.10091990888572766,0.037125801810837966,0.7457100027327711
0.4296875,Tenderness,False,False,False,False,False,False,False,True,0.10443906768126451,0.03842057190434056,0.038420641480273375,0.0003612971517894261,0.038418164630935635,0.00725710867099495,0.0009821139492072579,0.7717010345311942
0.46875,Amusement,True,False,False,False,False,False,False,False,0.6658816476418297,0.0023035563905766374,0.24496394450641643,0.0003117513374215781,0.006261729633902386,0.046277980882648194,0.0008474371080985114,0.03315195249910661
0.5078125,Amusement,True,False,False,False,False,False,False,False,0.7535826482889988,0.002606950282150305,0.10198606434295622,0.0003528106072084424,0.1019861255558961,0.0192630864409976,0.0009590422784627531,0.01926327220332976
0.546875,Amusement,True,False,False,False,False,False,False,False,0.6522453723671926,0.00030536833998725025,0.23994760169937782,0.0008300736455521393,0.006133550441598078,0.08827101115128046,0.0061335193970339565,0.006133502957977683
0.5859375,Amusement,True,False,False,False,False,False,False,False,0.6484763493004745,0.00030360458764195627,0.23856153242602526,0.0008252817498735185,0.006098159241386745,0.08775999952652476,0.006098085416261654,0.011876987751811705
0.625,Tenderness,False,False,False,False,False,False,False,True,0.01501502425442911,0.005524006480520139,0.07948225867578473,0.21607608380735144,0.002032097506262432,0.0794856707312685,0.015014747204730231,0.5873701113396534
0.6640625,Tenderness,False,False,False,False,False,False,False,True,0.011798662509979409,0.002228714723241872,0.23699184444858348,0.00030161193289664293,0.016468415142804126,0.08717808816703798,0.0008198789073571249,0.6442127841680994
0.703125,Disgust,False,False,True,False,False,False,False,False,0.0014855752926320588,0.010977535232965838,0.4294234983317484,0.05811411520455867,0.0014855763010636657,0.42942239488391143,0.010977187895707242,0.058114116857412676
0.7421875,Inspiration,False,False,False,False,True,False,False,False,0.18798819279943443,0.0017678707338540508,0.06915854934974974,0.03550962905031131,0.5110222925209665,0.18797999798988346,0.0017678761050648217,0.0048055914507356525
0.78125,Amusement,True,False,False,False,False,False,False,False,0.26078378540738806,0.0009022933835340446,0.09594776041877277,0.006667114367999894,0.2608124965903463,0.018123119615901406,0.09594643627381166,0.2608169939422459
0.8203125,Fear,False,False,False,True,False,False,False,False,0.00438578654876221,0.0016134331173245442,0.17156616043222214,0.466371492483247,0.17156623510293123,0.008539841399760679,0.004385778870503862,0.1715712720452483
0.859375,Tenderness,False,False,False,False,False,False,False,True,0.18186061011286245,0.0017103037536206473,0.001710296965194556,0.06690492318414583,0.1818726711299908,0.06690678067077527,0.004649167444641811,0.4943852467387686
0.8984375,Fear,False,False,False,True,False,False,False,False,0.24808116711695496,0.0008582643615075832,0.006341902604695007,0.6743774983717409,0.002333083083228175,0.0008582754185785982,0.03357439828498992,0.033575410758304954
0.9375,Amusement,True,False,False,False,False,False,False,False,0.4050205263120908,0.0038087138323779747,0.028143401865610762,0.003808966839795519,0.14899450717169685,0.0038086926430762565,0.4050140068375256,0.0014011844978261826
0.9765625,Amusement,True,False,False,False,False,False,False,False,0.39233638600293713,0.010028840282301823,0.05308898213946511,0.0004993044983731073,0.14433244794765523,0.003689389120153127,0.39233505141277475,0.0036895985963396626
1.015625,Inspiration,False,False,False,False,True,False,False,False,0.1970385581693652,0.03721660553214617,0.013691083389535506,0.0006816371331311124,0.5356062571182008,0.0050366528517564735,0.19703804221620322,0.013691163589661624
1.0546875,Amusement,True,False,False,False,False,False,False,False,0.6500947938863281,0.000827338762653599,0.0879797246590523,0.002248940035292427,0.23915471115812062,0.016618121718271466,0.002249031979990933,0.0008273378002905717
1.09375,Amusement,True,False,False,False,False,False,False,False,0.764594988282985,0.0026450658815771427,0.10347649506087678,0.0009730571846704715,0.10347546882595339,0.01954482457987091,0.0026450527864756443,0.0026450473975905614
1.1328125,Amusement,True,False,False,False,False,False,False,False,0.6680886071097745,0.0008502410581995984,0.03324568556575625,0.03326104834397233,0.24577618139135482,0.01707775700749136,0.0008502414489100479,0.0008502380745411578
1.171875,Amusement,True,False,False,False,False,False,False,False,0.4010869790344802,0.010252825838782464,0.1475488670347062,0.027871339930810007,0.40108931030061895,0.010252703501425806,0.0013875317268555224,0.000510442632320905
1.2109375,Amusement,True,False,False,False,False,False,False,False,0.6379165029501908,0.0059987548429923,0.08633212404096792,0.0008118389859112177,0.23467528878765337,0.03175985561447167,0.0022069763425685337,0.00029865843524428987
1.25,Amusement,True,False,False,False,False,False,False,False,0.5110128990880716,0.0017678076996616536,0.18799014526709942,0.0017678040015721903,0.18799119970419811,0.06915702740648544,0.004805393357558019,0.035507723475353636
1.2890625,Amusement,True,False,False,False,False,False,False,False,0.7478064043994926,0.002586988584383362,0.1012043774002727,0.0003501074777490434,0.10120299442650689,0.03722996978468934,0.002586986301680994,0.007032171625225107
1.328125,Amusement,True,False,False,False,False,False,False,False,0.7270416654667127,0.002515139836121273,0.09838996011691171,0.00034038505266516554,0.09839383538936372,0.03619697914506924,0.0009252758185369914,0.03619675917461921
1.3671875,Amusement,True,False,False,False,False,False,False,False,0.6379162381711244,0.0008118432424705292,0.08633231959475125,0.0002986583917329327,0.23467560394434944,0.005998742382125074,0.031759751184179626,0.00220684308926667
1.40625,Amusement,True,False,False,False,False,False,False,False,0.31508816825835595,0.002962986361243066,0.0057710091387603085,0.00040099365012465717,0.31508689698920417,0.002962971906130157,0.31508715192609893,0.0426398217700828
1.4453125,Sadness,False,False,False,False,False,False,True,False,0.03688040687171901,0.00696682345611875,0.013567927921134279,0.00034682449867770034,0.1002510335529416,0.0009427709731134618,0.7407917432125033,0.10025246951379191
1.484375,Sadness,False,False,False,False,False,False,True,False,0.0027620717956826904,0.10805045320889882,0.03974988667987295,0.001016100881986358,0.03974907648439265,0.002762050510958526,0.7984017807153851,0.007508579722822901
1.5234375,Sadness,False,False,False,False,False,False,True,False,0.10642651403495723,0.020102141414615943,0.0073951449967228945,0.0003681788204235786,0.03915237591459907,0.0010008176562745612,0.7864026119950406,0.0391522151673661
1.5625,Sadness,False,False,False,False,False,False,True,False,0.23835851397730165,0.006092894954363366,0.0022414705319604698,0.00030334482343912905,0.08768697201097221,0.0008245783513101991,0.6479249922790555,0.016567233071597406
1.6015625,Sadness,False,False,False,False,False,False,True,False,0.2346763137894348,0.00599877096087836,0.0022068254570271786,0.00029865889466171183,0.08633253342449893,0.0008118399595138947,0.6379161394901851,0.031758918023799945
1.640625,Sadness,False,False,False,False,False,False,True,False,0.234676605202301,0.005998786235311497,0.0022068353381323458,0.0002986593880902798,0.08633269719986353,0.0008118408313096053,0.6379173299997298,0.031757245805261895
1.6796875,Sadness,False,False,False,False,False,False,True,False,0.0060930400523154385,0.016562685407386625,0.002241467457232506,0.0003033497956797245,0.23835960864614378,0.000824588829290791,0.6479288642250207,0.08768639558693041
1.71875,Joy,False,False,False,False,False,True,False,False,0.09470544601346834,0.00471487125167101,0.18444439539432989,0.004714857747298845,0.18444646215133512,0.5013763420646751,0.0006380830514690636,0.024959542325752537
1.7578125,Amusement,True,False,False,False,False,False,False,False,0.638479852767898,0.0008125633133457542,0.2348833627132161,0.000812556723098518,0.006004049027193679,0.08640837459987995,0.0008125653691292662,0.03178667548623875
1.796875,Fear,False,False,False,True,False,False,False,False,0.010043960868962153,0.001359298558681991,0.1445441197723778,0.39291136724851106,0.0036949031477868,0.053174649905010946,0.0013592684497622202,0.39291243204890697
1.8359375,Inspiration,False,False,False,False,True,False,False,False,0.08325848137550143,0.04286433022347763,0.0058009150746309345,0.0007850651334328878,0.6168537163860341,0.0834786997619044,0.08347908832518872,0.08347970371982999
1.875,Joy,False,False,False,False,False,True,False,False,0.02087649441760314,0.0028251903139873665,0.040655024700187156,0.002825171720949668,0.11051452592754166,0.8166532354072007,0.0028251649928221563,0.002825192519708005
1.9140625,Joy,False,False,False,False,False,True,False,False,0.10328121314883701,0.0009712468128191418,0.007176752521401743,0.10328154687310614,0.007183350441713607,0.7631578748552238,0.0009712368070491432,0.013976778539849457
1.953125,Amusement,True,False,False,False,False,False,False,False,0.1808553662596032,0.024481459115038223,0.009004196736277689,0.04766920705528532,0.3522398578389989,0.3522423656378855,0.009004086414124018,0.024503460942787183
1.9921875,Joy,False,False,False,False,False,True,False,False,0.020599311405214416,0.007578613329627144,0.0010255537503534703,0.014757418130659998,0.040118415867051394,0.8058394668534292,0.00102555695098905,0.10905566371267539
2.03125,Amusement,True,False,False,False,False,False,False,False,0.7457108076369634,0.007012633436078556,0.10091955240968414,0.0003491284981925365,0.007013154399735102,0.1009194747030894,0.0009490436362381333,0.03712620528001859
2.0703125,Disgust,False,False,True,False,False,False,False,False,0.1403671679286566,0.003588200157652926,0.38155773754687633,0.0004855896965097713,0.018996342569445733,0.07209302895473903,0.0013576971319285366,0.381554236014191
2.109375,Amusement,True,False,False,False,False,False,False,False,0.6500597928627682,0.002248845414671407,0.01190608461194442,0.0003043454711663465,0.2391433681445799,0.006113015706038199,0.0022489156156054926,0.08797563217322604
2.1484375,Disgust,False,False,True,False,False,False,False,False,0.23857166317630601,0.0008253369724688064,0.6485114501525513,0.0008253344253244257,0.006098522376379014,0.08776403954334239,0.01657831559565486,0.0008253377579731359
2.1875,Amusement,True,False,False,False,False,False,False,False,0.7717059047029282,0.0009821288041950685,0.10443632134705812,0.00036130119421564293,0.0384194984224404,0.007257193353317959,0.03841753772083494,0.03842011445500969
2.2265625,Amusement,True,False,False,False,False,False,False,False,0.6467567768413375,0.01653281560519734,0.00435773067232543,0.00030279935226024406,0.23792611844561734,0.0022374258317151775,0.004357645250646692,0.08752868800090033
2.265625,Inspiration,False,False,False,False,True,False,False,False,0.14297307468947634,0.0036547498934555492,0.0193485836319151,0.0004946089283515484,0.388641538754332,0.0036547964045795882,0.3886390063836877,0.052593641314202286
2.3046875,Sadness,False,False,False,False,False,False,True,False,0.04244710880242512,0.008017820984236236,0.0029495417247217956,0.0010850744376951285,0.04244601282654225,0.00801941231784729,0.8525950558159027,0.042439973090629496
2.34375,Sadness,False,False,False,False,False,False,True,False,0.03930872548654222,0.00742515675932252,0.002731607691923702,0.0003696555016863779,0.10685309247494243,0.014460335905812735,0.7895433515943835,0.03930807458538648
2.3828125,Sadness,False,False,False,False,False,False,True,False,0.18666102629997589,0.0017553822282889442,0.035262177033258624,0.0006457654159099978,0.012972141028038266,0.1866340183694886,0.507400381418119,0.06866910820692068
2.421875,Sadness,False,False,False,False,False,False,True,False,0.007634519733685876,0.007633022386609012,0.0010329984903598907,0.001033016191285085,0.040407288995967044,0.10984185276332062,0.8116578857110288,0.020759415727743657
2.4609375,Inspiration,False,False,False,False,True,False,False,False,0.0036900662640624166,0.010030868547358011,0.05306989474734334,0.0004993672138118086,0.392325683181379,0.3923592381115734,0.14433489125464824,0.0036899906798238255
2.5,Joy,False,False,False,False,False,True,False,False,0.044264224910667574,0.001131872361268925,0.022736552162956537,0.02274072526567017,0.00836367367175284,0.8893202870764729,0.008365732097329987,0.003076932453881139
2.5390625,Joy,False,False,False,False,False,True,False,False,0.0318341082363476,0.0015846628297207456,0.00430772845810078,0.011747742528727439,0.011710617352528265,0.45803187184599725,0.022800501087641287,0.45798276766093665
2.578125,Joy,False,False,False,False,False,True,False,False,0.015528432163307376,0.005712588161591316,0.22304525134266678,0.005713113704643925,0.08219799072115286,0.6073824680621703,0.030235644586376544,0.030184511258090803
2.6171875,Joy,False,False,False,False,False,True,False,False,0.007887661646689961,0.0010672966009178098,0.007887728080259828,0.007887538619863022,0.015354326341752078,0.8385522258789634,0.00788674597607962,0.11347647685547425
2.65625,Joy,False,False,False,False,False,True,False,False,0.10764009618719668,0.0010132703266825067,0.039626376128765385,0.0010132656310525758,0.00748813446735576,0.7961001745851588,0.007487374711518151,0.03963130796227021
2.6953125,Joy,False,False,False,False,False,True,False,False,0.020585246419191162,0.0010246109681959167,0.040073324590273615,0.0010245302437712803,0.020581386689952137,0.8049877924399486,0.0027850006127992633,0.10893810803586812
2.734375,Joy,False,False,False,False,False,True,False,False,0.03838829149440105,0.007258866746740732,0.03841657261629058,0.0003613211145082645,0.038420229741152584,0.7717321501101005,0.0009821757368869148,0.1044403924399193
2.7734375,Amusement,True,False,False,False,False,False,False,False,0.5356034544115466,0.0136924927914252,0.19703506837213589,0.0006816550326932724,0.03722143121370415,0.19703561221096855,0.0050369607264272665,0.013693325241099289
2.8125,Disgust,False,False,True,False,False,False,False,False,0.17035625035850635,0.01183882163764642,0.46307566225583446,0.0005893599924261894,0.01183866508870377,0.1703439125542086,0.0016020723741830003,0.1703552557384912
2.8515625,Tenderness,False,False,False,False,False,False,False,True,0.07322204252533715,0.03761001942784503,0.07322498699021741,0.0006886492943755955,0.07322727939327808,0.19905965584768917,0.0018719615452662403,0.5410954049759913
2.890625,Joy,False,False,False,False,False,True,False,False,0.06644841290500603,0.012554430822775452,0.18062589799582104,0.0006249020795689435,0.06642857816193065,0.49099374075562036,0.0016987517574929085,0.18062528552178464
2.9296875,Disgust,False,False,True,False,False,False,False,False,0.13255178472085366,0.0033885880927806145,0.36031168983826384,0.00045856374832098856,0.009211131346565692,0.3602832953039682,0.0012465705062294438,0.13254837644301756
2.96875,Tenderness,False,False,False,False,False,False,False,True,0.10025343130847571,0.0069666270013078865,0.03688150716270403,0.00034682702967161143,0.01356611262724054,0.10025321797962965,0.0009427904560072947,0.7407894864349632
3.0078125,Amusement,True,False,False,False,False,False,False,False,0.3603022206064572,0.003388358810273247,0.13254604981600193,0.00045854585764222973,0.009214095801123414,0.36029820992011297,0.001246695490344194,0.1325458236980448
3.046875,Amusement,True,False,False,False,False,False,False,False,0.4042572361617057,0.0013985290331870433,0.4042562004312973,0.0005144820561357789,0.00380165043814017,0.07635864545962372,0.05470533756824192,0.0547079188516685
3.0859375,Tenderness,False,False,False,False,False,False,False,True,0.03712860395452496,0.0070132203339578975,0.10092658554363473,0.00034915097421595097,0.007015285171848648,0.10086693930273737,0.0009491139078327427,0.7457511008112477
3.125,Tenderness,False,False,False,False,False,False,False,True,0.03176003730918139,0.002206954480522953,0.2346756453481956,0.0002986690606897518,0.006000910703955507,0.0863277346228256,0.0008122444577259951,0.6379178040169032
3.1640625,Disgust,False,False,True,False,False,False,False,False,0.10092098002744943,0.0009490836656656221,0.7457133850532701,0.00034913826174085303,0.007012873051010259,0.007012972233493481,0.10091731848213416,0.03712424922523614
3.203125,Disgust,False,False,True,False,False,False,False,False,0.05685994476936621,0.010741878063429234,0.42015099780971377,0.0005347193893210317,0.010741540742687163,0.07937452045296577,0.0014536060187422546,0.42014279275377453
3.2421875,Disgust,False,False,True,False,False,False,False,False,0.0368452072865978,0.0025604424579309007,0.7400687854791574,0.0003465034461490157,0.018932237481773934,0.10014934176577199,0.0009420726646996465,0.10015540941791934
3.28125,Disgust,False,False,True,False,False,False,False,False,0.10091856591397114,0.0009491495671762213,0.7457203530920373,0.0003491503268448237,0.007013363214950612,0.007013741363953196,0.03712224908642147,0.1009134274346451
3.3203125,Disgust,False,False,True,False,False,False,False,False,0.08062600524704731,0.04142467048096489,0.5957917495191922,0.0007582858390383868,0.015233934957002388,0.041405423222783844,0.005603679134728335,0.21915625159924268
3.359375,Disgust,False,False,True,False,False,False,False,False,0.06866605689151005,0.012972726473841989,0.507401766670876,0.0006457931829841135,0.03527574618971391,0.1866323671408612,0.0017556238655376869,0.186649919584675
3.3984375,Disgust,False,False,True,False,False,False,False,False,0.03914142750032892,0.0010010410841606683,0.7863986702640787,0.00036821320815686115,0.007397057731735856,0.03914394056653663,0.020138040523502657,0.1064116091214996
3.4375,Disgust,False,False,True,False,False,False,False,False,0.03985422650553186,0.0010205182355170247,0.8016740220483513,0.0003753692466309033,0.020592530025027117,0.02049673409068291,0.007541277074151697,0.10844532277410736
3.4765625,Disgust,False,False,True,False,False,False,False,False,0.10053189738341273,0.002570565891079575,0.7429102291953815,0.0003478496812657616,0.03697425470207123,0.013580811538493906,0.0025705046920726183,0.10051388691622273
3.515625,Disgust,False,False,True,False,False,False,False,False,0.09525754263701576,0.0008961578890703937,0.7039683296562015,0.00032963232426984346,0.09525134807989982,0.002436339715033555,0.006624426790421142,0.09523622290808785
3.5546875,Disgust,False,False,True,False,False,False,False,False,0.09524569964303341,0.00032972209130665875,0.7040112955074903,0.0008961284109859867,0.09525564256386994,0.006627192026318201,0.002436250627886373,0.0951980691291092
3.59375,Disgust,False,False,True,False,False,False,False,False,0.09525753082897391,0.00032969157805230433,0.7039452979251015,0.0008960502833643786,0.09525739910548026,0.006624346654611104,0.002435855202020711,0.09525382842239585
3.6328125,Amusement,True,False,False,False,False,False,False,False,0.6478625372950408,0.00030344858918726137,0.2383444961730351,0.0008247367682131019,0.08767964077795175,0.006171803313588173,0.002242762041000475,0.016570575041983327
3.671875,Amusement,True,False,False,False,False,False,False,False,0.3993820624688919,0.0013824394496046966,0.14691299750339035,0.00138222001271168,0.39942680760099747,0.01987784538151911,0.0037579562535856193,0.027877671329299244
3.7109375,Inspiration,False,False,False,False,True,False,False,False,0.07755642660012513,0.014668056081862427,0.005397684237758428,0.0007299632690744699,0.5733586233600332,0.039918844949672155,0.07753855864004441,0.21083184286142984
3.75,Amusement,True,False,False,False,False,False,False,False,0.423656142910959,0.003987097018429791,0.05730753757579687,0.0005395032405545677,0.42375255833428915,0.003988286760605525,0.05729498257075276,0.029473891588612192
3.7890625,Amusement,True,False,False,False,False,False,False,False,0.3865850843043236,0.003638708305952442,0.003637778364127598,0.0004922965556854612,0.3866563147753155,0.07313366570428109,0.1422158238157634,0.003640328174550901
3.828125,Sadness,False,False,False,False,False,False,True,False,0.01659214620273976,0.0060985477285719686,0.0008249726793999333,0.0003035112911416231,0.08768572017082105,0.0022431921355954548,0.6479913558737666,0.23826055391796358
3.8671875,Sadness,False,False,False,False,False,False,True,False,0.2394208202104748,0.00225342313766563,0.006125992253209165,0.0008291141473880421,0.0876577645513809,0.0008288260068601421,0.6509808296087148,0.01190323008430635
3.90625,Sadness,False,False,False,False,False,False,True,False,0.23836227946233104,0.0008249414476805393,0.016570958949504826,0.00030348363046260867,0.08765368624821786,0.006094982014207306,0.6479472583489814,0.002242409898614388
3.9453125,Sadness,False,False,False,False,False,False,True,False,0.03356808211532296,0.006345594282980707,0.0008585735274344365,0.0023345228436047307,0.2480645273094488,0.0008585219031034404,0.6744385017424883,0.03353167627561659
3.984375,Inspiration,False,False,False,False,True,False,False,False,0.019190038267442196,0.0013403166046181783,0.009903143386017728,0.14234301816255054,0.3871010286424204,0.0004930037375033682,0.38725526199788507,0.05237418920156252
4.0234375,Amusement,True,False,False,False,False,False,False,False,0.39081069436955446,0.0004977231456589838,0.01000282799549469,0.05272643885920161,0.14376210064442588,0.0013526978482492707,0.39084743627567264,0.01000008086174234
4.0625,Amusement,True,False,False,False,False,False,False,False,0.6744545526990539,0.0008588215559403398,0.006349299360932529,0.033548147869764386,0.03356340502109578,0.0023339266203021526,0.24803306820138957,0.0008587786715214121
4.1015625,Amusement,True,False,False,False,False,False,False,False,0.31500225440868007,0.0004010127068921118,0.31492317864319586,0.042610929594153205,0.002965201028978775,0.00805491820353919,0.31495230579131267,0.0010901996232480287
4.140625,Amusement,True,False,False,False,False,False,False,False,0.6379618111466412,0.000812158129459415,0.23466220185447093,0.08632184496212553,0.0022083856983422696,0.006001272007444976,0.03173355334916301,0.0002987728523526776
4.1796875,Amusement,True,False,False,False,False,False,False,False,0.6660291121075322,0.0008482249062414131,0.24486371060264164,0.03312923226138339,0.0008482447828814706,0.006265503668359442,0.04716792991157876,0.0008480417593817472
4.21875,Amusement,True,False,False,False,False,False,False,False,0.7965965068107121,0.10771296821812136,0.007498562311873579,0.005280811077647829,0.03955994252856395,0.0027570700660343554,0.039579736526967835,0.0010144024600788944
4.2578125,Amusement,True,False,False,False,False,False,False,False,0.27969765661552354,0.2788968549965168,0.10264378796896216,0.007162156703114298,0.0071576245320466025,0.2796841636543052,0.03759107559988584,0.00716667992964555
4.296875,Disgust,False,False,True,False,False,False,False,False,0.1045976002391824,0.002675959513464112,0.7728541597938025,0.002675055306945421,0.00267471925650953,0.00267521213989269,0.10457310690191318,0.007274186848290296
4.3359375,Joy,False,False,False,False,False,True,False,False,0.03432422515333463,0.0023873033210531315,0.2537390710948136,0.012631261406725696,0.0023870518822696764,0.6897528412735403,0.0023870048562891193,0.002391241011973874
4.375,Joy,False,False,False,False,False,True,False,False,0.038286401201250146,0.002735654743407801,0.10697443402601463,0.039336574494689705,0.020217900433132856,0.7904365126563118,0.0010062959754382845,0.0010062264697548512
4.4140625,Joy,False,False,False,False,False,True,False,False,0.007170069177299836,0.00263550639942997,0.10306008157988308,0.10301809464005733,0.019488854666327392,0.7616347536771026,0.0026359994085567943,0.00035664045134296314
4.453125,Disgust,False,False,True,False,False,False,False,False,0.01772024785207903,0.0008819799842581926,0.6928551053111498,0.0023984265407328348,0.012656095394969565,0.2548858599652413,0.017720375504191626,0.0008819094473777335
4.4921875,Disgust,False,False,True,False,False,False,False,False,0.16926429276108848,0.004329640775390798,0.46007530240643363,0.02288963960323189,0.16925265995706956,0.169274220988705,0.004328535210325322,0.0005857082977553446
4.53125,Amusement,True,False,False,False,False,False,False,False,0.38867675778517313,0.0036561635892208787,0.052591263292125406,0.3885948269356145,0.14298198744921586,0.01934820859739652,0.0036560569351629527,0.0004947354160907926
4.5703125,Amusement,True,False,False,False,False,False,False,False,0.3603109366958726,0.0012472666623334118,0.13255380501080893,0.00921657669862459,0.36032481844411324,0.0033900459926740796,0.13249781053024118,0.00045873996533200574
4.609375,Sadness,False,False,False,False,False,False,True,False,0.181562697417758,0.004645781176045949,0.0667783716881135,0.0667402983263214,0.18154501458108582,0.004643743590633777,0.4934557459604573,0.0006283472595841465
4.6484375,Amusement,True,False,False,False,False,False,False,False,0.464413058417908,0.0016084327458839387,0.17058429178459633,0.17068649854539478,0.008486003504172883,0.0016077620213337496,0.17072656552847762,0.011887387452232645
4.6875,Amusement,True,False,False,False,False,False,False,False,0.6830654355189016,0.0003200465599041467,0.00653640109780286,0.006439604410733214,0.017491179180525257,0.0008698601128555277,0.2513050344571544,0.03397243866212287
4.7265625,Amusement,True,False,False,False,False,False,False,False,0.40702408282980795,0.0005185621763720735,0.010425852369827225,0.14955976823890657,0.4070400847685186,0.0038404978243300903,0.011157302232576157,0.010433849559661248
4.765625,Amusement,True,False,False,False,False,False,False,False,0.6069170282060127,0.07588780224057888,0.010904514621869477,0.0057210155607004985,0.22323142252257913,0.005719163922334328,0.02927671868310186,0.04234233424282308
4.8046875,Anger,False,True,False,False,False,False,False,False,0.005352099169767611,0.5659679958519287,0.03951132203590899,0.0007217288581709659,0.07661394386613378,0.07658349096873843,0.027154926945250096,0.20809449230410143
4.84375,Anger,False,True,False,False,False,False,False,False,0.00297988598659946,0.31589169976292397,0.0010963416210544386,0.0029803828557731934,0.31658121512723497,0.3165555323643225,0.001096218558152326,0.042818723723939196
4.8828125,Anger,False,True,False,False,False,False,False,False,0.0008151863942311313,0.6399530615406605,0.002217577857929433,0.000815331037075528,0.08659715665730487,0.23552080323944075,0.0022164678013804535,0.03186441547197726
4.921875,Anger,False,True,False,False,False,False,False,False,0.0022135389911046356,0.6394433314264554,0.002213940008860904,0.0002995789201101235,0.03181504945708085,0.23528737517652915,0.002216476767918779,0.08651070925194015
4.9609375,Anger,False,True,False,False,False,False,False,False,0.0002988826936783247,0.6378368917793755,0.006014866247602341,0.0008125689418900338,0.031763590107984636,0.23473978390212583,0.002208778995041862,0.08632463733230139
5.0,Anger,False,True,False,False,False,False,False,False,0.0003298196428726897,0.7038942427079289,0.006626051723039402,0.0008967060279185491,0.09527792267561046,0.09527672542156033,0.0024383758024551496,0.09526015599861463
5.0390625,Anger,False,True,False,False,False,False,False,False,0.001536981904910863,0.4437926195909659,0.004178650519307323,0.0005653955323802045,0.16333549972866834,0.16330949391625812,0.06003220906000086,0.16324914974750848
5.078125,Anger,False,True,False,False,False,False,False,False,0.0009436518199803834,0.7410330107657754,0.006983533994503171,0.00034718581449310763,0.09994621390809094,0.10028925570281673,0.013565422412513928,0.03689172558182622
5.1171875,Anger,False,True,False,False,False,False,False,False,0.00037016062600261554,0.7898444603091647,0.007443817148636781,0.0027372210886476467,0.10689469574066697,0.014457877152578335,0.03898228991831254,0.03926947801599056
5.15625,Anger,False,True,False,False,False,False,False,False,0.09094563990005862,0.6818966320772168,0.0023621651921596452,0.03341596509392711,0.09230613213569877,0.03392321223801158,0.01760226511419848,0.04754798824872914
5.1953125,Anger,False,True,False,False,False,False,False,False,0.0017729296003109849,0.5120093161324197,0.013104169840446305,0.0017734656788032579,0.06930100849285575,0.02547373001677532,0.18832952595866584,0.18823585427972278
5.234375,Anger,False,True,False,False,False,False,False,False,0.015461274696669585,0.6035944276321986,0.01545660129365695,0.002092576996915396,0.029998411022124746,0.03005105190142552,0.22173436572080446,0.08161129073620484
5.2734375,Tenderness,False,False,False,False,False,False,False,True,0.07906361785402505,0.21609234031822377,0.005534771743119267,0.015336071866835686,0.0795297546055458,0.015103272249186724,0.0020369833639195464,0.5873031879991442
5.3125,Amusement,True,False,False,False,False,False,False,False,0.2215618209859558,0.08139780576682584,0.029779469367926793,0.002086585650978814,0.2215752267004198,0.0007674801607277453,0.221408902021073,0.2214227093460922
5.3515625,Amusement,True,False,False,False,False,False,False,False,0.40378471699070495,0.010341547704653647,0.020081094700991682,0.0013980679950307204,0.4037569633320555,0.0013981974127964536,0.010805117448377071,0.14843429441539008
5.390625,Amusement,True,False,False,False,False,False,False,False,0.6537882629278686,0.002264392879694477,0.006242800726975151,0.0022665033230085028,0.08848370931704505,0.00030630228463740175,0.006154933239960566,0.24049309530081023
5.4296875,Inspiration,False,False,False,False,True,False,False,False,0.06645664457674812,0.06633418184475945,0.012586143679586683,0.0017013672913514443,0.49120365636916485,0.0006255563896266143,0.18048807806961292,0.18060437177914987
5.46875,Tenderness,False,False,False,False,False,False,False,True,0.013346884399890827,0.19161923139157486,0.004907186678996113,0.0018045872236802899,0.19168705416223952,0.07053824949836911,0.0049049445858187,0.5211918620594306
5.5078125,Joy,False,False,False,False,False,True,False,False,0.005280796367379623,0.07586816029712629,0.03907387560841917,0.10618963958065118,0.005281188349419908,0.5612346504922352,0.0007144805879029776,0.20635720871686564
5.546875,Joy,False,False,False,False,False,True,False,False,0.002418756772024027,0.0024192401725311617,0.25708845939280334,0.017910334647228986,0.0008897183528057303,0.6989716807962884,0.0024188388981083195,0.01788297096820995
5.5859375,Joy,False,False,False,False,False,True,False,False,0.007747990826987495,0.0028496151212315116,0.11144490535046485,0.04095340178445461,0.0028496689414090393,0.8235587656252731,0.002849584133419782,0.007746068216759614
5.625,Joy,False,False,False,False,False,True,False,False,0.01751792389815176,0.002369868662565579,0.2519633742916836,0.0340610981926161,0.002369839453963497,0.684954965443377,0.006442204702144106,0.0003207253554983614
5.6640625,Joy,False,False,False,False,False,True,False,False,0.01799894224913056,0.002435757661462182,0.2589741342161408,0.006626485553506942,0.002435779352933899,0.7040031320327146,0.00662970944055248,0.0008960594935586503
5.703125,Joy,False,False,False,False,False,True,False,False,0.007219465522265697,0.002656013596861409,0.10388199621131396,0.1038144676622769,0.007221584784187901,0.7676264784535857,0.0072205736118271385,0.00035942015768128047
5.7421875,Joy,False,False,False,False,False,True,False,False,0.013806098313636194,0.0026178823149865748,0.10237596668493747,0.1023510033905503,0.01934418595504261,0.756532940536129,0.0026177029667336545,0.0003542198379842353
5.78125,Joy,False,False,False,False,False,True,False,False,0.23697181213503501,0.0003016547532540667,0.08718353506588357,0.011783934753571269,0.0008200117502684978,0.6442379891521542,0.016472013144799152,0.0022290492450341205
5.8203125,Disgust,False,False,True,False,False,False,False,False,0.1039783368984482,0.0009781321524700032,0.7683810176651474,0.007234176832442306,0.0009781450392358333,0.10398799757801393,0.007232934652418317,0.007229259181823984
5.859375,Disgust,False,False,True,False,False,False,False,False,0.18804280736065004,0.0006508282622828317,0.5111935785029754,0.004810111291965119,0.18774286421257985,0.06905776492249632,0.013073616388964506,0.025428429058085865
5.8984375,Amusement,True,False,False,False,False,False,False,False,0.6379585133684129,0.0002988215682982458,0.23469047053425351,0.0008121599166890838,0.031706502178758506,0.08631739432911277,0.006008162223389159,0.0022079758810858554
5.9375,Amusement,True,False,False,False,False,False,False,False,0.6485027759617946,0.000825832300772193,0.08775448619292604,0.0008257262874792266,0.01660826894329703,0.006104717990569454,0.0008257577859848306,0.23855243453717656
5.9765625,Amusement,True,False,False,False,False,False,False,False,0.40572782359721965,0.010381494962563178,0.003824086895986749,0.0038199335856667436,0.019851760448566503,0.14927346425437943,0.0014043944985158022,0.40571704175710194
6.015625,Joy,False,False,False,False,False,True,False,False,0.1012203014644316,0.00258984063597308,0.10116252207124123,0.00035039372511432335,0.00705389992150011,0.7479619151735113,0.0025889547075709503,0.037072172300657444
6.0546875,Tenderness,False,False,False,False,False,False,False,True,0.006667019184422045,0.0066428169760866145,0.0127832258422644,0.0008981345858615153,0.0024404658052565504,0.2593413428574729,0.006634296713795746,0.7045926980348403
6.09375,Joy,False,False,False,False,False,True,False,False,0.1072195773169793,0.00038137219134394323,0.007662156915298536,0.04006751067715599,0.007667138685554701,0.8142020074915567,0.014864197835824055,0.00793603888628679
6.1328125,Joy,False,False,False,False,False,True,False,False,0.020823723838422428,0.0010366235023573577,0.11015021995376639,0.0028181959270395392,0.007658308791541982,0.814174756917232,0.04051974976093004,0.0028184213087102954
6.171875,Joy,False,False,False,False,False,True,False,False,0.008217282628654189,0.0030227688628735746,0.04347182761869904,0.003023277131292793,0.022334329313801658,0.8734318037964943,0.043475516723704664,0.00302319392447971
6.2109375,Joy,False,False,False,False,False,True,False,False,0.10870697808881141,0.00037659026834845657,0.0400079271955313,0.0027835904644869756,0.020587461892467084,0.8041656237673137,0.0027836849967442135,0.020588143326296948
6.25,Joy,False,False,False,False,False,True,False,False,0.020819025381331995,0.0010364357322476616,0.11015952483405314,0.007659386094817876,0.0028172644298764815,0.8141741175864857,0.040516642205267454,0.0028176037359197085
6.2890625,Joy,False,False,False,False,False,True,False,False,0.0028176986528798105,0.00103637545736952,0.040526055539916186,0.0028175320645795307,0.020818303884037503,0.8141489528179736,0.11017566116817573,0.00765942041506814
6.328125,Joy,False,False,False,False,False,True,False,False,0.10890998684293585,0.00037698225485534645,0.04005945776315489,0.0027859868357445164,0.020596412365457655,0.8049945526329243,0.014703405807000119,0.0075732154979273585
6.3671875,Joy,False,False,False,False,False,True,False,False,0.0207354161130813,0.00037968725581585594,0.10971291329260437,0.0028060083824211547,0.007633008102950621,0.8107689876931042,0.04033404926086571,0.007629929899156722
6.40625,Joy,False,False,False,False,False,True,False,False,0.003870109865657581,0.0038697242016095365,0.151316100471546,0.003870201464638209,0.010520018290546964,0.41137919920139066,0.4113043431832215,0.0038703033213894813
6.4453125,Joy,False,False,False,False,False,True,False,False,0.005183424099293906,0.0051835334380513735,0.2025518303828404,0.014102312975746682,0.01424150371397272,0.5509526782244715,0.20260164651195445,0.005183070653669028
6.484375,Joy,False,False,False,False,False,True,False,False,0.0013963681772488563,0.0037968936687502353,0.1483667822975174,0.028080400830929844,0.010588471447685491,0.4034442193598927,0.4029302096905329,0.0013966545274425861
6.5234375,Joy,False,False,False,False,False,True,False,False,0.004141927375121864,0.004140089363804554,0.05823356387663601,0.030594212441427293,0.02183031767053152,0.4398666417327573,0.4396702206335132,0.0015230269062082972
6.5625,Sadness,False,False,False,False,False,False,True,False,0.003023803093350589,0.022435608003592688,0.00302466088586907,0.008233531403899371,0.0030456795889756702,0.04336421535560488,0.8734319350426593,0.04344056662604861
6.6015625,Sadness,False,False,False,False,False,False,True,False,0.10810364737180024,0.039601209684548944,0.014608001854652788,0.02052449369010202,0.014621999489077555,0.0027684499824380706,0.7993975488288164,0.00037464909856411836
6.640625,Amusement,True,False,False,False,False,False,False,False,0.7708519129994996,0.002670943463621289,0.007263733536469756,0.10401833711905434,0.10425550725837072,0.0009820697506592723,0.007285227717251323,0.0026722681550736542
6.6796875,Amusement,True,False,False,False,False,False,False,False,0.6674657522606641,0.03315676015405441,0.03319040099011488,0.0003129408691187947,0.0023142016927556056,0.000850449339465645,0.01712687767005176,0.24558261702377487
6.71875,Tenderness,False,False,False,False,False,False,False,True,0.014797235794953005,0.10922151146762143,0.0027998677210513984,0.0010298535603495045,0.02073117790706339,0.04023924730088806,0.002799566934337596,0.8083815393137356
6.7578125,Tenderness,False,False,False,False,False,False,False,True,0.017127648485809794,0.2454885560459736,0.0008508239786483541,0.002313992035627193,0.03293700616744522,0.03321333320793582,0.0003128878823521257,0.6677557521962079
6.796875,Tenderness,False,False,False,False,False,False,False,True,0.00617396409993064,0.23832625243324718,0.08775175627680758,0.0008262629910711391,0.006125737516645348,0.011831109113516092,0.0003039337824918847,0.6486609837862902
