time_sec,pred_label,Amusement,Anger,Disgust,Fear,Inspiration,Joy,Sadness,Tenderness,prob_Amusement,prob_Anger,prob_Disgust,prob_Fear,prob_Inspiration,prob_Joy,prob_Sadness,prob_Tenderness
0.0390625,Joy,False,False,False,False,False,True,False,False,0.031204004121982012,0.01607573425016355,0.031061422693004787,0.04369709989054334,0.01607066950101891,0.6285161548455809,0.0021750775660540128,0.23119983713165262
0.078125,Joy,False,False,False,False,False,True,False,False,0.00614434322168282,0.08835817545079161,0.0008313604175333624,0.004350458739771892,0.24025207166565815,0.6530870505989808,0.0008313662389997028,0.006145173666581982
0.1171875,Anger,False,True,False,False,False,False,False,False,0.1681529159696257,0.4571895254889272,0.001582674939242291,0.1681277519730205,0.16818652540129664,0.031875163795652084,0.0005822838530588288,0.004303158579176715
0.15625,Amusement,True,False,False,False,False,False,False,False,0.392664003072452,0.3924487998206355,0.003696813848261661,0.003700678257970291,0.0005001669926523977,0.14414819640031787,0.010140943739807153,0.052700397867903134
0.1953125,Anger,False,True,False,False,False,False,False,False,0.08849069473755275,0.6545242809561304,0.0008354329512720656,0.002269029865428269,0.006174324132738073,0.2407091013350623,0.0008342214967778459,0.0061629145250384765
0.234375,Fear,False,False,False,True,False,False,False,False,0.07715748321307268,0.00540924145674296,0.20974597607237436,0.5703166531122116,0.014656948216136416,0.010329509658585354,0.11040674491512784,0.001977443355748795
0.2734375,Amusement,True,False,False,False,False,False,False,False,0.5572191451406309,0.20440859629079056,0.07540087268181506,0.07529441253686014,0.00524900937169779,0.07524965380095695,0.005248862332465776,0.0019294478447828567
0.3125,Amusement,True,False,False,False,False,False,False,False,0.8705311236494473,0.008214728806848223,0.04329800276983969,0.043309024003317376,0.022298590528825667,0.0030343034415781407,0.008205389634965539,0.0011088371651780855
0.3515625,Amusement,True,False,False,False,False,False,False,False,0.767707830305849,0.0026623853283629794,0.10374790093981553,0.10384918103489765,0.002660130922178712,0.0026586007884387528,0.014046244425951818,0.0026677262545055057
0.390625,Amusement,True,False,False,False,False,False,False,False,0.8214144167506562,0.0028462474941486323,0.040840815599871086,0.11060425467325145,0.0077450331156665815,0.007762443807482617,0.001046682160239477,0.0077401063986840424
0.4296875,Amusement,True,False,False,False,False,False,False,False,0.9009742319704355,0.008568167804420965,0.043933002623277276,0.00312715302945264,0.023150527461909605,0.008622937931085456,0.00848799547008462,0.003135983709333964
0.46875,Amusement,True,False,False,False,False,False,False,False,0.6519127360114898,0.00226392271220171,0.2397378498916661,0.011811282705366284,0.0061507220112661356,0.000830589456091659,0.0008309741112334201,0.08646192310068475
0.5078125,Amusement,True,False,False,False,False,False,False,False,0.493670291368146,0.000629330752064933,0.06670677956797876,0.18154975973008766,0.06661510805288243,0.004647954931243547,0.18152393445986006,0.004656841137736587
0.546875,Amusement,True,False,False,False,False,False,False,False,0.6978688448629028,0.006597926531379027,0.0008897823571981398,0.017909852693028326,0.25661470229798694,0.006573005584781396,0.0008897483937186572,0.01265613727900488
0.5859375,Amusement,True,False,False,False,False,False,False,False,0.5177546725319401,0.18995471053908228,0.190022987283319,0.004880878390015317,0.07003527863155982,0.013263457895686474,0.0006602690190243398,0.013427745709372689
0.625,Amusement,True,False,False,False,False,False,False,False,0.6921356976540135,0.0008824290809579259,0.006647614090312345,0.006537455787856739,0.2545739465980463,0.0023970941106605517,0.03442311868541993,0.00240264399273278
0.6640625,Amusement,True,False,False,False,False,False,False,False,0.39654111675994835,0.027675666473951064,0.0037363336123992816,0.0005056761587655741,0.39664546134150347,0.0013739576817017156,0.028054869659543975,0.14546691831218672
0.703125,Amusement,True,False,False,False,False,False,False,False,0.36039298444922935,0.3602746125965716,0.0033946149766497674,0.00045924392675268,0.13260777491463496,0.009476004509248386,0.0012490394641602538,0.13214572516275308
0.7421875,Anger,False,True,False,False,False,False,False,False,0.15071156529468574,0.40933993209280933,0.010498712890095345,0.003857998219915039,0.4098025197501993,0.0014197809848968653,0.0038625395455483924,0.010506951221849975
0.78125,Inspiration,False,False,False,False,True,False,False,False,0.2451066264605959,0.006277877835557168,0.0008489685748498742,0.0008489431472373204,0.6664237612019626,0.04650998018628981,0.033134636567144674,0.0008492060263627842
0.8203125,Amusement,True,False,False,False,False,False,False,False,0.6762293341068438,0.00234282741989311,0.002343525358328678,0.0008613762519219064,0.2486927682906476,0.03362594008183464,0.00234415414204104,0.03356007434848919
0.859375,Amusement,True,False,False,False,False,False,False,False,0.793213117029287,0.014103238755628609,0.00275023505503463,0.0010105928565890246,0.10729223071160139,0.0394363265681824,0.0027492255316016504,0.0394450334920753
0.8984375,Joy,False,False,False,False,False,True,False,False,0.18790212452238675,0.06900967276879359,0.0017700598852749881,0.0017701312930154414,0.18798015162263684,0.5111238553337716,0.03562512560712181,0.00481887896699889
0.9375,Inspiration,False,False,False,False,True,False,False,False,0.16821063798055017,0.004316884768214301,0.0005828177489622885,0.0015841020988745656,0.4572581209471356,0.1682325243205022,0.03189397713767428,0.1679209349980866
0.9765625,Tenderness,False,False,False,False,False,False,False,True,0.07045084530317362,0.19137298607397166,0.013391870865861204,0.001805614450949118,0.0049183851878984225,0.19179724848030308,0.004912743468424013,0.5213503061694189
1.015625,Anger,False,True,False,False,False,False,False,False,0.05204673701120969,0.384648753935531,0.0036230704861420506,0.0004902182808427516,0.031449413473549535,0.14158756409953888,0.0013325967389521234,0.384821645974234
1.0546875,Tenderness,False,False,False,False,False,False,False,True,0.0858683362345015,0.23299320023988118,0.0021991307526137392,0.00029739933199640975,0.03156478380197658,0.011616690589579844,0.0008084907097815321,0.6346519683396692
1.09375,Tenderness,False,False,False,False,False,False,False,True,0.002741416377869006,0.039018709851945464,0.007452508575503015,0.00036854110218490963,0.10640157769717136,0.0027241108438911593,0.054776909747181066,0.7865162258042541
1.1328125,Tenderness,False,False,False,False,False,False,False,True,0.10798974844362814,0.03956634643076777,0.0027690494840870846,0.0010177400355370456,0.007574169174865643,0.03950160323534293,0.002766366757445076,0.7988149764383264
1.171875,Tenderness,False,False,False,False,False,False,False,True,0.08649705276755158,0.235185126321374,0.0022168374749790324,0.002216754529100404,0.031766593640255525,0.0022157887166076046,0.00029977844493331556,0.6396020681051986
1.2109375,Inspiration,False,False,False,False,True,False,False,False,0.17114220291462223,0.17109974337972736,0.004384078454328456,0.011931796236064085,0.46538390406170344,0.0005928792307388652,0.004382371396136183,0.1710830243266795
1.25,Amusement,True,False,False,False,False,False,False,False,0.4031909206887241,0.01035243448172048,0.0013968084944451736,0.003819545935781055,0.02882789705003802,0.001396171339782378,0.4031144468636691,0.1479017751458398
1.2890625,Amusement,True,False,False,False,False,False,False,False,0.7755792482516843,0.03847865239689685,0.0009882560833323628,0.03855760062515615,0.03809467366435884,0.0009877929962933186,0.1046178690224811,0.0026959069597969165
1.328125,Amusement,True,False,False,False,False,False,False,False,0.7046982036280143,0.0951542004961045,0.006679166049460261,0.09528194418183622,0.0945179387998255,0.0003300994608867479,0.0008975589252602026,0.0024408884586122515
1.3671875,Amusement,True,False,False,False,False,False,False,False,0.8379875140585191,0.00796758068470215,0.0416143874144808,0.040524730108478436,0.060711553448125094,0.000392550829123296,0.0029027294551374496,0.00789895400143364
1.40625,Amusement,True,False,False,False,False,False,False,False,0.6923921943952754,0.03442080089332278,0.006521317973284033,0.0024033076048853336,0.0065187038067070786,0.0023972143172439992,0.2544645534842943,0.0008819075249869772
1.4453125,Amusement,True,False,False,False,False,False,False,False,0.7625982185738273,0.10300504309658806,0.002641188968999866,0.10310704431587718,0.0009716762320722844,0.019524017502714902,0.000971759021328541,0.007181052288592013
1.484375,Amusement,True,False,False,False,False,False,False,False,0.8109361551514285,0.04026384663794876,0.002814442031403333,0.10956123936367375,0.020772475666054523,0.007638281131744068,0.00037996196297725003,0.007633598054769951
1.5234375,Amusement,True,False,False,False,False,False,False,False,0.6420322378864907,0.2359501170879036,0.0008179575944627982,0.08657651433522016,0.011562569153987614,0.020536338249487425,0.0003009160992189525,0.002223349593228732
1.5625,Amusement,True,False,False,False,False,False,False,False,0.8037441137269042,0.021051631486055943,0.039793213987566925,0.10852791505073922,0.00037672867871372417,0.020935373114322007,0.002787256373741815,0.002783767581955999
1.6015625,Amusement,True,False,False,False,False,False,False,False,0.8235555546083401,0.007770190444057084,0.04095689852933325,0.11139237524724008,0.002853334311241307,0.002853156433987346,0.0077636161290148865,0.0028548742967860583
1.640625,Amusement,True,False,False,False,False,False,False,False,0.8211444700668681,0.0028463724975196125,0.04082462501240287,0.11092090158214406,0.007734297952284517,0.007747081096222827,0.0010461525032138055,0.0077360992893442575
1.6796875,Amusement,True,False,False,False,False,False,False,False,0.6937181088702153,0.007014671214519695,0.012332945738422571,0.2547452052303011,0.017767420392749086,0.012653434641309103,0.0008842162464199891,0.000883997666063218
1.71875,Amusement,True,False,False,False,False,False,False,False,0.7481340757594195,0.00035073399947290016,0.1012033120016458,0.10101606404251487,0.007046889937863937,0.0025904248031828297,0.037065863100618636,0.0025926363552815673
1.7578125,Amusement,True,False,False,False,False,False,False,False,0.847149602423355,0.001079491571385027,0.0421527830288921,0.04212796034427967,0.015475771674944556,0.0029333659523329185,0.04110468930796863,0.007976335696842108
1.796875,Amusement,True,False,False,False,False,False,False,False,0.6940962809151978,0.006536526384074432,0.03449325831682128,0.0024100649467641644,0.255251809050237,0.0024033278230251665,0.0024048453525638506,0.0024038872113162696
1.8359375,Amusement,True,False,False,False,False,False,False,False,0.650155034031974,0.0003046429791958847,0.2390863485557761,0.011810313561776156,0.08792891520236498,0.002250566604972353,0.006213191501708142,0.0022509875622324033
1.875,Sadness,False,False,False,False,False,False,True,False,0.23337958339497417,0.0008079422381803604,0.03156478996774955,0.011611245221792925,0.08580286204263518,0.002195878456338717,0.6343404731479969,0.00029722553033216314
1.9140625,Amusement,True,False,False,False,False,False,False,False,0.6950017526940195,0.006546167306184055,0.002415259997134363,0.002409638711930437,0.25563318272137386,0.002406086215645482,0.03318056530317829,0.002407347050533894
1.953125,Amusement,True,False,False,False,False,False,False,False,0.685104463203655,0.0023782065687544007,0.03394498461796773,0.006450177515130624,0.2518889082058585,0.002372222180797852,0.017539940331428343,0.0003210973764075612
1.9921875,Amusement,True,False,False,False,False,False,False,False,0.6380442817655682,0.00029893886126892375,0.23457131811960688,0.006006035189000518,0.08632446380134785,0.0008124856070267716,0.031733423664709846,0.002209052991471022
2.03125,Amusement,True,False,False,False,False,False,False,False,0.6479492583842937,0.00030362514037237233,0.016602871654187574,0.00610008657775385,0.08768373240229618,0.00224379748067328,0.23829125437528476,0.0008253739851381909
2.0703125,Amusement,True,False,False,False,False,False,False,False,0.6901009987823067,0.0023900528172046877,0.012418469886595784,0.002389018510065672,0.25374355616940714,0.03417844601679415,0.002389565518024402,0.0023898922996016063
2.109375,Amusement,True,False,False,False,False,False,False,False,0.7090738052602701,0.0009035934013475751,0.0066847748190572735,0.00245497864085038,0.2608259742876254,0.006686067353101775,0.006678353008573661,0.006692453229173902
2.1484375,Inspiration,False,False,False,False,True,False,False,False,0.23543535836653062,0.00222609225212529,0.0008156481549341405,0.0022166777301704556,0.6401740460936288,0.08659187227246112,0.0317243654717613,0.0008159396583882064
2.1875,Amusement,True,False,False,False,False,False,False,False,0.6378586198853983,0.002226375214079532,0.0008130236973662595,0.0002990687397940675,0.23468403555452805,0.03174612501973191,0.006070538512163411,0.08630221337693866
2.2265625,Tenderness,False,False,False,False,False,False,False,True,0.037051863133180325,0.10045046221049181,0.007023808658861642,0.00034937224984937955,0.0018276029647432573,0.10079309427344052,0.007029435006708648,0.7454743615027245
2.265625,Tenderness,False,False,False,False,False,False,False,True,0.011607586177144608,0.23326700673496803,0.002197470470066051,0.00029741362018073105,0.031491999106670575,0.08588907155785795,0.0008084823947877514,0.6344409699383242
2.3046875,Anger,False,True,False,False,False,False,False,False,0.13263691213593143,0.3596707166843631,0.0033987074237358294,0.00045950779806643494,0.009317675133794374,0.13268172352603547,0.001249477814403446,0.36058527948366986
2.34375,Tenderness,False,False,False,False,False,False,False,True,0.012195866180705377,0.2454653449616083,0.03321828734849683,0.00031321936991477914,0.006365338133475947,0.033081603065265655,0.0008516140634235022,0.6685087268771097
2.3828125,Tenderness,False,False,False,False,False,False,False,True,0.18789144737563412,0.18784822700042794,0.004811003356067839,0.0017698068481376364,0.03567755977149995,0.06917769568067121,0.0017695383496843238,0.511054721617877
2.421875,Tenderness,False,False,False,False,False,False,False,True,0.03171549660685516,0.2346030131043908,0.0022100985213355873,0.00029897935478896296,0.006010114810877185,0.08634184598391803,0.0008126085370306483,0.6380078430808037
2.4609375,Disgust,False,False,True,False,False,False,False,False,0.009922247838963956,0.05230039567451714,0.386962522482009,0.0004933751312890829,0.1424059049994095,0.01928051563727432,0.0013411690729770458,0.38729386916355985
2.5,Tenderness,False,False,False,False,False,False,False,True,0.008125599698018359,0.0427989967575918,0.042761187808232626,0.0004031952228446291,0.008098582178536828,0.015672005560751667,0.022020635868353875,0.8601197969056702
2.5390625,Tenderness,False,False,False,False,False,False,False,True,0.10110407800538683,0.10118911703957824,0.0003506006205695806,0.007068273181377432,0.002592114232171385,0.037211920336493357,0.0025907813604616197,0.7478931152239617
2.578125,Anger,False,True,False,False,False,False,False,False,0.02003152473734768,0.40403884127740924,0.001401172147361448,0.010384040310343333,0.40379999800224287,0.01034888945328386,0.001399610208372844,0.1485959238636386
2.6171875,Amusement,True,False,False,False,False,False,False,False,0.27562783355685483,0.27502309041057976,0.007063700427971516,0.013360013805212284,0.09929070875642859,0.0025942518489223527,0.27481929483928996,0.05222110635474057
2.65625,Amusement,True,False,False,False,False,False,False,False,0.46652431666204075,0.1714064417730865,0.0016158942082113187,0.17144390118622507,0.004393739167552395,0.0016160050272978964,0.17103494387715523,0.011964758098430828
2.6953125,Anger,False,True,False,False,False,False,False,False,0.2513481882911441,0.6831059133604795,0.0003201763227503825,0.03396961082007085,0.006444793593410542,0.0064337259260354275,0.0008710189690660854,0.017506572717043336
2.734375,Anger,False,True,False,False,False,False,False,False,0.03412666422998463,0.6855469893835939,0.0008736346277582137,0.01761145372029461,0.2521223662014947,0.0064690254860104,0.0008742542569734738,0.002375612093889901
2.7734375,Anger,False,True,False,False,False,False,False,False,0.24559777008085784,0.6675993862723876,0.00031289198094219546,0.03295047946333509,0.0008506034431583627,0.03314737002421918,0.017228509619386167,0.002312989115713621
2.8125,Amusement,True,False,False,False,False,False,False,False,0.5233010987359302,0.19235467755616106,0.004929234246452074,0.013507644802194855,0.06810181553951086,0.004959043617538774,0.1910340415031091,0.0018124439991030648
2.8515625,Anger,False,True,False,False,False,False,False,False,0.2346399410647066,0.6378786802793035,0.0022104406792153564,0.03165419245661985,0.01638762264009787,0.04453162222369485,0.01635316894098697,0.016344331715375117
2.890625,Amusement,True,False,False,False,False,False,False,False,0.6882641416543483,0.2530430806473862,0.006511588633413787,0.03397057630312584,0.0008770832467338464,0.012563876181630428,0.0023856106122343654,0.002384042721127118
2.9296875,Amusement,True,False,False,False,False,False,False,False,0.6752374321693659,0.24793122233557788,0.03355683066033112,0.03190816280887293,0.0003165307148906078,0.0063686144025341005,0.002341240849183222,0.00233996605924436
2.96875,Amusement,True,False,False,False,False,False,False,False,0.7707425217627002,0.0026746902933623253,0.10418848054545736,0.10411476594602197,0.0026707801507364986,0.000982182331429899,0.007279172828225423,0.007347406142066227
3.0078125,Amusement,True,False,False,False,False,False,False,False,0.8083448063052583,0.0028055034898786875,0.014653550934978452,0.020917463168656975,0.040156273252058346,0.002823559070433846,0.0010297757736433776,0.10926906800509215
3.046875,Amusement,True,False,False,False,False,False,False,False,0.8457796242421691,0.0029416424716497544,0.021886436982168703,0.002932467662727252,0.04195815238736242,0.04170680913821202,0.0010776833026001262,0.041717183813110556
3.0859375,Amusement,True,False,False,False,False,False,False,False,0.6847922194072592,0.03367170285997444,0.25179848459130144,0.006480079306372671,0.0179342178500546,0.000872919719723782,0.0008728514774679942,0.0035775247878457434
3.125,Tenderness,False,False,False,False,False,False,False,True,0.19190197030673006,0.0018104026581430596,0.013556667665655506,0.19195814641991576,0.0690217047793254,0.004920705289829391,0.004921319640949604,0.5219090832394512
3.1640625,Amusement,True,False,False,False,False,False,False,False,0.377144897572425,0.13832316265146954,0.0004811729147600691,0.001307916798455182,0.37732753498395566,0.05088097179129898,0.0035542051995413712,0.050980138088094165
3.203125,Anger,False,True,False,False,False,False,False,False,0.1029677729664067,0.76115285319696,0.0026417718913982393,0.00035719590653313506,0.10311177780881949,0.019848012223355346,0.0026406294675720577,0.007279986538955049
3.2421875,Inspiration,False,False,False,False,True,False,False,False,0.05115535760388879,0.006899717825593623,0.051052374898284625,0.006887977606909356,0.7308689711780306,0.01878415006206263,0.0357529719837236,0.09859847884150658
3.28125,Inspiration,False,False,False,False,True,False,False,False,0.04015208388369485,0.040925371705710166,0.00038719749735346986,0.0028624107827085656,0.8262921034563091,0.04048851942451212,0.007791336953707246,0.04110097629600443
3.3203125,Inspiration,False,False,False,False,True,False,False,False,0.0065256816488055225,0.24894437164911543,0.0008622253782860315,0.00031720936656374414,0.6770353736596539,0.04743482470531089,0.01235295583425253,0.006527357758011799
3.359375,Inspiration,False,False,False,False,True,False,False,False,0.10676760685656123,0.03923755107337265,0.0010059154044751207,0.0010058544729498026,0.7896807637256459,0.02031341023183524,0.039253646449680664,0.00273525178547932
3.3984375,Inspiration,False,False,False,False,True,False,False,False,0.23586266642993278,0.002225801010099565,0.0008173290856662348,0.0022217209551176962,0.6416225391471414,0.08455580874070386,0.03187635651487192,0.0008177781164666693
3.4375,Inspiration,False,False,False,False,True,False,False,False,0.05475388537944038,0.054907774778781525,0.0014082277213567965,0.0005180830539966334,0.406747948123094,0.055015028531160005,0.020143913260175998,0.4065051391519946
3.4765625,Tenderness,False,False,False,False,False,False,False,True,0.002340242889502442,0.2480237177288764,0.000859442012431846,0.0008594839086544485,0.03358495181170656,0.033558625789537215,0.0063693618851030235,0.674404173974188
3.515625,Anger,False,True,False,False,False,False,False,False,0.14341340097678565,0.38958218546924533,0.0013500832693662543,0.003671583942645809,0.38972333843204826,0.019400461155096624,0.0013504741849792703,0.05150847256983286
3.5546875,Amusement,True,False,False,False,False,False,False,False,0.7545700823368584,0.01938777176268304,0.007108076064345396,0.00035356250632554906,0.013541580666626645,0.10209724018129422,0.0009614325842669811,0.10198025389759972
3.59375,Tenderness,False,False,False,False,False,False,False,True,0.04271723767401743,0.02224291758156981,0.008107810329356148,0.00040237052055417944,0.0029753958307931535,0.042734843431826396,0.021984204466687193,0.8588352201651958
3.6328125,Tenderness,False,False,False,False,False,False,False,True,0.06865005519658936,0.18628315119997185,0.0017579135996182106,0.0006465693963785932,0.013002270031951113,0.18674169684056632,0.0353181652382245,0.5076001784967002
3.671875,Amusement,True,False,False,False,False,False,False,False,0.2737833756530093,0.27298422145124757,0.019061244438738963,0.0009483931688299421,0.007013619736191167,0.10071316340992574,0.05187839055284282,0.27361759158921445
3.7109375,Tenderness,False,False,False,False,False,False,False,True,0.08691165619556218,0.08677903135024014,0.006055929673085058,0.0008186169099553809,0.045066687041911496,0.08678517365105819,0.04508762290611121,0.6424952822720763
3.75,Tenderness,False,False,False,False,False,False,False,True,0.0028616154168378217,0.04090896453660543,0.002852680143221268,0.002852472147591123,0.007752419547418639,0.11146695015449126,0.00776063927238443,0.8235442587814501
3.7890625,Tenderness,False,False,False,False,False,False,False,True,0.000833945877897011,0.2406619541378937,0.0022673717397579322,0.006162982544929121,0.006162691180748414,0.08859412097562515,0.0008338690227419398,0.6544830645204068
3.828125,Tenderness,False,False,False,False,False,False,False,True,0.007045799165887752,0.10118995358445508,0.0025924036991217584,0.002590484788173257,0.03719300909104633,0.10120263099165078,0.00035042681958648677,0.7478352918600786
3.8671875,Tenderness,False,False,False,False,False,False,False,True,0.036173880269458676,0.098203498007153,0.0009279480364993789,0.0003407568092538616,0.09832190470165293,0.036201683735804964,0.0025183316539401615,0.7273119967862371
3.90625,Tenderness,False,False,False,False,False,False,False,True,0.08629275816937527,0.23468464573027548,0.0008125067961850036,0.0008126279189521441,0.006830826473944242,0.03175804524429974,0.0008124789004273057,0.6379961107665407
3.9453125,Amusement,True,False,False,False,False,False,False,False,0.2730452914482806,0.2736355384088939,0.019049902924978244,0.0009475381840595056,0.10063715327886046,0.05208764884647573,0.007006304563252174,0.2735906223451994
3.984375,Inspiration,False,False,False,False,True,False,False,False,0.003394686278846261,0.1324975378534961,0.0012479019068198463,0.0004588862036410552,0.36032950547336273,0.13252144295874405,0.009225834424632134,0.36032420490045775
4.0234375,Anger,False,True,False,False,False,False,False,False,0.03175459813103007,0.6381703272757921,0.00029898632032222615,0.08609025440226756,0.000812912208119995,0.006013167023254742,0.00221186572599768,0.23464788891321559
4.0625,Anger,False,True,False,False,False,False,False,False,0.05318792249149956,0.39291005192669115,0.003700170934781088,0.010074382337552552,0.14460924099169448,0.001361405287332131,0.3927950032923418,0.0013618227381072975
4.1015625,Anger,False,True,False,False,False,False,False,False,0.19029471621006835,0.5175063676219588,0.0006593158716793387,0.01326814232098464,0.07000723324935502,0.0048751716267121,0.19010891758151713,0.01328013551772471
4.140625,Amusement,True,False,False,False,False,False,False,False,0.6676745679441306,0.24553181065294552,0.002313217344066485,0.033030619903645815,0.0008521142561144779,0.017185061266683434,0.033099705230295616,0.0003129034021183161
4.1796875,Amusement,True,False,False,False,False,False,False,False,0.8303941066117329,0.002883400586445186,0.11117225737235589,0.022461669426462293,0.002875778950337422,0.021333884728750474,0.007820683922171162,0.0010582184017446843
4.21875,Amusement,True,False,False,False,False,False,False,False,0.6971167719429273,0.0008880351736000826,0.25643159081672157,0.002414664289057728,0.0065637246300269255,0.017848963244909026,0.0008877661142836137,0.0178484837884738
4.2578125,Amusement,True,False,False,False,False,False,False,False,0.7433774517969203,0.0025743639366472048,0.013601586833545001,0.03643306284195866,0.10051247602771396,0.0025759398592474394,0.00034829587536141404,0.10057682282860608
4.296875,Amusement,True,False,False,False,False,False,False,False,0.6479896976483561,0.00030375264762181676,0.0875983742605181,0.0008252503078402496,0.23826456313396704,0.0166741044593601,0.002244144837763215,0.0061001127045733575
4.3359375,Amusement,True,False,False,False,False,False,False,False,0.6500988054827933,0.0008286029862022834,0.23918745177910097,0.002255708474498341,0.08789849379295556,0.0022514556815286134,0.0008283489870308631,0.016651132815890122
4.375,Amusement,True,False,False,False,False,False,False,False,0.39306487196981527,0.0013616221184301182,0.0527166418284705,0.003706897939716011,0.14455911019052747,0.010066226871866842,0.0013610363999345882,0.39316359268123924
4.4140625,Amusement,True,False,False,False,False,False,False,False,0.63800427746587,0.006033543238589406,0.0022112526483838006,0.0002989561688845054,0.2347299870311872,0.086216986194481,0.0008126540662719842,0.03169234318633209
4.453125,Tenderness,False,False,False,False,False,False,False,True,0.02530970821665097,0.18749206083279882,0.06907250261507732,0.0006516837230226978,0.18808181793015322,0.013113057678136354,0.004815066435728504,0.511464102568432
4.4921875,Tenderness,False,False,False,False,False,False,False,True,0.021363457754869034,0.0029101680338758564,0.015242019535286588,0.0078640567211317,0.11264026891875702,0.0028936676116285555,0.0028896089165606725,0.8341967525078907
4.53125,Inspiration,False,False,False,False,True,False,False,False,0.09454912147810215,0.09461487858767771,0.0003279152348237599,0.0008913754689711358,0.699758778050004,0.012752060675342212,0.0024232972147364214,0.09468257329034264
4.5703125,Inspiration,False,False,False,False,True,False,False,False,0.0172633908504528,0.24546779085793569,0.0008504603954368261,0.00031286212197716504,0.6676381768441161,0.03304814713495236,0.0023145764370726793,0.03310459535805633
4.609375,Inspiration,False,False,False,False,True,False,False,False,0.2407421168552361,0.006174640921584834,0.002273446740623662,0.006161748243345406,0.6545224195678007,0.0008337849426760615,0.08845806263692706,0.0008337800918062269
4.6484375,Amusement,True,False,False,False,False,False,False,False,0.32555786484527577,0.0004148155548058612,0.008337533247215301,0.003066145165693917,0.32562596171205255,0.00833244987766125,0.3255995875409548,0.0030656420563405745
4.6875,Amusement,True,False,False,False,False,False,False,False,0.670781933251777,0.00031435662351944827,0.011990422741112733,0.0023223276958278874,0.24669290925976353,0.03228346952288603,0.03329163318368963,0.002322947721423673
4.7265625,Amusement,True,False,False,False,False,False,False,False,0.7090266612351727,0.0009033756336454386,0.006690421975398085,0.0024554898702030805,0.26086453377331065,0.006673472529833396,0.006695445733056414,0.006690599249380337
4.765625,Amusement,True,False,False,False,False,False,False,False,0.6500814280270724,0.0008285759857440525,0.00082804125844446,0.002251249411632002,0.23917671739859453,0.08793841307944951,0.016644537342101442,0.0022510374969615505
4.8046875,Amusement,True,False,False,False,False,False,False,False,0.8147511882172912,0.002823627216095329,0.005475541597045169,0.0028206859768014343,0.10984467613569927,0.020959705348236577,0.002824255195982882,0.04050032031284805
4.84375,Amusement,True,False,False,False,False,False,False,False,0.7872693528699654,0.0010030559997601949,0.10654437889391238,0.001002559119615577,0.054855961727777326,0.007413792108433624,0.0027253745398430826,0.039185524740692375
4.8828125,Inspiration,False,False,False,False,True,False,False,False,0.1880705386156438,0.06874678353011039,0.0048117871534533565,0.001769803607698978,0.5111355035655274,0.18806897782949983,0.0017696576069411807,0.03562694809112497
4.921875,Amusement,True,False,False,False,False,False,False,False,0.5078101352253893,0.03554907331142958,0.06863393392568166,0.0006469214939241484,0.009158539124188514,0.1868355038763935,0.004781368967195512,0.1865845240757977
4.9609375,Tenderness,False,False,False,False,False,False,False,True,0.03684117503787155,0.09878272392918092,0.10017195365162562,0.0003477683362980822,0.007163070105155357,0.013487897708823578,0.0009455720908169479,0.742259839140228
5.0,Tenderness,False,False,False,False,False,False,False,True,0.011890924396853896,0.24645404665380907,0.002320344670085162,0.002321103865175489,0.033273715906790555,0.03335438037385784,0.00031392676193231646,0.6700715573714958
5.0390625,Tenderness,False,False,False,False,False,False,False,True,0.08632666375347854,0.23454224957363812,0.002210819234070026,0.000298944354700197,0.006006634153523348,0.03176346260355517,0.0008125392777409463,0.6380386870492937
5.078125,Tenderness,False,False,False,False,False,False,False,True,0.008126722213244253,0.04220191428272423,0.008025079752622602,0.00039775753043818816,0.04223198041914914,0.04226250127072026,0.00799015358890056,0.8487638909422007
5.1171875,Tenderness,False,False,False,False,False,False,False,True,0.01561102077511398,0.042761004546409936,0.008111975350056491,0.0004031928546768137,0.008105356168075178,0.042803518045006046,0.02205672023836489,0.8601472120222967
5.15625,Tenderness,False,False,False,False,False,False,False,True,0.10116799388239485,0.10117600850756105,0.00035063306013915563,0.007064278329658772,0.0025934016475922567,0.03720067948854037,0.002591757861458931,0.7478552472226547
5.1953125,Amusement,True,False,False,False,False,False,False,False,0.4623498226615272,0.16998627225702787,0.0016017927169723165,0.020968933542343807,0.16964269772079602,0.0016014230840653248,0.0043558796719113954,0.16949317834535596
5.234375,Amusement,True,False,False,False,False,False,False,False,0.4009030120334423,0.028497076832795565,0.010258967690065592,0.010288931759315745,0.4007944597454101,0.001388265003614846,0.14735849897001357,0.0005107879653424594
5.2734375,Amusement,True,False,False,False,False,False,False,False,0.511337281940938,0.18797028558595752,0.0017705547526477244,0.06878085919775906,0.03562838524614915,0.00481330265192481,0.18792762580229652,0.001771704822327164
5.3125,Amusement,True,False,False,False,False,False,False,False,0.31654609682659635,0.31638330593288655,0.0010963044188797841,0.042791078237240814,0.3161247517895773,0.0029814374104778704,0.001096970798636515,0.0029800545857049257
5.3515625,Amusement,True,False,False,False,False,False,False,False,0.6509711181423317,0.08798587389193421,0.00613183514039069,0.011886574955749987,0.2391105741492575,0.0022542252001585693,0.0008304942599958185,0.0008293042601814227
5.390625,Amusement,True,False,False,False,False,False,False,False,0.4314945156316905,0.4313321806807419,0.004065351864218851,0.05814788303426781,0.004066977120563591,0.05829775020103346,0.01110099175960025,0.0014943497078836613
5.4296875,Sadness,False,False,False,False,False,False,True,False,0.18772243894298082,0.004819542145617939,0.004808253256935968,0.06892541102549504,0.03557141148769956,0.18769459040543413,0.5098082255195897,0.0006501272162469575
5.46875,Fear,False,False,False,True,False,False,False,False,0.21971810763317798,0.0451072976535163,0.08031232551787125,0.5970296216844349,0.015298852372111755,0.010870254072157377,0.029594871322120245,0.0020686697446103118
5.5078125,Disgust,False,False,True,False,False,False,False,False,0.2539795293106697,0.0008802401399721982,0.6903326816596871,0.03428849515334526,0.006501832225021772,0.006624601312360525,0.006513272345888909,0.0008793478530544924
5.546875,Amusement,True,False,False,False,False,False,False,False,0.8120389615210952,0.0028237743118169727,0.10983697973288988,0.04039386130006963,0.007646490194630125,0.005409211552124332,0.02081615948435558,0.001034561903018331
5.5859375,Amusement,True,False,False,False,False,False,False,False,0.6726554002835924,0.0003151843054508164,0.24744021113306006,0.012223452947984327,0.0023289483863047863,0.0008567912815000647,0.01725313950598907,0.046926872156118446
5.625,Amusement,True,False,False,False,False,False,False,False,0.7364283162619961,0.0003451053517734298,0.09954216354573049,0.0025518481305823156,0.05643769873574096,0.002553596447705721,0.002550533568060165,0.09959073795841078
5.6640625,Amusement,True,False,False,False,False,False,False,False,0.7068639584202786,0.002448681153872992,0.012924927384183847,0.006680079564812541,0.25951772062296463,0.002449844430159479,0.0066602974087429465,0.0024544910149850285
5.703125,Amusement,True,False,False,False,False,False,False,False,0.6881376505848765,0.0008768543706173482,0.25297992772079075,0.012516142239438054,0.03422932118535791,0.0023823007147959585,0.006491050789290263,0.0023867523948330627
5.7421875,Amusement,True,False,False,False,False,False,False,False,0.40604385250070957,0.0038247731659937887,0.40585884577621567,0.019394802428020164,0.1491853014677761,0.0014060952872982679,0.003832702196152142,0.01045362717783432
5.78125,Amusement,True,False,False,False,False,False,False,False,0.6921766466206145,0.00652376811381004,0.034435098910934055,0.0023991953580224266,0.25464554549018426,0.0008819065948446686,0.0023990210915948297,0.006538817819995073
5.8203125,Amusement,True,False,False,False,False,False,False,False,0.6561092965442423,0.002276389121788705,0.24130015259188178,0.0008357446667739608,0.08875454289124297,0.002271980471957029,0.006179119455672358,0.0022727742564409435
5.859375,Amusement,True,False,False,False,False,False,False,False,0.7487545487285416,0.0009541589328426874,0.10124248816383757,0.007048190674530343,0.1013092584548038,0.002592320983314686,0.03714492905014858,0.0009541050119807271
5.8984375,Inspiration,False,False,False,False,True,False,False,False,0.1455064956437252,0.003727666494905757,0.0037271146150303605,0.0037261144020640548,0.395777693668608,0.001371098924298169,0.05331396867200805,0.3928498475793606
5.9375,Amusement,True,False,False,False,False,False,False,False,0.4011482210233892,0.01039827226481869,0.0013902571023407958,0.000511150045293761,0.40130524120260297,0.14670963263326284,0.010287206035300887,0.028250019692990878
5.9765625,Amusement,True,False,False,False,False,False,False,False,0.46025728235450186,0.004338119258127449,0.022468212293213177,0.004333051248020341,0.4603387763714535,0.0043337696180839776,0.03213623874176933,0.011794550114830393
6.015625,Inspiration,False,False,False,False,True,False,False,False,0.23537646559757172,0.0022206105646817567,0.0008158637718506367,0.0022173714950704335,0.6403324922341949,0.08645084967653065,0.03177031126038854,0.0008160353997112625
6.0546875,Amusement,True,False,False,False,False,False,False,False,0.3991984919262926,0.0013856520498809746,0.0013840156130418657,0.003761195433763712,0.3996495662076305,0.14691261118456983,0.01985996029491898,0.02784850728990159
6.09375,Sadness,False,False,False,False,False,False,True,False,0.0008131998880008814,0.2344801808907518,0.0022109588550053524,0.0002991067048975527,0.08634324580939604,0.0060233473780863175,0.6380709714600523,0.03175898901380974
6.1328125,Inspiration,False,False,False,False,True,False,False,False,0.0017015766752896697,0.18067532896777858,0.01257336596095033,0.0006259587818528396,0.49126455591896134,0.1804893302519195,0.06633625718386564,0.06633362625938206
6.171875,Anger,False,True,False,False,False,False,False,False,0.11550670740658762,0.31505935930745105,0.00807246623258635,0.11451423116077108,0.11591234898543389,0.008298611700220527,0.008082735341269355,0.3145535398656802
6.2109375,Tenderness,False,False,False,False,False,False,False,True,0.017689762255767467,0.002389604435563291,0.002383129722948098,0.0023804268506932773,0.0341709235446943,0.0008755787323171087,0.25283916221695485,0.6872714122410618
6.25,Tenderness,False,False,False,False,False,False,False,True,0.0008265013936622213,0.2385433410896267,0.006107503836289768,0.00030398299609045974,0.08772196926552467,0.006107053350353436,0.011759788091685068,0.6486298599767678
6.2890625,Amusement,True,False,False,False,False,False,False,False,0.3923707268860484,0.3924754734182583,0.0037010511297171467,0.052776817625950136,0.0100953739236646,0.0036963290823169895,0.0005001661359131552,0.14438406179813115
6.328125,Amusement,True,False,False,False,False,False,False,False,0.6719641407709253,0.006688435247920752,0.03329744065734659,0.00031497174031478164,0.24710219087049823,0.0008561987845491124,0.006352324478344945,0.03342429745010028
6.3671875,Tenderness,False,False,False,False,False,False,False,True,0.1016062889448652,0.03728358703012468,0.0026031075885092243,0.0026021305126866312,0.0026031463357925953,0.0009568404183047904,0.1015675855912838,0.750777313578433
6.40625,Amusement,True,False,False,False,False,False,False,False,0.6470113346126072,0.0118290793803861,0.0022417429222916724,0.011794480211720575,0.08664351263062825,0.0003032600334387988,0.0022432868503522102,0.2379333033585752
6.4453125,Amusement,True,False,False,False,False,False,False,False,0.3924837165600584,0.3922567684217946,0.003697826846508662,0.01006894653682882,0.14429936412247377,0.000499957958639619,0.0036963870359857745,0.052997032517710596
6.484375,Sadness,False,False,False,False,False,False,True,False,0.1445864487120446,0.05308921754257187,0.0013621105100723198,0.00370594265723552,0.010208353441440237,0.0013615590500739207,0.392896363485169,0.3927900046013926
6.5234375,Anger,False,True,False,False,False,False,False,False,0.08768126864312104,0.647923427640706,0.00030369439051705166,0.002249924046105934,0.006105151643803302,0.016612339366106513,0.0008264107656604878,0.23829778350397968
6.5625,Anger,False,True,False,False,False,False,False,False,0.10131674935119926,0.7488884906403717,0.0009541559445461143,0.10111018929341878,0.037122514949543446,0.002594237112878777,0.0009547871266526109,0.007058875581389302
6.6015625,Anger,False,True,False,False,False,False,False,False,0.15070713825896206,0.40961338796220176,0.0014190303691366533,0.010503829443289628,0.40953784016034117,0.010492764382469249,0.003866521653725949,0.003859487769873545
6.640625,Anger,False,True,False,False,False,False,False,False,0.24880811583500678,0.6762245683176746,0.0008619115544757433,0.03357993097541301,0.0023439540134085105,0.03349142553980785,0.0023471112920403214,0.002342982472173224
6.6796875,Amusement,True,False,False,False,False,False,False,False,0.2388208581745302,0.2385527443066336,0.006113942275669579,0.006135076933173857,0.032273562077650676,0.23876103070871274,0.2370938553432647,0.002248930180364661
6.71875,Anger,False,True,False,False,False,False,False,False,0.034785754512425854,0.7006293632356623,0.017943965536276904,0.017966340815108478,0.09360431416672213,0.09477428067929332,0.033698824934498564,0.0065971561200125145
