time_sec,pred_label,Amusement,Anger,Disgust,Fear,Inspiration,Joy,Sadness,Tenderness,prob_Amusement,prob_Anger,prob_Disgust,prob_Fear,prob_Inspiration,prob_Joy,prob_Sadness,prob_Tenderness
0.0390625,Amusement,True,False,False,False,False,False,False,False,0.32157289144686163,0.0004094788918940103,0.32164890110464095,0.02236761384662555,0.0011129558769305704,0.008224958267368368,0.003025572064212563,0.32163762850146627
0.078125,Amusement,True,False,False,False,False,False,False,False,0.6379682489162364,0.00029880633493388524,0.006002677136261861,0.002208423721451039,0.08632374575742324,0.2346932522650851,0.0316926120334203,0.0008122338351881771
0.1171875,Anger,False,True,False,False,False,False,False,False,0.05738995092703165,0.424239203969163,0.021097176862437686,0.0005404028915526295,0.010866846133669247,0.4244597407706202,0.057413091704764184,0.003993586740761418
0.15625,Joy,False,False,False,False,False,True,False,False,0.24071260491989593,0.0008341387148195424,0.006162127395602028,0.002266160577911887,0.006169273455130991,0.6544683093330442,0.08855321137188982,0.0008341742317056957
0.1953125,Amusement,True,False,False,False,False,False,False,False,0.6379818871614992,0.0002989480738663206,0.03173115387963241,0.0022084030618300136,0.006006159513690959,0.08630094316795997,0.2346599747140572,0.0008125304274639568
0.234375,Amusement,True,False,False,False,False,False,False,False,0.7040472259436372,0.006656442241216658,0.09522700636011466,0.0003298926092211304,0.002438954913758897,0.09515141234254579,0.09525223179620561,0.0008968337932999622
0.2734375,Amusement,True,False,False,False,False,False,False,False,0.6902416635210801,0.0008793502682988662,0.017740954348320914,0.0008790230881899135,0.017678977632419268,0.017806272233245702,0.2538943704549312,0.0008793884535139543
0.3125,Amusement,True,False,False,False,False,False,False,False,0.7059799222281811,0.0024451773115677605,0.09538474728771226,0.00033076954728634137,0.0024439295278151025,0.09547001447962938,0.09550008015545797,0.0024453594623500222
0.3515625,Amusement,True,False,False,False,False,False,False,False,0.6544856619063929,0.002266893921258119,0.2407533969223814,0.0061594300214030595,0.0008335166885477009,0.0008335558664402858,0.08850676125265614,0.006160783420920377
0.390625,Amusement,True,False,False,False,False,False,False,False,0.7865838291295186,0.00036875181311003124,0.03913427204273619,0.001002970891828816,0.03909093040729324,0.020155455958016787,0.007446732917476507,0.10621705684001971
0.4296875,Amusement,True,False,False,False,False,False,False,False,0.7953133929934715,0.0027553271019629534,0.03946220923584563,0.0003727854668972428,0.007489137875195352,0.0074944798217952335,0.03955384530432261,0.10755882220050936
0.46875,Amusement,True,False,False,False,False,False,False,False,0.7040007459007357,0.006633280103655478,0.2589474188288201,0.0008964301305762956,0.0024369073582073014,0.01801593505313401,0.0024387768210176993,0.006630505803853308
0.5078125,Disgust,False,False,True,False,False,False,False,False,0.23049407120121979,0.04393301744862999,0.6266718496835626,0.005902413321423034,0.016075928296461428,0.043638263563865916,0.0021705143070143845,0.031113942177822825
0.546875,Fear,False,False,False,True,False,False,False,False,0.0005255298201620428,0.003886073220461954,0.0038840356102528635,0.4123103417304692,0.05558761988303733,0.05578712776843334,0.05570461586452915,0.412314656102654
0.5859375,Fear,False,False,False,True,False,False,False,False,0.01052120004170885,0.055358754151613745,0.0014224925969201704,0.41041100107435513,0.055481224290516114,0.0555671111826553,0.0005233393617896606,0.41071487730044093
0.625,Anger,False,True,False,False,False,False,False,False,0.01936424138106691,0.2742824084651688,0.0370296478148285,0.2742975001378288,0.019107941350451976,0.27434104054101927,0.0009502678611706041,0.10062695244846509
0.6640625,Fear,False,False,False,True,False,False,False,False,0.0004923706901224525,0.027140303261433272,0.003638975679369871,0.3864448384005067,0.05226616465023685,0.14216033443698775,0.0013384581536732458,0.38651855472766994
0.703125,Fear,False,False,False,True,False,False,False,False,0.0014719647850866464,0.021054673820298988,0.05740936647914563,0.4251374803407263,0.010883512181441483,0.4250532653630511,0.0014723070482997786,0.05751742998195005
0.7421875,Fear,False,False,False,True,False,False,False,False,0.0010009798940295968,0.03834466325619275,0.014349999775371483,0.7856080362353176,0.001001003812889537,0.1062744270617758,0.014337306861172681,0.039083583103250503
0.78125,Disgust,False,False,True,False,False,False,False,False,0.002176880800210005,0.0059299443603698055,0.23070262390142696,0.23113525845140068,0.08470943974302728,0.21222808485262137,0.002176028881934835,0.23094173900900905
0.8203125,Disgust,False,False,True,False,False,False,False,False,0.0003981764719779143,0.0029448324218486976,0.3126149051909703,0.015519255925808698,0.3125674123492005,0.31258020358395544,0.0010826418555649495,0.04229257220067357
0.859375,Joy,False,False,False,False,False,True,False,False,0.005184768945391087,0.005187399269162277,0.2025970223399634,0.01409195738994856,0.20265325387200753,0.550991580589165,0.014110069540664929,0.005183948053697264
0.8984375,Amusement,True,False,False,False,False,False,False,False,0.3601898357618428,0.0012478908329146292,0.3603983623605732,0.009219483199622272,0.13259955543912982,0.13249410305522244,0.0004589167430120428,0.003391852607682782
0.9375,Tenderness,False,False,False,False,False,False,False,True,0.03685799340655661,0.004979438220520762,0.19438099060510414,0.004977697167146692,0.19436359585263702,0.03678860424683644,0.0006730322063325018,0.526978648294866
0.9765625,Inspiration,False,False,False,False,True,False,False,False,0.07510058712827257,0.014384299119917487,0.20515522216231044,0.038878534326942056,0.5579647577941256,0.10587287031718036,0.0007113107509736798,0.0019324184002778222
1.015625,Amusement,True,False,False,False,False,False,False,False,0.40333986551130663,0.003801140746587671,0.4032347753075935,0.02807523272691476,0.1484293184929771,0.010325188065216312,0.0013975786362782968,0.0013969005131258057
1.0546875,Amusement,True,False,False,False,False,False,False,False,0.4032910348039757,0.028150663023585234,0.4032608034753883,0.003801396971680395,0.14838016997554712,0.010321038813626218,0.0013980817827748489,0.001396811153422195
1.09375,Disgust,False,False,True,False,False,False,False,False,0.05317629107431797,0.1441402346326723,0.39314565273267243,0.003702694146614751,0.39299239615895337,0.010118738790786572,0.0013627146876392163,0.0013612777763432643
1.1328125,Inspiration,False,False,False,False,True,False,False,False,0.1948533872164895,0.03703293503033291,0.19475198594018242,0.0018350093882481904,0.5295926557466264,0.026340044154351577,0.013759490558690204,0.0018344919650788603
1.171875,Inspiration,False,False,False,False,True,False,False,False,0.0010018821955091674,0.05666201492170986,0.00740582308114116,0.002721785780482158,0.7858109682976515,0.10631629071038083,0.03908023491340784,0.0010010000997174582
1.2109375,Inspiration,False,False,False,False,True,False,False,False,0.00048028989051614,0.13863958142808902,0.05100810547740519,0.00355158812634109,0.3769242671928126,0.3771716696611415,0.05091891249122909,0.001305585732465318
1.25,Inspiration,False,False,False,False,True,False,False,False,0.0004923470463737297,0.05215250436554862,0.1422082425325184,0.026974639426674944,0.3865503593209278,0.3866439428226426,0.003639477970408235,0.0013384865149055638
1.2890625,Inspiration,False,False,False,False,True,False,False,False,0.00041157116100814633,0.016045916063503887,0.008271216735627397,0.0030414572411372833,0.32301736527821706,0.3231160052560525,0.3230548148455213,0.0030416534189324712
1.328125,Sadness,False,False,False,False,False,False,True,False,0.0008101506043020952,0.011562983508856615,0.08471927927883709,0.0002977479653547472,0.03157572589444688,0.23349392677885605,0.6353396368032935,0.002200549166052784
1.3671875,Sadness,False,False,False,False,False,False,True,False,0.000824524619916846,0.004304138562226851,0.016561438439415058,0.006090417548037261,0.2378176457865261,0.08746268672927308,0.6466360154621096,0.0003031328524950806
1.40625,Sadness,False,False,False,False,False,False,True,False,0.03150083448568916,0.0008147462390865479,0.006016821818202821,0.0008139605844486486,0.08643066439145333,0.234824907696508,0.6387836703869801,0.0008143943976313898
1.4453125,Amusement,True,False,False,False,False,False,False,False,0.6401645661299606,0.0008156506048684833,0.0316848960544087,0.0008152883719970795,0.00221662903817341,0.0865934137726079,0.23549229814340225,0.0022172578845814565
1.484375,Amusement,True,False,False,False,False,False,False,False,0.7645140205594542,0.019715135673076548,0.10345955410819246,0.002646336375335191,0.0026466432692878222,0.0026466107408631492,0.10339802977382204,0.0009736694999685605
1.5234375,Amusement,True,False,False,False,False,False,False,False,0.6721275272821906,0.00031501863741072395,0.03340839524612706,0.0008562058526586432,0.03335922187169592,0.0063292781514289135,0.24725316901705652,0.0063511839414315445
1.5625,Amusement,True,False,False,False,False,False,False,False,0.7066720549608552,0.0009006171733613205,0.09550508172405142,0.0009001291952866118,0.0024467561858702988,0.0024494389166583737,0.09560551687983937,0.09552040496407747
1.6015625,Amusement,True,False,False,False,False,False,False,False,0.6673805852216036,0.002312342811173499,0.24549359151177466,0.00031273841613923723,0.002311344816534364,0.0023111192008008837,0.033134698603736454,0.04674357941823734
1.640625,Amusement,True,False,False,False,False,False,False,False,0.431421318909246,0.011051931941619937,0.05823647616327526,0.004064944011752736,0.05833790634231533,0.004062812114988516,0.0014950606857875486,0.4313295498310147
1.6796875,Disgust,False,False,True,False,False,False,False,False,0.021906204209130524,0.007934692856814368,0.8425084355434302,0.0417276431248772,0.0010731923740388625,0.041905022795943964,0.0010751045637999513,0.04186970453196477
1.71875,Amusement,True,False,False,False,False,False,False,False,0.26394185653786856,0.2463706244853892,0.012975852026118246,0.09626536149262402,0.018372577802434335,0.09709171864480207,0.0009144932506288985,0.2640675157601347
1.7578125,Fear,False,False,False,True,False,False,False,False,0.11028782470028176,0.10994820452561488,0.11073794232435778,0.30290027570280176,0.021101333759559276,0.04094698770237755,0.001049740583968743,0.3030276907010382
1.796875,Fear,False,False,False,True,False,False,False,False,0.0013542764957313535,0.010038421141645272,0.010019415907162392,0.3909567739066395,0.05267714183359475,0.1435135144426656,0.0004980814203985822,0.3909423748521626
1.8359375,Fear,False,False,False,True,False,False,False,False,0.002789509442981393,0.03991608432700588,0.020650870069492643,0.8051532578991097,0.007589964511300216,0.014589794502439902,0.0003773671008255058,0.10893315214684475
1.875,Fear,False,False,False,True,False,False,False,False,0.014916653816220114,0.07854742698837025,0.014951523360797006,0.5822335563247967,0.016673569034228237,0.07791180503820229,0.0007417509484134573,0.214023714488972
1.9140625,Fear,False,False,False,True,False,False,False,False,0.0006257069420510693,0.06604626352796546,0.012613062508699846,0.491163803197201,0.18071767927560634,0.18071672291210839,0.001700903740643173,0.06641585789572473
1.953125,Joy,False,False,False,False,False,True,False,False,0.0008085496141276309,0.011567617994709343,0.23348581844911045,0.0858968685026322,0.0008089099402198972,0.6350329012330931,0.0008088912705316763,0.031590442995575674
1.9921875,Inspiration,False,False,False,False,True,False,False,False,0.0010029848538155297,0.039082906816464764,0.0074159503662591325,0.05522300778698267,0.7870067466247566,0.10653944878834028,0.00272610039688313,0.0010028543664979011
2.03125,Joy,False,False,False,False,False,True,False,False,0.013228668494637453,0.008813230302526924,0.0697591645667617,0.18966926717384272,0.18976265224124406,0.5149038860785633,0.0006571109620981697,0.013206020180325621
2.0703125,Fear,False,False,False,True,False,False,False,False,0.002400013645113803,0.006554158373468328,0.09371831493160943,0.25469153646092635,0.25470739672558673,0.13127924677126912,0.0023989421074381576,0.254250390984588
2.109375,Inspiration,False,False,False,False,True,False,False,False,0.010492018455704914,0.010507783194001882,0.15060817048879296,0.0014187993786908965,0.40971927046436235,0.4095390817484054,0.003857907326900501,0.0038569689431411334
2.1484375,Amusement,True,False,False,False,False,False,False,False,0.6478763058145152,0.00030370448627845226,0.23835534023674895,0.0008252636656902494,0.08770429671679573,0.016592738691698104,0.0060989422762566005,0.002243408112016922
2.1875,Disgust,False,False,True,False,False,False,False,False,0.24130266659881255,0.0061836273447806265,0.6560900991763663,0.0008356573135790396,0.08877149455413938,0.0022721304651164144,0.0022726024626606757,0.0022717220845450375
2.2265625,Disgust,False,False,True,False,False,False,False,False,0.03310261564690733,0.04670127593972464,0.6656623258264567,0.0003119797719605402,0.2448010156814003,0.00626791785516149,0.0008482504968747415,0.002304618781514352
2.265625,Amusement,True,False,False,False,False,False,False,False,0.3572052075415658,0.001238696484766141,0.3572522755060843,0.003362103503020755,0.1313870962032198,0.13133024813689545,0.017769411674875894,0.00045496094957184663
2.3046875,Amusement,True,False,False,False,False,False,False,False,0.39297375195526013,0.003702414793777255,0.14454921398658857,0.0013609575584017746,0.39306191706594107,0.05292776074631156,0.010063247021391745,0.0013607368723280336
2.34375,Disgust,False,False,True,False,False,False,False,False,0.14609096914506214,0.02811759470898428,0.397235987880425,0.0005062241874072018,0.3972932147799243,0.01976470531627642,0.007250438419188563,0.0037408655627319725
2.3828125,Amusement,True,False,False,False,False,False,False,False,0.25388387099345305,0.04826616137003451,0.2538761134420069,0.0008797200308290427,0.25388482550219343,0.0934500515530301,0.0933674193871203,0.002391837721332706
2.421875,Amusement,True,False,False,False,False,False,False,False,0.6996461163801423,0.0024260796225771377,0.09455472819909654,0.0003278463157368754,0.01278607814674355,0.09469167760752645,0.09467615728558117,0.0008913164425960741
2.4609375,Amusement,True,False,False,False,False,False,False,False,0.3769953290470059,0.0035584540010873125,0.13853032872142945,0.00048043393788312213,0.051021469838964786,0.05099677297588598,0.377110834474002,0.0013063770037415388
2.5,Sadness,False,False,False,False,False,False,True,False,0.19933129072004235,0.07131603354724295,0.07330218076608223,0.000690527833352705,0.03814935023679435,0.07325646969383899,0.5420766520378753,0.0018774951647711822
2.5390625,Sadness,False,False,False,False,False,False,True,False,0.16813824075810715,0.004309027417886969,0.1679785652911899,0.0005824700300634374,0.031853045341440914,0.16817490621620987,0.4573800489857895,0.0015836959593121787
2.578125,Amusement,True,False,False,False,False,False,False,False,0.6500533836265604,0.016702410326168194,0.08796848504082908,0.0008277685058178646,0.0008279801696651707,0.0022504649451817174,0.23911886077503974,0.00225064661073772
2.6171875,Amusement,True,False,False,False,False,False,False,False,0.6522501671776857,0.006152732648757024,0.08825448745224719,0.0008306474589250958,0.006152598807154958,0.006141449809465074,0.239912329190279,0.0003055874554861704
2.65625,Amusement,True,False,False,False,False,False,False,False,0.6738244617103487,0.000315864534725593,0.033484699359045564,0.0023333878249623867,0.03348071639871591,0.0023342016423581547,0.2478800436389424,0.0063466248909011804
2.6953125,Amusement,True,False,False,False,False,False,False,False,0.6943323419611801,0.00032567442220405603,0.006550094543403909,0.0008849997626798758,0.0065437108233343845,0.017906019857247518,0.2554308876282578,0.01802627100169242
2.734375,Amusement,True,False,False,False,False,False,False,False,0.6496089164436389,0.002251506454676913,0.08781335464777865,0.00030452433368407226,0.002250534225229943,0.0022503668561459733,0.23884617319969073,0.016674623839154707
2.7734375,Amusement,True,False,False,False,False,False,False,False,0.7272918710821958,0.0009269289379552896,0.03617543409437357,0.0025195922974565474,0.09838665958791128,0.0003409235119527379,0.09824307528582951,0.03611551520232497
2.8125,Amusement,True,False,False,False,False,False,False,False,0.7489238024102086,0.0009545600851071785,0.10119436368452574,0.0025975706230382876,0.007152766624602948,0.0009547954949867326,0.037122083268776994,0.10110005780875354
2.8515625,Amusement,True,False,False,False,False,False,False,False,0.7706235746537577,0.007270757584031132,0.1042848264566609,0.002672211963974187,0.0009820933550285045,0.007259111174737155,0.002673268340650149,0.10423415647116019
2.890625,Amusement,True,False,False,False,False,False,False,False,0.4514537367057853,0.004258647003473903,0.06086973663104572,0.011596722680035703,0.011584167836756934,0.00425673925599293,0.004267552111372683,0.4517126977755368
2.9296875,Amusement,True,False,False,False,False,False,False,False,0.3871328170679783,0.003648062603392447,0.02700964774264526,0.051080548223170465,0.14235052537287327,0.0004933119841199401,0.0013418003132744276,0.3869432866925459
2.96875,Tenderness,False,False,False,False,False,False,False,True,0.08334680754170662,0.22542816161017237,0.005814173185658585,0.030438612328967118,0.015871664433041277,0.015885149305941853,0.005820560292482748,0.6173948713020294
3.0078125,Anger,False,True,False,False,False,False,False,False,0.06116493762935621,0.3190664252486544,0.11727147867993772,0.11723379541233114,0.02221911109491966,0.042962843506748234,0.001105588894975592,0.3189758195330771
3.046875,Fear,False,False,False,True,False,False,False,False,0.0013394589781734404,0.027089975526048967,0.0036399324800390205,0.3864476979471381,0.05229514620350597,0.3865175772576532,0.0004924812333958212,0.14217773037404552
3.0859375,Fear,False,False,False,True,False,False,False,False,0.00045900709516308124,0.1323897951063429,0.0033948476629127888,0.3603473800996087,0.009367472927943387,0.360309157110623,0.0012478516821178645,0.13248448831528833
3.125,Joy,False,False,False,False,False,True,False,False,0.0017571291854865862,0.0684013398686562,0.03543530546029294,0.18665900213949205,0.18656013007790978,0.5075415895598774,0.0006463521619131401,0.012999151546371874
3.1640625,Fear,False,False,False,True,False,False,False,False,0.0013461544040760933,0.01512431054852407,0.05253521785517458,0.38871823734043215,0.1429952088578536,0.38877908240524156,0.0004951113116257171,0.01000667727707212
3.203125,Inspiration,False,False,False,False,True,False,False,False,0.00045528919904087905,0.003371588336548857,0.13149120418888272,0.01723455761614281,0.3573050241206579,0.3574430297557514,0.0012379936615243639,0.13146131312145104
3.2421875,Disgust,False,False,True,False,False,False,False,False,0.0006721717585944911,0.03702307921657974,0.5275971462715248,0.03672415590863848,0.19394466006153976,0.194101883532848,0.004969323331330278,0.004967579918944369
3.28125,Disgust,False,False,True,False,False,False,False,False,0.06862739109861324,0.0355365795627601,0.5073888854177061,0.18626424335422098,0.18678123921369164,0.0129955766165705,0.0006468648809431765,0.0017592198554942132
3.3203125,Disgust,False,False,True,False,False,False,False,False,0.010862477532677052,0.05569772994704329,0.422582900542227,0.08153475077770227,0.4224111217639902,0.0014644602016124979,0.0014637900598901848,0.003982769174857451
3.359375,Disgust,False,False,True,False,False,False,False,False,0.03249562063410291,0.00432858841916458,0.45909100952678517,0.004322949780997625,0.4591247115332465,0.031986641829108105,0.004324054880246656,0.00432642339634843
3.3984375,Amusement,True,False,False,False,False,False,False,False,0.6478383064880657,0.0008263226803211556,0.23832110510352592,0.00224372435626284,0.08769023692238449,0.006101032492331219,0.01667568061031513,0.0003035913467934697
3.4375,Amusement,True,False,False,False,False,False,False,False,0.656070554053324,0.002286457537681254,0.24130808252717267,0.0022725865338026263,0.08877611626594625,0.006177547672603163,0.0022730127144465514,0.0008356426950234176
3.4765625,Amusement,True,False,False,False,False,False,False,False,0.6380588664204955,0.03171675733869253,0.2346998756643127,0.00029902469720668513,0.08618327262230313,0.006018888161251739,0.0008138771499636359,0.002209437945774261
3.515625,Amusement,True,False,False,False,False,False,False,False,0.3986621219980695,0.027821726816884693,0.146709414607519,0.0005082878063724151,0.3989370516469388,0.019847551533780042,0.0037575314972545697,0.00375631409318106
3.5546875,Amusement,True,False,False,False,False,False,False,False,0.6469445750181542,0.0003031067780302643,0.23798564947251344,0.0008236897658489527,0.08753695520722574,0.016568244431865334,0.007598662837478052,0.002239116488884048
3.59375,Amusement,True,False,False,False,False,False,False,False,0.6379713740889138,0.0008124501501706706,0.23469371938528602,0.00029879163335393545,0.03172617554267189,0.006003292039620814,0.08628621423165363,0.0022079829283292397
3.6328125,Amusement,True,False,False,False,False,False,False,False,0.7271423917152829,0.000340702340989404,0.0983942284456225,0.0009258014828930573,0.03611515903505612,0.03616915286099123,0.09839567354158947,0.0025168905775753295
3.671875,Amusement,True,False,False,False,False,False,False,False,0.6379473447101734,0.0008123261682721502,0.08633273800498627,0.000298755924966293,0.0060032257258741985,0.0317353966820773,0.23466254308861345,0.002207669695036977
3.7109375,Amusement,True,False,False,False,False,False,False,False,0.6385694271624394,0.0008135729469712642,0.08630809624976608,0.000813187941741398,0.006025952140696735,0.03177370917384485,0.23488264568926404,0.0008134086952762428
3.75,Sadness,False,False,False,False,False,False,True,False,0.0061252520814347984,0.011726887312654297,0.006120735643567815,0.00030401693251384804,0.08772671827376381,0.2385712298532932,0.6485985766156289,0.0008265832871434404
3.7890625,Joy,False,False,False,False,False,True,False,False,0.03026040174415716,0.0038041849998417987,0.010322154674970534,0.0013946716297276154,0.14783246352241955,0.40232523352143174,0.4026649928561212,0.0013958970513304385
3.828125,Amusement,True,False,False,False,False,False,False,False,0.6394090543218395,0.0022156057231342134,0.08424362214580022,0.00029961986587098504,0.006021073778076929,0.031779366969147384,0.23521692107615574,0.0008147361199748523
3.8671875,Amusement,True,False,False,False,False,False,False,False,0.652273366808957,0.0061526980863952415,0.08824858213109531,0.0008309054801862529,0.006147312649221257,0.006142833420692953,0.23989852323562963,0.000305778187822479
3.90625,Inspiration,False,False,False,False,True,False,False,False,0.03985065438447238,0.0003756883775912007,0.02052657734611903,0.0010213439313500766,0.8016581485756537,0.007551268633514322,0.10842136128050574,0.020594957470793516
3.9453125,Inspiration,False,False,False,False,True,False,False,False,0.0036491497942514176,0.000493090587413928,0.1413742460233888,0.0013411024724759295,0.38704448671155245,0.026953649912296998,0.05219293259091442,0.3869513419077062
3.984375,Sadness,False,False,False,False,False,False,True,False,0.017719695527941278,0.0022718366464637117,0.08866370133588186,0.006185118861439802,0.12421876752684964,0.016785338574741772,0.6554912238195801,0.08866431770710173
4.0234375,Inspiration,False,False,False,False,True,False,False,False,0.037216487515427825,0.0009545857588631423,0.0026032191635347967,0.007064817350221008,0.7490177755765698,0.0009543165121878093,0.10097950970233296,0.10120928842086263
4.0625,Tenderness,False,False,False,False,False,False,False,True,0.18731677032242192,0.004800992824950475,0.036231499031870174,0.06889476371391726,0.18753504734308699,0.0006496894687599295,0.0048031644187697085,0.5097680728762235
4.1015625,Amusement,True,False,False,False,False,False,False,False,0.4094916757313069,0.010502283694233179,0.15064890615943735,0.0038895012046783455,0.0014193153075670647,0.003858489368575774,0.010504346390411467,0.4096854821437899
4.140625,Amusement,True,False,False,False,False,False,False,False,0.2801032685262583,0.019537714095689555,0.09924545475324924,0.2803423415231073,0.01954588878369518,0.019768189123387334,0.0009715177519261122,0.280485625442687
4.1796875,Fear,False,False,False,True,False,False,False,False,0.003996235920723083,0.03004881044589203,0.0014697390557066698,0.42412596959139465,0.05732784570386572,0.057333097340318516,0.0014693321500809065,0.42422896979201846
4.21875,Fear,False,False,False,True,False,False,False,False,0.001447636543685345,0.05654465564757166,0.01998410078168553,0.4179449752905208,0.029097165202200407,0.41791120379772406,0.0005325566846351983,0.056537706051976847
4.2578125,Fear,False,False,False,True,False,False,False,False,0.0040698378416000325,0.03018140401560709,0.021239322043889765,0.431942831504854,0.021462021948846274,0.4322099780856141,0.0005504141329810944,0.05834419042660759
4.296875,Joy,False,False,False,False,False,True,False,False,0.0015378582990463725,0.05999930894378455,0.004182322740380452,0.16306740054447413,0.16333135549590302,0.444133668086496,0.0005656014668274886,0.163182484423088
4.3359375,Fear,False,False,False,True,False,False,False,False,0.0004976920812754327,0.05274805867496186,0.010018007938536959,0.39067598225441297,0.010320711015415339,0.14370625646978227,0.0013533978108431954,0.3906798937547719
4.375,Joy,False,False,False,False,False,True,False,False,0.0005662059953459732,0.060034783775565634,0.004190473736454621,0.16328223441363968,0.16303973653739764,0.4441120433839268,0.001538749690760422,0.1632357724669092
4.4140625,Inspiration,False,False,False,False,True,False,False,False,0.001079510822274178,0.04185736343800207,0.002929501489018299,0.04204850930236334,0.8454529598143041,0.021665128928687348,0.002927884277897542,0.042039141927453144
4.453125,Inspiration,False,False,False,False,True,False,False,False,0.000481205492449888,0.0035749291860755488,0.0505425374252335,0.05104452259911165,0.37751462147840714,0.13788768752381272,0.0013080404420987687,0.377646455852811
4.4921875,Inspiration,False,False,False,False,True,False,False,False,0.001871720245263919,0.005090887493031328,0.037703023157004766,0.005085489605750034,0.5402127825424607,0.19866807352197172,0.013829056668408564,0.1975389667661091
4.53125,Amusement,True,False,False,False,False,False,False,False,0.4026155267540359,0.003792125478500411,0.40273724065556626,0.003790766457235677,0.1481855450977094,0.028057855933205016,0.0005130566106307382,0.01030788301311645
4.5703125,Amusement,True,False,False,False,False,False,False,False,0.40718724405062956,0.010437591731415029,0.40730683845585475,0.0104329955692933,0.1498521493144558,0.010426510676448375,0.0005189387857413117,0.003837731416161973
4.609375,Amusement,True,False,False,False,False,False,False,False,0.4023267220023716,0.028609234817654056,0.40260288429071245,0.0037951665000414163,0.14805718966789258,0.010304280948315144,0.0005130085442870231,0.00379151322872569
4.6484375,Disgust,False,False,True,False,False,False,False,False,0.1482632827661814,0.028174885218030247,0.4032638036713757,0.001396722884026295,0.40331134291648957,0.003796737530099586,0.010396636327017443,0.0013965886867796729
4.6875,Amusement,True,False,False,False,False,False,False,False,0.6485033742692886,0.0008263213835898695,0.2385539491369809,0.0008259069786708375,0.08775957129496284,0.01659692042789026,0.00610807440360083,0.0008258821050157938
4.7265625,Disgust,False,False,True,False,False,False,False,False,0.23500449808023324,0.000815035497620747,0.6388261994738201,0.0008137143819163162,0.08642939827309407,0.03124830243233595,0.00604911810411794,0.0008137337568613563
4.765625,Amusement,True,False,False,False,False,False,False,False,0.22578936415014858,0.07804632278224936,0.22556581540199666,0.0007820478597352157,0.22574661907524357,0.225811992576888,0.016131648279354406,0.0021261898743839803
4.8046875,Amusement,True,False,False,False,False,False,False,False,0.7278913961402559,0.0009278728944285191,0.098443839897158,0.0009270277272651162,0.03621486387946893,0.09849547472951026,0.036172448563231596,0.0009270761686817075
4.84375,Amusement,True,False,False,False,False,False,False,False,0.738755970079365,0.0009419163559918995,0.09997007059424,0.0009407688205480407,0.006965506589796686,0.05156084041533562,0.0999241469068837,0.0009407802378389764
4.8828125,Amusement,True,False,False,False,False,False,False,False,0.48196170009216965,0.004542559532653207,0.09134922495345417,0.0006140652789698711,0.06519841808656039,0.1773209761030867,0.1773433349166135,0.0016697210364924203
4.921875,Joy,False,False,False,False,False,True,False,False,0.23854647091284586,0.0008261867808908171,0.01660688939533346,0.0008257983007571172,0.006109408025061183,0.6485011716506203,0.08775808424182154,0.0008259906926695928
4.9609375,Amusement,True,False,False,False,False,False,False,False,0.7058879459854562,0.002444334089010775,0.09544206248541728,0.0003306479079602154,0.0024441952498959318,0.0955016126263225,0.09550570309600344,0.002443498559933728
5.0,Amusement,True,False,False,False,False,False,False,False,0.7272092136300841,0.002519189303117602,0.03615323330261765,0.0003406846024693668,0.03610131927414987,0.09836875006651617,0.09838134475963606,0.0009262650614091724
5.0390625,Amusement,True,False,False,False,False,False,False,False,0.6544870986524154,0.0022696730261039795,0.08850202269177995,0.000833545249023805,0.006161189652306232,0.0061673971938163204,0.2407453034241295,0.0008337701104249816
5.078125,Amusement,True,False,False,False,False,False,False,False,0.6500451744280832,0.0008281564644347451,0.016736102068244153,0.0008278909557708898,0.0022514200549098935,0.08793317489825847,0.23912515753697078,0.002252923593327942
5.1171875,Amusement,True,False,False,False,False,False,False,False,0.6561209535522293,0.0022730975210974815,0.24135128097045175,0.0008355876918871491,0.002271469993489387,0.00617506152360461,0.08870088859113674,0.0022716601561034344
5.15625,Amusement,True,False,False,False,False,False,False,False,0.7276055433033646,0.00034105037546544684,0.03591991340665365,0.0009270337958360523,0.09839244928460025,0.0025209431576346036,0.09834063899476393,0.03595242768168142
5.1953125,Amusement,True,False,False,False,False,False,False,False,0.82103934727928,0.0010467269875410184,0.007740243378843247,0.0028483812085517523,0.007790184948467753,0.007783707024210843,0.04069841913357596,0.11105299003952951
5.234375,Amusement,True,False,False,False,False,False,False,False,0.7683731865892816,0.007240717451384192,0.10395893405119863,0.0072423058304238,0.000979190801455334,0.00097935126600004,0.007265293561078746,0.1039610204491776
5.2734375,Tenderness,False,False,False,False,False,False,False,True,0.07772501272949728,0.014861998211957756,0.07802349075204933,0.02878293617054966,0.21309520456806808,0.005462877781815065,0.002010572409747496,0.5800379073763153
5.3125,Fear,False,False,False,True,False,False,False,False,0.02700873024174501,0.0036470661907273307,0.1416274292916674,0.38637944441831945,0.05231811117384249,0.0013417185174541461,0.0004935827971632634,0.38718391736908087
5.3515625,Tenderness,False,False,False,False,False,False,False,True,0.1948799965158328,0.19484515471071792,0.02632099656409469,0.025618857086888314,0.013583919224466341,0.013604368431972573,0.0006761210934729081,0.5304705863725545
5.390625,Anger,False,True,False,False,False,False,False,False,0.11147285270007465,0.29941842196185026,0.11138058702231178,0.11126501520639535,0.021210013477909417,0.03993192716605141,0.0010537642041502132,0.30426741826125686
5.4296875,Fear,False,False,False,True,False,False,False,False,0.001339488432862127,0.02713011577995121,0.003641141895317117,0.3864310161698949,0.05227216434029033,0.3865254866847684,0.0004925363449349807,0.14216805035198085
5.46875,Fear,False,False,False,True,False,False,False,False,0.0013536702592137164,0.1437232745623583,0.01001116440721411,0.39089812918287975,0.010016236925030165,0.39070628189704376,0.0004979902302627483,0.0527932525359974
5.5078125,Fear,False,False,False,True,False,False,False,False,0.010008382664019657,0.05262971446310412,0.001353875596905255,0.3908994484709655,0.01015269755937921,0.39081440929607714,0.0004980474351991771,0.14364342451434992
5.546875,Fear,False,False,False,True,False,False,False,False,0.001339782061159105,0.14214148624864728,0.003643306885172512,0.38655834770173714,0.05229028936613196,0.38638173632553835,0.000492551363989403,0.027152500047624237
5.5859375,Tenderness,False,False,False,False,False,False,False,True,0.0003050215346915681,0.00625186482072783,0.2392776025020702,0.08803180280046453,0.0022564141938024723,0.011428248259600642,0.0022543407507236695,0.6501947051379192
5.625,Disgust,False,False,True,False,False,False,False,False,0.0005259289353195872,0.05554752774811836,0.41242931731807797,0.0557812311869105,0.4121326702922892,0.05579507278397684,0.0038869003691506003,0.0039013513661569736
5.6640625,Disgust,False,False,True,False,False,False,False,False,0.001400097023823371,0.028230517732143495,0.4031532607799119,0.14823816337679666,0.4034394298426016,0.01033795681791874,0.001397275241670967,0.003803299185133278
5.703125,Inspiration,False,False,False,False,True,False,False,False,0.004772605695941361,0.013658152034109906,0.18626476960248148,0.09964612530435278,0.5062368501192971,0.0017552439923640294,0.001753797761769106,0.18591245548968433
5.7421875,Disgust,False,False,True,False,False,False,False,False,0.004331106022683446,0.004337705227003935,0.4591369601964803,0.004325094001761142,0.45910362914316216,0.03205970898633639,0.004325801923228,0.0323799944993446
5.78125,Amusement,True,False,False,False,False,False,False,False,0.6560328674749683,0.0061893677317075135,0.24131365128553087,0.0008357842665650501,0.08880987799453442,0.002272522223667368,0.002273712363848358,0.0022722166591781184
5.8203125,Amusement,True,False,False,False,False,False,False,False,0.6500356105944741,0.002252389772532957,0.23916658613233588,0.0008282065525692233,0.08799920770765267,0.01663719369989397,0.0008283178844592781,0.0022524876560819232
5.859375,Disgust,False,False,True,False,False,False,False,False,0.17228317863942913,0.17209955651664113,0.4685055642780254,0.0016227697178281895,0.17225046942410657,0.0044109215639119796,0.004416751045612348,0.004410788814445211
5.8984375,Inspiration,False,False,False,False,True,False,False,False,0.20002058672398484,0.013967875118594916,0.2000083204442845,0.005121511281007765,0.5439068731314728,0.02672537959962649,0.005128645745661673,0.00512080795536705
5.9375,Inspiration,False,False,False,False,True,False,False,False,0.17142512953283937,0.011951972997072917,0.1715910053691865,0.0016158832708454557,0.46652937004265826,0.004394022484711404,0.1708769708612289,0.0016156454414570673
5.9765625,Disgust,False,False,True,False,False,False,False,False,0.05100158122738416,0.13838772717163228,0.37723413885250884,0.00048059291171715664,0.37705097942605453,0.003555756834254284,0.05098294635222529,0.0013062772242233118
6.015625,Disgust,False,False,True,False,False,False,False,False,0.07312644524426097,0.03811997043509868,0.5404526352743187,0.0006900813149596995,0.19921018039491983,0.07326506088172607,0.07325945590229893,0.0018761705524169689
6.0546875,Joy,False,False,False,False,False,True,False,False,0.09990534268913874,0.0025683700930081987,0.01898967056097965,0.0003468401037616896,0.03682219880743357,0.7402529266308082,0.10017160397343369,0.0009430471414362887
6.09375,Amusement,True,False,False,False,False,False,False,False,0.6379655725891962,0.002218001766517719,0.08622169224247836,0.0002990324796169477,0.006025858937788743,0.031742947475121075,0.23471393184352132,0.0008129626657597485
6.1328125,Joy,False,False,False,False,False,True,False,False,0.03710385474300903,0.007052775745010348,0.002589845243507922,0.00035042248061534535,0.1012027881427425,0.7479072670365594,0.10120061886575174,0.0025924277428037265
6.171875,Joy,False,False,False,False,False,True,False,False,0.14795634592919765,0.003796506764061946,0.010310722272362292,0.0005128786834949092,0.028297186432145172,0.40265973100831215,0.40267446455707145,0.0037921643533543477
6.2109375,Amusement,True,False,False,False,False,False,False,False,0.6395197146173094,0.002215949156427003,0.08648203529155986,0.0002996108424678595,0.0022143340855800345,0.031824653429933715,0.2352293220775502,0.0022143804991720303
6.25,Amusement,True,False,False,False,False,False,False,False,0.6500389307355001,0.0008289330832169977,0.08790659398850548,0.0008282077499845565,0.0022546209807525015,0.016743819832548263,0.2391465023174773,0.002252391312014709
6.2890625,Amusement,True,False,False,False,False,False,False,False,0.6538972913776361,0.0003064712894964623,0.08842665042687975,0.002264085136770383,0.006161527680321382,0.006161051218085563,0.24051808870727992,0.0022648341635305978
6.328125,Amusement,True,False,False,False,False,False,False,False,0.6682121517942773,0.0008513499631859132,0.01726127541213517,0.0003131077907963522,0.0023133016572963886,0.24573624403300434,0.03325230165903812,0.03206026769026646
6.3671875,Amusement,True,False,False,False,False,False,False,False,0.740419360629088,0.0003472009159094133,0.09988264226666083,0.018994319926047703,0.0009438221949585955,0.002566771445595392,0.03682337890714528,0.10002250371459474
6.40625,Inspiration,False,False,False,False,True,False,False,False,0.020572336558981743,0.000970472147968528,0.00717808125028618,0.0026392996840973737,0.7616444064821118,0.0009700720785495033,0.10300524683117802,0.10302008496682681
6.4453125,Amusement,True,False,False,False,False,False,False,False,0.39061975438642427,0.000498088393599828,0.01001615893972365,0.052849197925569226,0.39091440896341023,0.001353579308752558,0.010020696688933853,0.14372811539358646
6.484375,Amusement,True,False,False,False,False,False,False,False,0.8210222116826025,0.0028434232052039865,0.1110240241980382,0.007728870458277938,0.007729746427082511,0.04084443696437729,0.0010456148740541414,0.007761672190363359
6.5234375,Amusement,True,False,False,False,False,False,False,False,0.5955345580361333,0.04142752840292125,0.21909670499866607,0.005604195371602029,0.041752562273313545,0.08058288483554717,0.0007583241202906682,0.015243241961526032
6.5625,Disgust,False,False,True,False,False,False,False,False,0.004066023770350927,0.004065171706191434,0.4319092589027028,0.0014952716892426686,0.0583579999817304,0.43201960750055146,0.011059744115019124,0.057026922334211194
6.6015625,Joy,False,False,False,False,False,True,False,False,0.015999669066887184,0.016005136791575333,0.23009330937181208,0.005884119358217805,0.08453595824548683,0.6255348912227333,0.0058845919114910985,0.016062324031796443
6.640625,Disgust,False,False,True,False,False,False,False,False,0.0225910962572954,0.016095310782775273,0.8822846249819468,0.022619621192887816,0.008305906541699184,0.043925948598117416,0.0011233124944828353,0.0030541791507952666
6.6796875,Inspiration,False,False,False,False,True,False,False,False,0.0015300997705885453,0.05948523332009854,0.03098334931119429,0.011312120449887284,0.4419062704467597,0.44192979327421866,0.001529762999538142,0.011323370427714868
6.71875,Fear,False,False,False,True,False,False,False,False,0.0013056715735126334,0.051011533288493775,0.05076187519306049,0.3771214964214032,0.0004805422641239295,0.3770965810561471,0.0035511654554440395,0.1386711347478148
6.7578125,Fear,False,False,False,True,False,False,False,False,0.005799989591518548,0.08317487930569115,0.005809622100093335,0.2264596573600923,0.2259517413322376,0.2263194371074365,0.0007844550251370778,0.2257002181777935
