time_sec,pred_label,Amusement,Anger,Disgust,Fear,Inspiration,Joy,Sadness,Tenderness,prob_Amusement,prob_Anger,prob_Disgust,prob_Fear,prob_Inspiration,prob_Joy,prob_Sadness,prob_Tenderness
0.0390625,Inspiration,False,False,False,False,True,False,False,False,0.0027622767055692013,0.007508228192615989,0.0027620957891271313,0.0010161053426013288,0.7984059472173596,0.10804949655508435,0.0397485113814549,0.03974733881618755
0.078125,Inspiration,False,False,False,False,True,False,False,False,0.0008725287102722053,0.006447473498975968,0.25220614111861156,0.0008725171927221891,0.6855725253941574,0.03413019803841274,0.01752672966755121,0.0023718863792969434
0.1171875,Inspiration,False,False,False,False,True,False,False,False,0.0023948395086111495,0.006509905589704626,0.25465926488694873,0.0008809926132066381,0.6922363266875252,0.006509846566004082,0.002394844491300964,0.034413979656698616
0.15625,Disgust,False,False,True,False,False,False,False,False,0.010959896758964242,0.010959766382468138,0.42873708316066755,0.0005456390801774628,0.4287319624855953,0.05801867210148755,0.0040317918273376635,0.05801518820330215
0.1953125,Disgust,False,False,True,False,False,False,False,False,0.02073903027895991,0.007624452702234756,0.81074505848366,0.0003795790442934853,0.04036407734164357,0.10971823658210403,0.0028047542880678725,0.00762481127903635
0.234375,Disgust,False,False,True,False,False,False,False,False,0.03935036520604744,0.001005933253674142,0.7904031876002943,0.0010059107154866654,0.039350828253287715,0.10593855887708589,0.002734365158631538,0.02021085093549229
0.2734375,Disgust,False,False,True,False,False,False,False,False,0.033574490883860865,0.0008582761971371235,0.6743835073586475,0.0008582549139338367,0.03357466397472879,0.24807570535988863,0.0023329939720641343,0.006342107339739215
0.3125,Disgust,False,False,True,False,False,False,False,False,0.08633186122690954,0.0008118711777012845,0.637923482456845,0.0002986635376920918,0.031756318448686996,0.2346711188405714,0.002206865399994275,0.005999818911599431
0.3515625,Disgust,False,False,True,False,False,False,False,False,0.08718320567247188,0.0003016104759960482,0.6442095108424017,0.0008198517357382545,0.016475789325169507,0.23698389933459496,0.0022286027799982623,0.01179752983362909
0.390625,Disgust,False,False,True,False,False,False,False,False,0.23467570110217514,0.0002986664445510436,0.6379215001169524,0.0008118477581398488,0.03175890919419622,0.08632754888453643,0.002206847027120309,0.005998979472328575
0.4296875,Disgust,False,False,True,False,False,False,False,False,0.033806423801831395,0.006385528519362674,0.6790327081559034,0.000317909726709698,0.017365841383627484,0.24979227444510768,0.0008641744045697295,0.01243513956288789
0.46875,Disgust,False,False,True,False,False,False,False,False,0.08718334667653804,0.00030161234329918025,0.6442132836458473,0.0008198559351817015,0.016470481344065164,0.23698809149926822,0.002228620652063698,0.011794707903736656
0.5078125,Disgust,False,False,True,False,False,False,False,False,0.23835876943872739,0.0003033551922490383,0.6479355663422751,0.0008245937415772482,0.01656687111758166,0.0876758772555006,0.0022414949864804886,0.006093471925608588
0.546875,Disgust,False,False,True,False,False,False,False,False,0.011836760045884671,0.002236000354009245,0.6463287633726922,0.00030259991254935387,0.011836461921517289,0.08746823451698485,0.0022359467685242203,0.23775523310783828
0.5859375,Disgust,False,False,True,False,False,False,False,False,0.011914045724923097,0.0022509752322228283,0.6506522935789136,0.0008280565992546966,0.006118805910343605,0.239355894316024,0.0008280736222059665,0.08805185501611218
0.625,Disgust,False,False,True,False,False,False,False,False,0.03726825928170218,0.002589828578666888,0.7485927397457862,0.0009527054953810868,0.007040075866894371,0.10129835846897137,0.0009527282979137048,0.10130530426468418
0.6640625,Disgust,False,False,True,False,False,False,False,False,0.0061568240892904,0.0022643024961244915,0.6544671953185022,0.0008329302704410222,0.006155029333992514,0.24076056188452521,0.0008329591507795054,0.08853019745634463
0.703125,Disgust,False,False,True,False,False,False,False,False,0.006448465424702002,0.002371985377895545,0.6855420518341647,0.00032097028606770296,0.006447208164823974,0.2521931395645803,0.012552996580812523,0.03412318276695322
0.7421875,Disgust,False,False,True,False,False,False,False,False,0.010379888610401285,0.010375170479206159,0.4057696308120556,0.0005164792469002574,0.010492126238424394,0.4057709560674072,0.007415844737870203,0.14927990380773495
0.78125,Disgust,False,False,True,False,False,False,False,False,0.005797705317367729,0.015760956439788986,0.6162771571127555,0.005796507484085167,0.08339375496951759,0.2267099741263357,0.030504012151036045,0.015759932399113167
0.8203125,Inspiration,False,False,False,False,True,False,False,False,0.006115129811938883,0.002249985829231929,0.0022493615655095524,0.0003043982556841894,0.6500856693296019,0.23914754489724888,0.08794824172205677,0.01189966858872791
0.859375,Inspiration,False,False,False,False,True,False,False,False,0.002648693984454801,0.002648393510121444,0.10358016948789128,0.0009742437754356422,0.7654002732657759,0.10357447661357351,0.007201649450373134,0.013972099912374344
0.8984375,Disgust,False,False,True,False,False,False,False,False,0.011372758504530168,0.011369256502627224,0.4447090560929063,0.0015386301297675882,0.44470720743705444,0.02197149324778312,0.004182515182796392,0.06014908290253467
0.9375,Inspiration,False,False,False,False,True,False,False,False,0.012288873174414032,0.00642000392488473,0.2511255303659565,0.00031961954501482986,0.6826285961133606,0.010993224447813138,0.002361766693212632,0.03386238573534357
0.9765625,Disgust,False,False,True,False,False,False,False,False,0.14430588417883053,0.0036900648933604154,0.39237872552593944,0.0004993882787552049,0.3923745991113857,0.010033052263111285,0.0036901177444264937,0.05302816800419094
1.015625,Disgust,False,False,True,False,False,False,False,False,0.07753075939487222,0.014657045009156834,0.5733604424923938,0.0007297204643152196,0.21092205362472735,0.03986050211575864,0.005391968203739512,0.07754750869503649
1.0546875,Inspiration,False,False,False,False,True,False,False,False,0.03292326218221223,0.002332430719628337,0.2480209327656405,0.00031565434214728024,0.6741831795177248,0.006340764759523815,0.0023324225809910216,0.033551353132131916
1.09375,Inspiration,False,False,False,False,True,False,False,False,0.01751714208231909,0.0023695402342175957,0.2519693684346104,0.0003206792418308238,0.6849154849633681,0.006441326694892018,0.0023695555891803935,0.034096902759581736
1.1328125,Disgust,False,False,True,False,False,False,False,False,0.021628473048866458,0.004131177541535454,0.4392966183873577,0.0015197464181952662,0.4392863934707694,0.030561343167487025,0.004131111411667782,0.05944513655412082
1.171875,Disgust,False,False,True,False,False,False,False,False,0.041231227594810085,0.002865465448569684,0.8282792280633601,0.0010541217063177123,0.041236293958478144,0.04123317901840435,0.0028654109687201008,0.04123507324133987
1.2109375,Disgust,False,False,True,False,False,False,False,False,0.013227259761250873,0.013225348467195381,0.51736536103892,0.0006584319652942424,0.19032332142364938,0.07001589745585418,0.004865212991153485,0.1903191668966825
1.25,Disgust,False,False,True,False,False,False,False,False,0.014446106400922448,0.007425095446672635,0.7895604815986469,0.00036966090137913383,0.03930850849176205,0.03930905360438534,0.0027314623141349668,0.10684963124209657
1.2890625,Disgust,False,False,True,False,False,False,False,False,0.01451070249221145,0.0027426549059811163,0.7927762340548531,0.001008934976746219,0.03946837119152321,0.03946916149582918,0.002742588280327762,0.10728135260252802
1.328125,Disgust,False,False,True,False,False,False,False,False,0.007479611997262759,0.007477593868987163,0.7951415587330377,0.0003722737861339463,0.039586396773312764,0.03958652576470217,0.002750769713925869,0.10760526936263753
1.3671875,Disgust,False,False,True,False,False,False,False,False,0.007477789152835452,0.007477864453585965,0.7951430500053551,0.0003722762583724758,0.03958661299839464,0.03958641249094682,0.0027507995425236375,0.10760519509798593
1.40625,Disgust,False,False,True,False,False,False,False,False,0.007478344185645953,0.00747784329801018,0.7951533140142504,0.00037228129662319613,0.03958699509162044,0.039586694792139054,0.0027508450191881762,0.10759368230252267
1.4453125,Disgust,False,False,True,False,False,False,False,False,0.007478095434049264,0.007477808570512405,0.7951479294603427,0.00037227885169973323,0.039586452913635786,0.039586600317240504,0.002750815217567153,0.10760001923495227
1.484375,Disgust,False,False,True,False,False,False,False,False,0.002587186135343214,0.007033253224726467,0.7478166437007555,0.00035012059660751127,0.1012037543260069,0.037228035412514966,0.0025870990922202586,0.10119390751182515
1.5234375,Disgust,False,False,True,False,False,False,False,False,0.002721079398552249,0.007397026053469228,0.7865093604170484,0.000368236484873678,0.10644075640183814,0.039155466706213504,0.002720983525795034,0.054687091012209726
1.5625,Disgust,False,False,True,False,False,False,False,False,0.007892048006876673,0.007890988324873291,0.8390531246583927,0.0003928358578013262,0.04177262909575615,0.041770305495261166,0.0029027460304342583,0.058325322530604365
1.6015625,Disgust,False,False,True,False,False,False,False,False,0.020730086169367855,0.0076249598760453835,0.8107565496416246,0.0003795881321620097,0.04036437358359038,0.10971411196565037,0.002804851043319718,0.0076254795882396455
1.640625,Disgust,False,False,True,False,False,False,False,False,0.021965593646016628,0.008079688148022011,0.8590794560154473,0.00040221354000340354,0.042769676097055724,0.04276737499322256,0.002972054589711033,0.021963942970521365
1.6796875,Disgust,False,False,True,False,False,False,False,False,0.03957823960625408,0.00747850940978399,0.7951480565639885,0.00037228224281821664,0.03958588495277059,0.10760825330016142,0.0027509026534583017,0.007477871270764948
1.71875,Disgust,False,False,True,False,False,False,False,False,0.03958425417251187,0.007477904701297052,0.7951454899271959,0.00037228107791837083,0.03958645535946317,0.10760459068061602,0.0027508633651546132,0.007478160715843031
1.7578125,Disgust,False,False,True,False,False,False,False,False,0.03957960960941668,0.007478598018430304,0.7951567763797921,0.00037228790909829876,0.039586503324108194,0.10759707641474898,0.0027509201301329973,0.007478228214272455
1.796875,Disgust,False,False,True,False,False,False,False,False,0.03956437573310309,0.00748000642969773,0.7951634789113059,0.00037229658948570487,0.03958736632960829,0.10760317407290214,0.0027510631729008796,0.007478238760996363
1.8359375,Disgust,False,False,True,False,False,False,False,False,0.03958431623369252,0.007478170908615288,0.7951542278763123,0.0003722911969684438,0.03958487353148318,0.10759668863680838,0.0027509896121264096,0.0074784420039934844
1.875,Disgust,False,False,True,False,False,False,False,False,0.03974998741705408,0.002762455934020838,0.798443217178221,0.0010161788645036067,0.03974648815396411,0.10801006836266293,0.0027623415851113836,0.00750926250446214
1.9140625,Disgust,False,False,True,False,False,False,False,False,0.03722932887667081,0.0025875012898125055,0.7478328240863042,0.000350137925462584,0.10120402115966148,0.10117563950811004,0.002587307860984501,0.007033239292993713
1.953125,Disgust,False,False,True,False,False,False,False,False,0.03354509288916609,0.00233133320749854,0.6738104599719923,0.00031548276920402866,0.033538178237047064,0.2477909547108659,0.002331288936504106,0.006337209277721901
1.9921875,Disgust,False,False,True,False,False,False,False,False,0.23467880235053454,0.0002987142190383629,0.6379514827904436,0.0008119429814116455,0.031747629553485424,0.08630295723196935,0.0022071687521851456,0.006001302120931903
2.03125,Disgust,False,False,True,False,False,False,False,False,0.10641112806230954,0.002720655157658636,0.7863174359512848,0.0003681631073153416,0.03913979146285755,0.05492606788141831,0.002720456458527552,0.007396301918628233
2.0703125,Disgust,False,False,True,False,False,False,False,False,0.2495935970361244,0.0003177164126248629,0.6785005415825031,0.0008635619745822593,0.03367339586085013,0.01735447454650636,0.0023476040945218444,0.017349108492287133
2.109375,Disgust,False,False,True,False,False,False,False,False,0.23835739941977338,0.0003034216740849398,0.6479628818658143,0.0008247457185982539,0.006106364362143653,0.016595216406040326,0.002242063512879129,0.08760790704066604
2.1484375,Disgust,False,False,True,False,False,False,False,False,0.25146567080395077,0.000870178108344978,0.6835971403445805,0.0008700976892592882,0.006433136944902862,0.0064321375096222395,0.0023652277391039552,0.04796641086023541
2.1875,Disgust,False,False,True,False,False,False,False,False,0.23718818745893036,0.0008208728514923176,0.6448306771459301,0.0008207733998267811,0.011794876418004491,0.016500772132027174,0.0008207875237182045,0.08722305307007047
2.2265625,Amusement,True,False,False,False,False,False,False,False,0.3960704394149373,0.0005044036989150909,0.3962088277314033,0.0013710322484188004,0.02874074497779864,0.02765893161024693,0.0037274741797209006,0.145718146138559
2.265625,Disgust,False,False,True,False,False,False,False,False,0.08855796271687436,0.000833214130923865,0.654428090920994,0.0008332033478606619,0.006159673071832379,0.006207566919994805,0.0022647481917555377,0.2407155406997644
2.3046875,Disgust,False,False,True,False,False,False,False,False,0.088061434883601,0.002253111071309638,0.6508544995085126,0.0008286926955118066,0.006137245242373116,0.011652576749677434,0.0008286163881993928,0.23938382346081513
2.34375,Disgust,False,False,True,False,False,False,False,False,0.010360222843471736,0.010325178980031846,0.4031118030358873,0.0037987157149896897,0.14835790908880908,0.02007955052738333,0.0005137821945044756,0.40345283761492257
2.3828125,Tenderness,False,False,False,False,False,False,False,True,0.0020038574327885346,0.04069309437223669,0.01517472645831563,0.04032410634116814,0.10945066226780986,0.21288919864679043,0.0007369642396561117,0.5787273902412345
2.421875,Joy,False,False,False,False,False,True,False,False,0.014706675577486266,0.21047994417795002,0.07757260123179859,0.005399986814690982,0.03991769871527283,0.5735787081080309,0.0007303875533491295,0.07761399782142132
2.4609375,Joy,False,False,False,False,False,True,False,False,0.0013881575744835847,0.028127086670723354,0.010354491262690784,0.01026192010427553,0.1474230884274531,0.40098560794460625,0.0005106019970206996,0.4009490460187466
2.5,Tenderness,False,False,False,False,False,False,False,True,0.0016140780545298025,0.1713825329607093,0.01193342298965048,0.17140399263295106,0.004390069994202621,0.17150159775652532,0.001614600583088104,0.4661597050283433
2.5390625,Joy,False,False,False,False,False,True,False,False,0.013498418865802414,0.007327158891233366,0.000943955183288744,0.10018170762022596,0.036827846281499876,0.7407444298138005,0.00034725456269532953,0.10012922878145375
2.578125,Inspiration,False,False,False,False,True,False,False,False,0.037821701943183704,0.005102196629320177,0.0050823922791599,0.19840995003410175,0.5396222966732582,0.013833014614140653,0.001869297087203764,0.19825915073963185
2.6171875,Inspiration,False,False,False,False,True,False,False,False,0.0006151658216358219,0.004554413122968517,0.06525336331607659,0.17718865826330202,0.48214322655304886,0.09149448269367744,0.0016707222685193401,0.1770799679607714
2.65625,Disgust,False,False,True,False,False,False,False,False,0.09280639618462108,0.0065420881681741,0.2549902929627628,0.2541736723510627,0.25499824172707186,0.13168364204896185,0.0024030471322268082,0.0024026194251188728
2.6953125,Amusement,True,False,False,False,False,False,False,False,0.6500237587613824,0.002253826129340835,0.08793629812375074,0.01668786689299401,0.23919031066455462,0.002251216637259735,0.0008284031636311969,0.0008283196270864884
2.734375,Disgust,False,False,True,False,False,False,False,False,0.24955245221017522,0.017398416782444682,0.6784121474222398,0.017431111533333647,0.033671691462801294,0.0008641606382006695,0.0003181070903217902,0.0023519128604828554
2.7734375,Disgust,False,False,True,False,False,False,False,False,0.25893335899269304,0.006641861073095453,0.7039937456580531,0.0024389925504199003,0.00663898464310382,0.018018699026894836,0.0008968504247866486,0.0024375076309532335
2.8125,Disgust,False,False,True,False,False,False,False,False,0.08821994983616809,0.006145356192521237,0.6522709441800367,0.006144727948985338,0.2399390979895171,0.00614284574439313,0.0003058093194523327,0.0008312687889260134
2.8515625,Inspiration,False,False,False,False,True,False,False,False,0.1029077046313746,0.002639894487916403,0.10301507267328203,0.0003567936332981622,0.7613344503894549,0.0199266829506917,0.00718290577004089,0.0026364954639413185
2.890625,Disgust,False,False,True,False,False,False,False,False,0.05736150050439836,0.010879854065774342,0.424361519999064,0.0005408099853052909,0.42440406900042926,0.057359364047862176,0.021095262051300467,0.003997620345866104
2.9296875,Disgust,False,False,True,False,False,False,False,False,0.1641712538482463,0.004212594493055371,0.4468834921079898,0.0005693587666285907,0.05455576474016143,0.164081435849435,0.16397775475526993,0.0015483454392135193
2.96875,Sadness,False,False,False,False,False,False,True,False,0.1635232310979144,0.0015402461984713304,0.16346823349016518,0.0015395688517726854,0.06012368176100574,0.1635651588383939,0.4447000446522347,0.0015398351100420942
3.0078125,Sadness,False,False,False,False,False,False,True,False,0.10118465029754097,0.0025982808433070784,0.10103224323541432,0.0003505138783218688,0.007070616400734486,0.03719704982210733,0.7479761584527962,0.002590487069777726
3.046875,Sadness,False,False,False,False,False,False,True,False,0.006107112670551454,0.0022466074730393463,0.00030369014469868626,0.0008254776946205625,0.016590047746126373,0.2383979731015519,0.6480449659169091,0.08748412525250246
3.0859375,Sadness,False,False,False,False,False,False,True,False,0.0065801134517117135,0.0024123656520303924,0.002411300033031905,0.00032627322737800496,0.017840710660805885,0.2561784594594389,0.6964018634546961,0.01784891406090719
3.125,Amusement,True,False,False,False,False,False,False,False,0.3226185107132705,0.003042675783633954,0.022454978970250315,0.0004110247934849406,0.0030383713396820327,0.32265860199793056,0.3227365418952328,0.0030392945065149633
3.1640625,Sadness,False,False,False,False,False,False,True,False,0.2404390035623063,0.0883872107310025,0.0022676210240146055,0.000306452001057432,0.0022672277494739886,0.0061803990808659845,0.6539885316158444,0.006163554235434793
3.203125,Sadness,False,False,False,False,False,False,True,False,0.0075994592789498045,0.0027771232889204195,0.0027736269070706638,0.00037540624842408437,0.10825072806565673,0.02102790615321726,0.8009307982100077,0.0562649518477533
3.2421875,Sadness,False,False,False,False,False,False,True,False,0.002273624672200492,0.0022903026859879064,0.002274072059051681,0.0008351819015733508,0.007425028195372373,0.08855719798285984,0.6554923663567012,0.2408522261462533
3.28125,Sadness,False,False,False,False,False,False,True,False,0.10032837955291239,0.10034943003928933,0.03424383276605997,0.00034786341774587626,0.002572069408731384,0.0009459217852887794,0.7420863280332158,0.01912617499675631
3.3203125,Inspiration,False,False,False,False,True,False,False,False,0.0008939899087793845,0.012657709307399444,0.002429711994223373,0.006619362329352208,0.7004810224094229,0.006602378680420036,0.2575925641990979,0.012723261171304748
3.359375,Tenderness,False,False,False,False,False,False,False,True,0.0021127862471318534,0.015694393521090307,0.22397886898167096,0.045117458055461704,0.08241799559426263,0.005742197229633719,0.015726857719925574,0.6092094426508232
3.3984375,Tenderness,False,False,False,False,False,False,False,True,0.002155959763912759,0.22845720640152084,0.08409632678725433,0.015952615761721547,0.01606139349475067,0.01598107266956707,0.015957714109688822,0.6213377110115841
3.4375,Anger,False,True,False,False,False,False,False,False,0.03173460481176089,0.4543600353741158,0.019270697305426958,0.02258032940638556,0.0015769521644536458,0.011676662262895498,0.0042841265394129215,0.4545165921355487
3.4765625,Tenderness,False,False,False,False,False,False,False,True,0.0007313986455767843,0.04019435577126767,0.20988821848321457,0.07764066264193703,0.07736648220373893,0.014733901626756238,0.005411254757185559,0.5740337258703232
3.515625,Anger,False,True,False,False,False,False,False,False,0.0009315550055926351,0.2688965180203604,0.03607535903359024,0.09891153146448996,0.26867849110285436,0.05106574141707709,0.0068889468388210395,0.26855185711721413
3.5546875,Anger,False,True,False,False,False,False,False,False,0.0008801906709287702,0.25400901242771573,0.2539520861135837,0.0932890644219301,0.253797377067731,0.09340207782667391,0.0023917484003739796,0.048278443071062785
3.59375,Fear,False,False,False,True,False,False,False,False,0.0006497936640674617,0.187381453752413,0.037110264911380496,0.509774393777537,0.18732273615445727,0.06814492215055826,0.004802505456416599,0.004813930133170061
3.6328125,Amusement,True,False,False,False,False,False,False,False,0.6849939151243967,0.002372661427957815,0.25199711764507504,0.03390040496026283,0.017528387857293104,0.0023717669936648765,0.00032096684951689054,0.006514779141832782
3.671875,Disgust,False,False,True,False,False,False,False,False,0.2522061513151932,0.0023779638729373945,0.6857409335118524,0.006475337911409091,0.034021701591305034,0.006455793058492235,0.00032139861914088876,0.01240072011966986
3.7109375,Inspiration,False,False,False,False,True,False,False,False,0.0339085824649755,0.006535611690092186,0.01246024635527402,0.25217144897626853,0.6857690279740055,0.006455976897621641,0.0003213909738671527,0.0023777146678955205
3.75,Disgust,False,False,True,False,False,False,False,False,0.006181225824633582,0.0003059003701262479,0.6522454863599866,0.2398603904486849,0.08823460918811397,0.0008311504750263754,0.006141514272539169,0.006199723060889057
3.7890625,Disgust,False,False,True,False,False,False,False,False,0.0008674378165535908,0.0003174391946514055,0.6773390899158837,0.012306615489296333,0.24902984285822147,0.00637791880027077,0.006376245042040999,0.047385410883081715
3.828125,Inspiration,False,False,False,False,True,False,False,False,0.08795194389441635,0.002251670140551994,0.23911224855356417,0.01667154744840792,0.6501056616486486,0.002250596005306555,0.0008280583858164324,0.0008282739232880724
3.8671875,Disgust,False,False,True,False,False,False,False,False,0.08767580044103937,0.016608345045413538,0.6479560135328928,0.006111712837576522,0.2382747594929673,0.0022437948280061696,0.00030372402717477394,0.0008258497949295171
3.90625,Disgust,False,False,True,False,False,False,False,False,0.08760130595431793,0.01660745365735957,0.648093053668767,0.0003040111044360681,0.23822068802271665,0.006102145270951863,0.0008261808119934527,0.0022451615094574526
3.9453125,Disgust,False,False,True,False,False,False,False,False,0.08823115621980603,0.0003057277105968834,0.652302560000149,0.000830965604835924,0.2398618154607495,0.006164138495904037,0.006162612088883353,0.006141024419075286
3.984375,Amusement,True,False,False,False,False,False,False,False,0.6484514027967219,0.0008260127877303625,0.23851664371261674,0.0008259081814860392,0.0877549434352676,0.006108383838641451,0.016690797507129863,0.0008259077404061568
4.0234375,Amusement,True,False,False,False,False,False,False,False,0.3865684549582991,0.02691318016215425,0.38661794200907035,0.0004923337276711618,0.1421342385321515,0.003637975400386212,0.05229750666618236,0.0013383685440851243
4.0625,Sadness,False,False,False,False,False,False,True,False,0.10234063702966884,0.0003546283804146255,0.01949900380399868,0.002619497490051645,0.10217097125211692,0.013845407391772216,0.7565493664181776,0.002620488233799446
4.1015625,Amusement,True,False,False,False,False,False,False,False,0.6385568420045085,0.0008135727717770904,0.0863019115260766,0.0008131853881317814,0.006014354295084317,0.03178522163929768,0.23490165457495152,0.0008132578001724315
4.140625,Amusement,True,False,False,False,False,False,False,False,0.6380162170120796,0.0022124291689472,0.08628712998820671,0.00029891072937912735,0.0060175184373319765,0.03172264060269635,0.23463257844109411,0.0008125756202648929
4.1796875,Sadness,False,False,False,False,False,False,True,False,0.18085362752295422,0.0662296185291241,0.1798242815654207,0.0006264643677970836,0.012605061294335387,0.0663979968879254,0.49175979358027466,0.0017031562521685384
4.21875,Amusement,True,False,False,False,False,False,False,False,0.4149910819685843,0.00391628238806923,0.07867642325043593,0.000529096068881951,0.028960703822851652,0.05608647543541934,0.4153995954594113,0.0014403416063462255
4.2578125,Sadness,False,False,False,False,False,False,True,False,0.2383011453494737,0.006119184145266519,0.016607579042709653,0.0003038007811743067,0.0022480984103352445,0.08730542404308803,0.6482885636827379,0.0008262045452147778
4.296875,Sadness,False,False,False,False,False,False,True,False,0.23530508670336528,0.03176759578792524,0.0860149487010226,0.0002999838060709427,0.0022201327668450077,0.0022181714620045554,0.6399560383653042,0.002218042407462066
4.3359375,Inspiration,False,False,False,False,True,False,False,False,0.03430902594617427,0.0008805654335184297,0.00652674592262453,0.006502483668531962,0.6904616756173754,0.0008799589088094933,0.2539166212697015,0.006522923233264372
4.375,Amusement,True,False,False,False,False,False,False,False,0.25797474581276214,0.0009078793465077996,0.01826039884985118,0.006709356541318897,0.261905559799169,0.09623462174789395,0.09634196626582814,0.26166547163666887
4.4140625,Sadness,False,False,False,False,False,False,True,False,0.04040344572780299,0.007752180965806902,0.0028493353519961906,0.0010475937207403726,0.00774639988052705,0.007754616370001673,0.8214420735204873,0.11100435446263751
4.453125,Tenderness,False,False,False,False,False,False,False,True,0.22858803973354963,0.015940949334965236,0.015962538811925542,0.015956517357421155,0.08418211989082028,0.005862734508340852,0.011236869439036772,0.6222702309239406
4.4921875,Amusement,True,False,False,False,False,False,False,False,0.5569073324040404,0.001928639309939733,0.07535349055119946,0.005242840626437965,0.005243950181563141,0.20489313262762707,0.07521829022162606,0.07521232407756612
4.53125,Amusement,True,False,False,False,False,False,False,False,0.6922017386158321,0.006519742733650074,0.2546342851686629,0.0008812822061555673,0.006515281259916743,0.034454858319595834,0.0023962910568437377,0.0023965206393428864
4.5703125,Disgust,False,False,True,False,False,False,False,False,0.22457865294150603,0.01566596165094235,0.6107962072709495,0.01562935529218384,0.04281036097707426,0.08265662399031834,0.002114248208180692,0.005748589668844924
4.609375,Inspiration,False,False,False,False,True,False,False,False,0.009079224915121881,0.06706673076002741,0.13017993467910807,0.06715253363266924,0.3539239942346545,0.35444872168119756,0.009070988939598443,0.009077871157623032
4.6484375,Joy,False,False,False,False,False,True,False,False,0.0006289657919361535,0.1815141040127668,0.004649440383104634,0.18138189221701853,0.06656339292703327,0.4937884502991096,0.004648119626425524,0.06682563474260553
4.6875,Fear,False,False,False,True,False,False,False,False,0.005205706968613504,0.07473745617071742,0.07463703653466776,0.5527322339044303,0.014162862933123395,0.20317487495888925,0.0007042372147996863,0.07464559131475858
4.7265625,Fear,False,False,False,True,False,False,False,False,0.02078335144151281,0.10967087977961727,0.0028154086823028303,0.8109807501259058,0.007646048280233907,0.04003184462210349,0.0003801316807049447,0.007691585387619058
4.765625,Fear,False,False,False,True,False,False,False,False,0.10354015898628086,0.00785417535163542,0.013944202966513624,0.7651879568561906,0.002651718156155976,0.0026513214277141834,0.0009755907861357224,0.10319487546937363
4.8046875,Fear,False,False,False,True,False,False,False,False,0.08832691717757538,0.0064615148583483765,0.24041446094658483,0.6537933864027562,0.002266503972221527,0.00030649803207268293,0.0022680160137510887,0.006162702596689869
4.84375,Disgust,False,False,True,False,False,False,False,False,0.1988736236573653,0.026822976447675013,0.5407228595895642,0.19884878362440084,0.01386530748938012,0.0018732838713814545,0.013898854874999545,0.00509431044523352
4.8828125,Disgust,False,False,True,False,False,False,False,False,0.23914214119610058,0.011671724450814432,0.6502937509471375,0.08793447265996292,0.006146045540281083,0.0022521519976940714,0.0022548667363611486,0.0003048464716483885
4.921875,Disgust,False,False,True,False,False,False,False,False,0.23463887395997046,0.002214355943280601,0.6382124202910757,0.031634397806762436,0.08617347922128012,0.0008133857940472875,0.006013963067179864,0.0002991239164035275
4.9609375,Disgust,False,False,True,False,False,False,False,False,0.24125425978289267,0.0022767119999414975,0.6560907246378233,0.002272778099211322,0.08881481138936906,0.0022725405734056545,0.0061823223055707845,0.000835851211785899
5.0,Amusement,True,False,False,False,False,False,False,False,0.6492915763507737,0.01696133258580935,0.23883530232954686,0.000304317363239647,0.08785880296362097,0.0022482797732750453,0.002251646172910958,0.002248742460823518
5.0390625,Disgust,False,False,True,False,False,False,False,False,0.08776279043804751,0.01668322460121331,0.6486560316956094,0.0008262189175242317,0.23831099244114765,0.006107950307789441,0.0008266706021557965,0.0008261209965126132
5.078125,Disgust,False,False,True,False,False,False,False,False,0.15067470358452806,0.0105623155685575,0.4096302067425136,0.0038566250455849714,0.409435497997699,0.010549849649781572,0.0038723506872909187,0.0014184507240442594
5.1171875,Disgust,False,False,True,False,False,False,False,False,0.0877419418560376,0.0008270509423108408,0.6484529583052077,0.0008261419225524903,0.23858645659818062,0.016623247422656865,0.006116148503342492,0.0008260544497113653
5.15625,Inspiration,False,False,False,False,True,False,False,False,0.06906847191061469,0.18773853025233223,0.188032843086993,0.0048138534546064106,0.5111550579118286,0.013144989965149564,0.0253949666090671,0.000651286809408473
5.1953125,Anger,False,True,False,False,False,False,False,False,0.01665277718782743,0.23590766396883056,0.23686845838349735,0.0022325526728746137,0.23696101744214626,0.03205471227779826,0.237090214353411,0.0022326037136145443
5.234375,Amusement,True,False,False,False,False,False,False,False,0.36080864890279224,0.0012500026717417987,0.132659704606852,0.0012491160723226119,0.00926659116843749,0.13271417205086974,0.36080251869292906,0.0012492458340550511
5.2734375,Sadness,False,False,False,False,False,False,True,False,0.03617387099520643,0.03568806224956204,0.0025261944006705972,0.0003410073072880307,0.09832239797135857,0.09841995733419849,0.7276015268820777,0.0009269828596381444
5.3125,Sadness,False,False,False,False,False,False,True,False,0.00030380444875794765,0.016798413236706885,0.006100554070867279,0.0008254924279868707,0.23830095581423158,0.08766826082073696,0.6477581648302476,0.0022443543504648334
5.3515625,Sadness,False,False,False,False,False,False,True,False,0.09853395632477582,0.0009310788219949313,0.0964680220182139,0.0009297754988312276,0.03618989233931875,0.03612931662381994,0.7298874375047608,0.0009305208682845485
5.390625,Sadness,False,False,False,False,False,False,True,False,0.23486196932979908,0.0008141118238044858,0.08627402644375476,0.0008133671617515083,0.0060133899831676715,0.03173768202291313,0.6386714288127223,0.0008140244220870219
5.4296875,Amusement,True,False,False,False,False,False,False,False,0.6522712129532939,0.006152772085787826,0.08823773490852876,0.00030566827896545646,0.0008311586698984537,0.006148807946571915,0.23991062918096834,0.0061420159759853045
5.46875,Amusement,True,False,False,False,False,False,False,False,0.6832737330273162,0.00087045167961316,0.006442865912812989,0.00032016057830908736,0.03373841250292033,0.006461910680155805,0.2513363552532464,0.01755611036562613
5.5078125,Amusement,True,False,False,False,False,False,False,False,0.7040365965509846,0.00032986373159723604,0.09520197505363107,0.00089672387617666,0.0024368901805436965,0.09525037802965464,0.09520291309956265,0.006644659477849521
5.546875,Amusement,True,False,False,False,False,False,False,False,0.7039812508164073,0.002437219798885011,0.25894399550548436,0.006624650158349431,0.000896370781184014,0.018046171860145267,0.006633401009108106,0.0024369400704366724
5.5859375,Amusement,True,False,False,False,False,False,False,False,0.5466926286042022,0.0018940032797439188,0.07398212337625756,0.07365723682995343,0.02698288844133571,0.07388274638934261,0.0018943127235737445,0.20101406035559072
5.625,Fear,False,False,False,True,False,False,False,False,0.01006905257465174,0.0013619367849165762,0.14421707384326757,0.393000275413281,0.00371635026432849,0.05316256456431764,0.0013619814644669163,0.39311076509077003
5.6640625,Amusement,True,False,False,False,False,False,False,False,0.3275064794686428,0.16861839947359625,0.01625480199676428,0.022821844602324778,0.008385165868633375,0.1204847147593143,0.008383081002632341,0.32754551282809197
5.703125,Amusement,True,False,False,False,False,False,False,False,0.5799093798020537,0.014877033720986506,0.0784578004158325,0.2036549559163452,0.028777857441187153,0.07852358371702914,0.0007389840550371343,0.015060404931528729
5.7421875,Joy,False,False,False,False,False,True,False,False,0.004871968571666687,0.013252894149143548,0.1902485753887009,0.1901530616276833,0.013490819589063582,0.5174443263828477,0.0006589927769748681,0.06987936151391942
5.78125,Anger,False,True,False,False,False,False,False,False,0.0007998622535606703,0.23079936799416462,0.005913884919642472,0.23078380283697342,0.06380241555307263,0.2309663339948978,0.0059103523898041375,0.23102398005788427
5.8203125,Joy,False,False,False,False,False,True,False,False,0.004876312567030559,0.1903943156819565,0.013276110868932491,0.18953412876983913,0.013339670522977522,0.5178383525876592,0.0006597091894042453,0.07008139981220048
5.859375,Joy,False,False,False,False,False,True,False,False,0.00045519560118923737,0.1313249008872032,0.0012374363332628394,0.017758218048326245,0.13140463434994754,0.3572448089524362,0.0033633631684495745,0.3572114426591853
5.8984375,Tenderness,False,False,False,False,False,False,False,True,0.00030207294786874597,0.011768945587085976,0.016622925639867163,0.08715804033511343,0.0022341660446938525,0.2368127502617799,0.0008211099982130985,0.6442799891853778
5.9375,Tenderness,False,False,False,False,False,False,False,True,0.03972121890937419,0.02617696299219809,0.0006725905098713021,0.19366428440933556,0.01366499117082468,0.19375020462414394,0.004972134518768559,0.5273776128654836
5.9765625,Amusement,True,False,False,False,False,False,False,False,0.6104991028933013,0.08237497382119738,0.015898613552926162,0.01584895250411392,0.22489105742937196,0.04256192591538811,0.0021175785625653777,0.005807795321135862
6.015625,Inspiration,False,False,False,False,True,False,False,False,0.06565718268889316,0.004694210621556167,0.18208194092779467,0.1811013046744494,0.4945900961720641,0.004665117265848434,0.0006309141476423513,0.06657923350175171
6.0546875,Disgust,False,False,True,False,False,False,False,False,0.15859724780041337,0.011286404649041347,0.43765753336474283,0.22689176991795962,0.16101521370546654,0.001517847945261434,0.0015170350428955687,0.001516947574219437
6.09375,Amusement,True,False,False,False,False,False,False,False,0.690373748034131,0.0065226910796826396,0.03430812032056887,0.006511315288906927,0.25402412606068037,0.006499760960452026,0.0008806409975479092,0.0008795972580303858
6.1328125,Amusement,True,False,False,False,False,False,False,False,0.3865431439828063,0.052108830898633496,0.38650736709479655,0.02720883662125933,0.14216079117302713,0.0036393816406288426,0.0004927855627075282,0.0013388630261407693
6.171875,Disgust,False,False,True,False,False,False,False,False,0.17149746741911798,0.17137492520255512,0.46628188876005167,0.00439501614940517,0.17128313940592174,0.011936905696193297,0.00161607465088424,0.0016145827158708253
6.2109375,Inspiration,False,False,False,False,True,False,False,False,0.20143021700312064,0.014062255838464027,0.20149144835294946,0.01403284175867459,0.5477738613932532,0.014034781281584896,0.005277488002400405,0.0018971063695527473
6.25,Amusement,True,False,False,False,False,False,False,False,0.6484752030361901,0.000827000326820889,0.23852738083841443,0.0008260456365501524,0.08774518277925661,0.016613287157955802,0.006159966166163377,0.0008259340586485412
6.2890625,Amusement,True,False,False,False,False,False,False,False,0.6344521705848087,0.002202103740305198,0.2334031037091154,0.00029723173753752233,0.08576783084290796,0.03150509746840348,0.011564428682944147,0.0008080332339773672
6.328125,Inspiration,False,False,False,False,True,False,False,False,0.16339587943866624,0.0015393711131435445,0.1625255942879174,0.0005658056298588084,0.44424926538991405,0.16344084678988122,0.06009873110310021,0.004184506247518504
6.3671875,Amusement,True,False,False,False,False,False,False,False,0.703961328917296,0.0024377647188265953,0.09521992652510788,0.00032975193693835663,0.0066298241292630684,0.09526718264483276,0.09525774888497344,0.0008964722427620206
6.40625,Amusement,True,False,False,False,False,False,False,False,0.6350842463657037,0.0008093138167643238,0.08588453693597586,0.0008087496673096117,0.011494147822866055,0.03158126088676326,0.23352889855970507,0.0008088459449122292
6.4453125,Amusement,True,False,False,False,False,False,False,False,0.24738713965824768,0.24609098388744646,0.13133573381140295,0.0008573348350567801,0.033393602130850436,0.0910248903900047,0.24757930033845751,0.002331014948533398
6.484375,Sadness,False,False,False,False,False,False,True,False,0.10309694152391966,0.0009717269697683718,0.01951898912212442,0.0009710446683606284,0.007193174086731674,0.10313255545001924,0.7624738122814333,0.0026417558976426555
6.5234375,Amusement,True,False,False,False,False,False,False,False,0.6397186924486328,0.0022160263284983234,0.0861772482572225,0.00029970338705597127,0.0022150563299393553,0.03183506277274756,0.23532279127850242,0.002215419197401265
6.5625,Amusement,True,False,False,False,False,False,False,False,0.6478579005291409,0.0008262534404683897,0.08762626817785356,0.0003035690969059986,0.0061005588197585855,0.016826852638078475,0.23821443179264673,0.0022441655051472845
6.6015625,Amusement,True,False,False,False,False,False,False,False,0.6817279109864475,0.0008686988699840521,0.03389628208788751,0.000868513714286229,0.017543673061213867,0.0023625250895855576,0.25074450317425456,0.011987893016340822
6.640625,Amusement,True,False,False,False,False,False,False,False,0.7565044964514986,0.00035449346832478563,0.10228184545002032,0.0026196639815646975,0.0026186124335235922,0.013796755372553057,0.10233970273181558,0.019484430110699384
6.6796875,Amusement,True,False,False,False,False,False,False,False,0.6874085735168087,0.002381163287782669,0.2528503088186488,0.0023804305765536813,0.0008753796054868716,0.017592485461387728,0.03413130481799454,0.0023803539153367994
6.71875,Disgust,False,False,True,False,False,False,False,False,0.19891894223648465,0.005092155754406391,0.5406382509740468,0.013883106277925713,0.026903978216447032,0.013845049983397249,0.0018736396022258593,0.1988448769550663
6.7578125,Disgust,False,False,True,False,False,False,False,False,0.005127946269455774,0.013931894771364082,0.5440175850178646,0.1996611576966446,0.005123500337312692,0.02702307705609536,0.005132953717378732,0.19998188513388415
