time_sec,pred_label,Amusement,Anger,Disgust,Fear,Inspiration,Joy,Sadness,Tenderness,prob_Amusement,prob_Anger,prob_Disgust,prob_Fear,prob_Inspiration,prob_Joy,prob_Sadness,prob_Tenderness
0.0390625,Disgust,False,False,True,False,False,False,False,False,0.0049147433859950155,0.0006651384990986487,0.5222851188551085,0.03631853748762429,0.19186766209917394,0.02598598817840751,0.025800023033946285,0.1921627884606458
0.078125,Fear,False,False,False,True,False,False,False,False,0.23337780966520186,0.031566051493217735,0.000807881136472307,0.6343951321899299,0.08583242207906183,0.011527364615591918,0.00029717295214756636,0.002196165868376758
0.1171875,Disgust,False,False,True,False,False,False,False,False,0.09545443496814159,0.0024457259644751284,0.7059332398561083,0.0024465913293128944,0.09550967847889658,0.0024455704244887868,0.0003309303875218623,0.09543382859105493
0.15625,Disgust,False,False,True,False,False,False,False,False,0.011590106957276006,0.03144055381584735,0.6331426445017052,0.0008065264274070807,0.08567076164371681,0.004262252991895854,0.23279046804526787,0.0002966856168837853
0.1953125,Amusement,True,False,False,False,False,False,False,False,0.6495681355649604,0.0022506831408337993,0.23873527041872789,0.00030431291694532544,0.08790553695094849,0.01673562570420975,0.002251523217832257,0.0022489120855420245
0.234375,Disgust,False,False,True,False,False,False,False,False,0.058069580297965405,0.02992778967168461,0.4293849352093386,0.0005469856212940933,0.42936146083194615,0.02989418870875688,0.021328121980935946,0.001486937678078283
0.2734375,Disgust,False,False,True,False,False,False,False,False,0.09446437964189802,0.0941174863402242,0.2572899201500504,0.0024226261818013966,0.2572282233172568,0.03477259380036578,0.25728200016170805,0.0024227704066952386
0.3125,Amusement,True,False,False,False,False,False,False,False,0.44489435974474173,0.0015425129064106115,0.1628737259163536,0.001541097780439982,0.06020325427798215,0.16370398428775682,0.16369983561446516,0.0015412294718499266
0.3515625,Sadness,False,False,False,False,False,False,True,False,0.0022036368784521198,0.011568776242736088,0.23290598146543876,0.00029756222937110823,0.031573551963439715,0.08585496428708267,0.634786645930482,0.0008088810029976332
0.390625,Joy,False,False,False,False,False,True,False,False,0.1702258774708093,0.011894277762313174,0.011871007976721882,0.0005901127943318909,0.1701243197506979,0.4632790475068957,0.1704107221580947,0.0016046345801354804
0.4296875,Amusement,True,False,False,False,False,False,False,False,0.38490660049788444,0.003633071971571667,0.07305479322868073,0.0004904657603081961,0.009877912948076802,0.1416510352106159,0.3850525015677058,0.001333618815156393
0.46875,Amusement,True,False,False,False,False,False,False,False,0.639534871679833,0.002216664161201109,0.08649866673257425,0.00029959890032401894,0.002214369769181075,0.03178647434008544,0.23523496945888894,0.002214384957912175
0.5078125,Amusement,True,False,False,False,False,False,False,False,0.6522921657068028,0.006153016719915438,0.08827418260440029,0.00030555537366192784,0.006140599010682438,0.006139743236959629,0.23986399021592483,0.0008307471316526463
0.546875,Sadness,False,False,False,False,False,False,True,False,0.24514439434902602,0.006279371361308695,0.033153505913239005,0.0008487953651657534,0.0008490924582298818,0.0008488760577198207,0.6664019696855802,0.046473994809730676
0.5859375,Amusement,True,False,False,False,False,False,False,False,0.650114614674974,0.0008286380511300969,0.08789213165320843,0.0008281391491805575,0.0022514906879226994,0.002252259666536227,0.23916402744970078,0.016668698667347232
0.625,Amusement,True,False,False,False,False,False,False,False,0.6561068289836817,0.0008360025163979531,0.08877670002645077,0.002271450630823697,0.002271825532489234,0.006174428781265572,0.24129020232786214,0.002272561201029016
0.6640625,Disgust,False,False,True,False,False,False,False,False,0.20151922647044543,0.014032970860163257,0.5479331825951983,0.005170762514980528,0.0018979009786668343,0.014048400343235717,0.014044644189792364,0.20135291204751757
0.703125,Amusement,True,False,False,False,False,False,False,False,0.39884569272880527,0.0005086037315840271,0.01984224776282278,0.02786396502614362,0.0037747482395957387,0.0037589612256097226,0.14636763064115077,0.39903815064428816
0.7421875,Amusement,True,False,False,False,False,False,False,False,0.7707050855624793,0.007266422112053577,0.10418509936160547,0.0026712852451296113,0.000982160102711141,0.007257707647868535,0.002674975167814123,0.10425726480033834
0.78125,Amusement,True,False,False,False,False,False,False,False,0.27939811712686846,0.019492735844015823,0.10281240072366472,0.27879329908652073,0.019467347611211917,0.019690621209131443,0.0009684555563776611,0.2793770228422091
0.8203125,Tenderness,False,False,False,False,False,False,False,True,0.0006259359885078887,0.01257499035317609,0.18055526639871508,0.18045658237439186,0.0664642899384204,0.06644803094217333,0.0017012882566639004,0.4911736157479516
0.859375,Fear,False,False,False,True,False,False,False,False,0.0014465714685255378,0.056453678699200545,0.020763068074799964,0.41742972741033857,0.02913289775351606,0.41773942432255684,0.0005320684245289294,0.05650256384653366
0.8984375,Fear,False,False,False,True,False,False,False,False,0.014740635612340881,0.07733348883325374,0.02858724172168332,0.5746990471608835,0.014742199389862046,0.21155873833073116,0.0007322969799134768,0.07760635197133177
0.9375,Joy,False,False,False,False,False,True,False,False,0.0015372435944488038,0.06001840366682588,0.0041798178771408345,0.16328270408064852,0.16330173899538844,0.44405084839568526,0.0005654428362567018,0.16306380055360561
0.9765625,Fear,False,False,False,True,False,False,False,False,0.0013537605376581633,0.052757393382558124,0.01001621642896292,0.3909161609088574,0.010026658770625595,0.14364774002241387,0.0004980394637511923,0.3907840304851726
1.015625,Fear,False,False,False,True,False,False,False,False,0.010884472234758764,0.05723255617269138,0.004002201477824519,0.4245138286948586,0.02099449664401421,0.4243972313970525,0.0005411333144355022,0.05743408006436462
1.0546875,Inspiration,False,False,False,False,True,False,False,False,0.002749933653296529,0.03932382651861265,0.014293039996390231,0.10726007200915572,0.793271130998517,0.039343670855025485,0.0010105242781509383,0.0027478016908515056
1.09375,Disgust,False,False,True,False,False,False,False,False,0.0003001952359387742,0.031177913274623423,0.6402490169487408,0.23549963484230826,0.08365846711605748,0.002221541452441226,0.0008158413632364294,0.006077389766653401
1.1328125,Disgust,False,False,True,False,False,False,False,False,0.013858944999879035,0.007220683538412655,0.7632458429717606,0.10322050501290066,0.10327651906338946,0.007231483284002741,0.0009730879143063072,0.0009729332153486749
1.171875,Amusement,True,False,False,False,False,False,False,False,0.3225468595382614,0.0030645026546365466,0.022657036528103143,0.3224874500527298,0.3227543705387105,0.0004111376487850282,0.0030394047631099974,0.0030392382756636244
1.2109375,Amusement,True,False,False,False,False,False,False,False,0.3775269393154944,0.050861928237938656,0.3778248320045983,0.04948645060307436,0.1389496806308056,0.001308896255578453,0.0004816289634990506,0.003559643989011115
1.25,Amusement,True,False,False,False,False,False,False,False,0.3882645249649464,0.02719987341544358,0.3885442046696256,0.04906357685985762,0.1428891646435275,0.0013458189277823628,0.0013468847824958917,0.0013459517363210347
1.2890625,Disgust,False,False,True,False,False,False,False,False,0.08852812790517901,0.002268045548953912,0.6543993484129224,0.0008337643837726985,0.24081185535987346,0.006161213082864556,0.006163941764856761,0.0008337035415771517
1.328125,Amusement,True,False,False,False,False,False,False,False,0.6479144363251889,0.0003036624209318019,0.23834814906981117,0.0008251526330618083,0.08768817197383304,0.016579446627354222,0.002244034295709953,0.006096946654109134
1.3671875,Disgust,False,False,True,False,False,False,False,False,0.17260015344657467,0.16583900377292649,0.4693157216557034,0.0016247172478522718,0.1725626792049413,0.012012206298259978,0.004420751821359429,0.00162476655238237
1.40625,Amusement,True,False,False,False,False,False,False,False,0.5120502785938676,0.013159383529838732,0.1884131836561311,0.001773370567206297,0.06904510641958618,0.025477764790225396,0.1883075673042033,0.0017733451389413428
1.4453125,Amusement,True,False,False,False,False,False,False,False,0.7271151457758394,0.0025209316974105275,0.09837104065024309,0.00034068857179860577,0.09838225028519197,0.03616146705765686,0.036182322360441395,0.0009261536014181998
1.484375,Disgust,False,False,True,False,False,False,False,False,0.06564918821329166,0.06550658667143569,0.48540925266361606,0.0006185981511807985,0.17847851854941896,0.17855268792452614,0.024103797077595853,0.0016813707489348264
1.5234375,Sadness,False,False,False,False,False,False,True,False,0.013423202201256772,0.004937867283806664,0.18924534145955837,0.0018104312608285067,0.19227909737571483,0.07073673593889687,0.5226430452840798,0.0049242791958581545
1.5625,Amusement,True,False,False,False,False,False,False,False,0.63850065199073,0.000813605932299972,0.08640378571337316,0.0008130007165247345,0.006009183734292893,0.03176881147138709,0.23487785328657518,0.0008131071548169123
1.6015625,Amusement,True,False,False,False,False,False,False,False,0.6501453452072928,0.0008280836981069825,0.08796991897010722,0.000827777436464252,0.0022505260290942896,0.016638152102704265,0.23908970378026537,0.002250492775964783
1.640625,Sadness,False,False,False,False,False,False,True,False,0.09517682825302584,0.006662900579403111,0.0024392953290698085,0.0003299710289467112,0.09521095898866044,0.09520932468395314,0.7040735938274265,0.0008971273095142992
1.6796875,Sadness,False,False,False,False,False,False,True,False,0.006177043711419223,0.0008345612725332172,0.0008340481555792441,0.0061648256874726835,0.08855447337773799,0.24056799112199848,0.6545976563029199,0.0022694003703393898
1.71875,Amusement,True,False,False,False,False,False,False,False,0.6500767865002276,0.0008282931424109263,0.016683914803288357,0.0008280159242112691,0.0022511111714335293,0.08794095865673095,0.23913910935014518,0.0022518104515522395
1.7578125,Sadness,False,False,False,False,False,False,True,False,0.05101042902924396,0.0013084141137325073,0.00048099441846438537,0.0035539272666249514,0.05033022613028765,0.13881116759183462,0.3774673502828492,0.3770374911669629
1.796875,Amusement,True,False,False,False,False,False,False,False,0.7037224815716551,0.000330139836791505,0.002439482961301742,0.0008973846176846715,0.09525720683789508,0.006904186722035672,0.09521452701812234,0.09523459043451389
1.8359375,Amusement,True,False,False,False,False,False,False,False,0.7439156523954961,0.000948038758199064,0.10045872648806009,0.0009480874123184322,0.002576317284476967,0.01359683926661633,0.03699777537916591,0.1005585630156672
1.875,Amusement,True,False,False,False,False,False,False,False,0.6405276423618479,0.0022194732917409027,0.23564121909623756,0.002220074641679192,0.0008160701749224729,0.0008160961240937354,0.03126568496706175,0.08649373934241655
1.9140625,Tenderness,False,False,False,False,False,False,False,True,0.16923290898652504,0.0043415588657933005,0.16923495739476177,0.02246359034966502,0.1693855553799261,0.0005870053359829524,0.004357985188036983,0.46039643849930895
1.953125,Fear,False,False,False,True,False,False,False,False,0.011609603356049618,0.004143296769286676,0.03412558388854299,0.43912820177701933,0.059476772742066704,0.0005604434344949407,0.011274388900340718,0.43968170913219895
1.9921875,Amusement,True,False,False,False,False,False,False,False,0.2981721279618602,0.15552804953774899,0.008075075119094818,0.10870829341208484,0.020755327542211485,0.10954766795389569,0.001032902089655827,0.29818055638344815
2.03125,Amusement,True,False,False,False,False,False,False,False,0.2735464015630717,0.27245809882754,0.007017971486822225,0.05258545629960728,0.019164217428729185,0.2736185057777467,0.0009477747453714525,0.10066157387111145
2.0703125,Joy,False,False,False,False,False,True,False,False,0.00029915312047270947,0.006025762793907792,0.002211471188714627,0.08586173776171109,0.03168846132362907,0.6382900671101158,0.0008131269288600341,0.2348102197725889
2.109375,Fear,False,False,False,True,False,False,False,False,0.0004926819814141046,0.052272170376899185,0.0013396147742888108,0.3859426254973423,0.027190436034328632,0.3868268780820797,0.003640745641725523,0.14229484761192174
2.1484375,Joy,False,False,False,False,False,True,False,False,0.07417043910811942,0.14375381238369997,0.027382090050247273,0.07417178920573761,0.14388981074379967,0.39148855316453857,0.0013555021463449977,0.1437880031975126
2.1875,Inspiration,False,False,False,False,True,False,False,False,0.0003472534715888263,0.036568471370250835,0.013552023898925979,0.006985005532573628,0.7410782490398581,0.10028465893409323,0.0009438238828421033,0.1002405138698673
2.2265625,Joy,False,False,False,False,False,True,False,False,0.0005030946963658004,0.010167140464742094,0.033045683236037265,0.14526148767552824,0.019619137922597785,0.39501270867784805,0.0013681859230942487,0.39502256140378667
2.265625,Disgust,False,False,True,False,False,False,False,False,0.0024668267417383397,0.0961683925472108,0.2613617638753994,0.2618041311417841,0.018383509742155597,0.2611436075349891,0.0024663417490374444,0.09620542666768517
2.3046875,Inspiration,False,False,False,False,True,False,False,False,0.0010673057949614464,0.007941660038972252,0.008088268681995386,0.11322651378294549,0.8373357166187368,0.007888116091378924,0.0029002624198743174,0.021552156571135322
2.34375,Disgust,False,False,True,False,False,False,False,False,0.01098445323648648,0.020951489748852935,0.42497543677740945,0.05734172002935085,0.42417233880155414,0.0040046450880136,0.0005415935471554079,0.057028322771176976
2.3828125,Amusement,True,False,False,False,False,False,False,False,0.645715629153509,0.01655221943282851,0.2374939974636297,0.011780871167494331,0.08598868775566833,0.0008225121822278704,0.0008234328459101434,0.000822649998731943
2.421875,Amusement,True,False,False,False,False,False,False,False,0.507314053275767,0.035496938595371855,0.18658909257147827,0.06855175956016078,0.1866173658301458,0.00064628377722713,0.013027182903545997,0.0017573234863031428
2.4609375,Disgust,False,False,True,False,False,False,False,False,0.147501334843304,0.01028512309137208,0.4010576566001804,0.027944079662391062,0.4010481412723324,0.010263904236933743,0.0005109400473465376,0.0013888202461398
2.5,Disgust,False,False,True,False,False,False,False,False,0.10421472280638097,0.007277032703340208,0.7706825641802343,0.0009815998962624582,0.104241547228161,0.0026721169096661193,0.0072621228142160515,0.002668293461738831
2.5390625,Amusement,True,False,False,False,False,False,False,False,0.7574662736934862,0.0026387199251200694,0.10251845837075191,0.007131169311276501,0.10245051272391957,0.013643589851856985,0.013796347215061453,0.0003549289085273356
2.578125,Amusement,True,False,False,False,False,False,False,False,0.6385388874793504,0.0008136255502670364,0.23484995843026146,0.0008132043268843217,0.08641440469695344,0.03172861073046206,0.006028070127443719,0.0008132386583776811
2.6171875,Amusement,True,False,False,False,False,False,False,False,0.45809618097812055,0.011799688005713793,0.16843664719079235,0.0005834567496161348,0.16838085531116911,0.16846978471258914,0.0226473735975119,0.0015860134544870212
2.65625,Inspiration,False,False,False,False,True,False,False,False,0.17088861486937337,0.16835725759085624,0.008267715780311116,0.0005919620187932594,0.46461963890822067,0.17098614920820418,0.004395727985507583,0.01189293363873357
2.6953125,Joy,False,False,False,False,False,True,False,False,0.03386556264497745,0.017466836758354042,0.0008680508520206838,0.0008678411187373972,0.25062445728780164,0.6814745932533287,0.012472352120977819,0.0023603059638021948
2.734375,Joy,False,False,False,False,False,True,False,False,0.020137111680071772,0.054926419046585705,0.05485337325626783,0.0005179963880431032,0.05496706199712338,0.4066143496561227,0.4065756100771876,0.0014080778985980564
2.7734375,Joy,False,False,False,False,False,True,False,False,0.01758747802998097,0.017487148144187933,0.0008654422315029764,0.0008648399486406492,0.2497014142809963,0.6788464060300999,0.033782408603594896,0.0008648627309962918
2.8125,Sadness,False,False,False,False,False,False,True,False,0.016695976022067134,0.0008284049436218185,0.0022507427235410322,0.0008279257261302534,0.0879297614506466,0.23914611612981015,0.6500698930466118,0.002251179957571324
2.8515625,Amusement,True,False,False,False,False,False,False,False,0.6380432771620235,0.0008127982030489433,0.08624808172497951,0.00029885844318925026,0.00220976227814244,0.03172269845129418,0.23465991663303826,0.006004607104283846
2.890625,Amusement,True,False,False,False,False,False,False,False,0.7616111150658639,0.002637300166360032,0.10306492939136823,0.00035669837659577536,0.007166859219884939,0.01951998639509545,0.10300737617246304,0.0026357352123686506
2.9296875,Amusement,True,False,False,False,False,False,False,False,0.6479473822089795,0.0008251094036530734,0.0876825848626174,0.00030345102672566014,0.002242801063067964,0.016572920886176016,0.23832947093140736,0.006096279617372967
2.96875,Amusement,True,False,False,False,False,False,False,False,0.7041761460794844,0.0008966489315547877,0.09528894882209415,0.00032978826536834684,0.0024368251039207788,0.09496258461285488,0.09528280134422679,0.006626256840495671
3.0078125,Amusement,True,False,False,False,False,False,False,False,0.7014618938786239,0.002428428634296488,0.25804789988470683,0.0024273245328329447,0.002427547046852972,0.017939680275001906,0.012839936595331806,0.002427289152353005
3.046875,Amusement,True,False,False,False,False,False,False,False,0.8920803367105954,0.0030894001355656004,0.04440156615078539,0.008403431387776819,0.022878688969426277,0.003091439958959091,0.003091216425215131,0.02296392026167634
3.0859375,Amusement,True,False,False,False,False,False,False,False,0.6522637488432552,0.0003058623548851775,0.00619374471608011,0.006150035925325454,0.08811954154711013,0.0008314777808967721,0.006316146105215018,0.23981944272723213
3.125,Disgust,False,False,True,False,False,False,False,False,0.019966163637352166,0.0013916963221235225,0.4017899640053427,0.003782871430616263,0.4017739337928465,0.003781709537026937,0.14759188066491186,0.01992178060977998
3.1640625,Disgust,False,False,True,False,False,False,False,False,0.1481231941972122,0.0005128892563331288,0.4027390284486432,0.003794506382411781,0.010301854825319687,0.028059704827170608,0.4026752990925275,0.003793522970382046
3.203125,Tenderness,False,False,False,False,False,False,False,True,0.04167609122499967,0.021561391803915614,0.0003943065967835133,0.007923248375235715,0.04179288759041632,0.04186723166962052,0.0029242855330754948,0.841860557205953
3.2421875,Tenderness,False,False,False,False,False,False,False,True,0.04652444192744161,0.12642388280341646,0.09044567422792849,0.0008509829740882387,0.01709804157495872,0.033153318846954,0.017133464437998507,0.6683701932072139
3.28125,Disgust,False,False,True,False,False,False,False,False,0.07399998622570146,0.13494024944866764,0.3898162229480183,0.0036744199255216883,0.0004965845590835573,0.0036716206517303117,0.0036715136488065982,0.38972940259247046
3.3203125,Amusement,True,False,False,False,False,False,False,False,0.7479443186437368,0.007055492196072034,0.10116589488219288,0.10113451102627721,0.00035040174673962133,0.0025895791494643505,0.037166741073717,0.002593061281800092
3.359375,Fear,False,False,False,True,False,False,False,False,0.0004114828792805365,0.008311212764274363,0.0030420752512891358,0.32305903073142345,0.32299738192022465,0.3230957082704486,0.0030444054726878745,0.016038702710371396
3.3984375,Joy,False,False,False,False,False,True,False,False,0.001990341049975849,0.07745030852753484,0.21144543762726736,0.04000850363387082,0.07752650856113613,0.574880679812636,0.001989804302885712,0.014708416484693251
3.4375,Inspiration,False,False,False,False,True,False,False,False,0.001412555385607639,0.010527657751176686,0.010444235386914427,0.01044151512519339,0.40788431874775,0.1500080184569743,0.001411926747120388,0.40786977239926303
3.4765625,Tenderness,False,False,False,False,False,False,False,True,0.0003700077325892668,0.01435270032417447,0.10684234046345269,0.0027383071085881204,0.039127145771750575,0.03928583024687371,0.007438579408562915,0.7898450889440083
3.515625,Inspiration,False,False,False,False,True,False,False,False,0.0017613772251221182,0.004796812631540531,0.18692066601293808,0.0017610594962901736,0.5083939742386638,0.18699261966841857,0.013021608325631127,0.09635188240139553
3.5546875,Amusement,True,False,False,False,False,False,False,False,0.32347435886903303,0.008439319625703174,0.015913432045565196,0.3232392226555451,0.32364440616443274,0.0011207400460652823,0.0011209356046433007,0.0030475849890120514
3.59375,Disgust,False,False,True,False,False,False,False,False,0.13881852895415914,0.05052153670914218,0.37746464265785235,0.05045608111735527,0.37739653658199446,0.0035539374177226708,0.00048101142130191744,0.0013077251404721292
3.6328125,Disgust,False,False,True,False,False,False,False,False,0.23517524729836267,0.031507230397002886,0.6405970458455201,0.0022202904289797994,0.08664662112546702,0.0008163538477687675,0.002220914275217968,0.0008162967816806466
3.671875,Amusement,True,False,False,False,False,False,False,False,0.4096158225600621,0.010498460593741776,0.4095321654848044,0.0038584499195566902,0.15072951883319635,0.010486239529526447,0.003860470340425529,0.0014188727386866271
3.7109375,Disgust,False,False,True,False,False,False,False,False,0.1483109782325861,0.02810932756167358,0.4032982591209439,0.003801337038659595,0.403364330747982,0.010321379234493808,0.0013973606707058826,0.0013970273929552095
3.75,Disgust,False,False,True,False,False,False,False,False,0.08635013658886001,0.03165389231331881,0.6382379406615786,0.0002991056233922221,0.23441689481313838,0.006016232206059042,0.0008154562840989456,0.0022103415095541027
3.7890625,Amusement,True,False,False,False,False,False,False,False,0.49460695277258987,0.0017144538226137969,0.18176930921620266,0.0017128066886133327,0.18188370519261562,0.06692440187312175,0.06673228967997205,0.0046560807542709816
3.828125,Amusement,True,False,False,False,False,False,False,False,0.7271574429369435,0.0025283293648575376,0.0983771292327624,0.00034068716597117295,0.0361693007943947,0.09838572763088187,0.036115271376838065,0.0009261114973508929
3.8671875,Inspiration,False,False,False,False,True,False,False,False,0.0656898093449405,0.1773823563103277,0.06569248669516652,0.0006192707698829975,0.4859664780688134,0.1788132030620561,0.024152713780282192,0.0016836819685305188
3.90625,Disgust,False,False,True,False,False,False,False,False,0.009968277020175395,0.019110062336104086,0.38709426933389335,0.0004933602027892112,0.05238867963895949,0.3872056499055281,0.1423985261949407,0.0013411753676098146
3.9453125,Amusement,True,False,False,False,False,False,False,False,0.3194502656441686,0.0011068919892939912,0.022267317642262367,0.0011061790099266878,0.015853688827025994,0.3195572879178116,0.3195518778057821,0.0011064911637285709
3.984375,Sadness,False,False,False,False,False,False,True,False,0.10060480247466771,0.002581248764637144,0.019057593465002763,0.00034869837682548633,0.03169115935569721,0.10066127208181115,0.7441066219872102,0.0009486034941483603
4.0234375,Amusement,True,False,False,False,False,False,False,False,0.44471941768008255,0.16246089251481494,0.16359045834002034,0.0005664037722982963,0.004186110681509558,0.1627610963938674,0.06017577537806742,0.0015398452393395176
4.0625,Amusement,True,False,False,False,False,False,False,False,0.6544417975589135,0.006160438588293171,0.08855542862453727,0.0008332130150192248,0.0008333190228704017,0.006160211848167143,0.24075032859242212,0.0022652627497770296
4.1015625,Amusement,True,False,False,False,False,False,False,False,0.32599172280755423,0.0011288329233986117,0.008341474233603454,0.0011286041031031463,0.008345886406337957,0.32597229913880654,0.32601925444115076,0.0030719259460452787
4.140625,Tenderness,False,False,False,False,False,False,False,True,0.004892969122117981,0.013308003325443041,0.0006619179382510089,0.013298509739085477,0.18973228310914414,0.06770214280028578,0.1910667370223675,0.5193374369433051
4.1796875,Amusement,True,False,False,False,False,False,False,False,0.7402234177801053,0.0009438351698285804,0.0025710004264082437,0.0003471387953401341,0.03670433966231324,0.01899061077528876,0.10015551298750316,0.10006414440321267
4.21875,Amusement,True,False,False,False,False,False,False,False,0.7272633860856424,0.0003408419587872167,0.09828808022787971,0.0009266817843474815,0.002518067841591663,0.03616070902342718,0.036177194768143815,0.0983250383101805
4.2578125,Amusement,True,False,False,False,False,False,False,False,0.703997843913256,0.002437200417731217,0.2589657907827932,0.006623537497215945,0.0008963585096914966,0.01801026930773134,0.006632078025872901,0.002436921545707737
4.296875,Disgust,False,False,True,False,False,False,False,False,0.10384351567241082,0.007226072644464407,0.7676359004890845,0.007230391962351328,0.0026595909739074945,0.007236519738850617,0.0003596276749126009,0.10380838084401833
4.3359375,Disgust,False,False,True,False,False,False,False,False,0.02309868779651178,0.06262646032657473,0.33069195200016105,0.003116859818045558,0.008466998551220687,0.12152074218240386,0.32893456550392924,0.12154373382115308
4.375,Amusement,True,False,False,False,False,False,False,False,0.27475929353877593,0.01918077584664547,0.03719021439665946,0.27272796844531716,0.019131075789332215,0.10113914196457488,0.0009522700886295287,0.2749192599300653
4.4140625,Fear,False,False,False,True,False,False,False,False,0.015216353153438195,0.015284160701750007,0.07843776784246227,0.5824056573396118,0.014917707158519098,0.07877401311384842,0.0007419186035940191,0.2142224220867762
4.453125,Fear,False,False,False,True,False,False,False,False,0.0013536073349944896,0.010016100807102133,0.010004716347546959,0.39080281103984293,0.05284720026464269,0.14369151896012244,0.0004978785361052109,0.3907861667096432
4.4921875,Fear,False,False,False,True,False,False,False,False,0.0005230607493577773,0.0554571879713997,0.010512362139283622,0.410576317889009,0.05533740647795294,0.41060600174865447,0.0014219062764624876,0.05556575674788015
4.53125,Fear,False,False,False,True,False,False,False,False,0.0039965051575900495,0.05743146367669141,0.02095514277995673,0.42446163653708563,0.01087631778325429,0.4243377234838509,0.0005407403572162859,0.05740047022435458
4.5703125,Fear,False,False,False,True,False,False,False,False,0.004651960695611599,0.06672155154663593,0.0046504593665631375,0.4937817274157554,0.06659053379577701,0.18156420834346756,0.0006291055368881119,0.1814104532993014
4.609375,Fear,False,False,False,True,False,False,False,False,0.0023130267537727757,0.033095550650062346,0.017171858171662523,0.6675820958450024,0.0008519045323050252,0.03316718187481916,0.00031309331529052797,0.24550528885708522
4.6484375,Anger,False,True,False,False,False,False,False,False,0.0031199087578167107,0.3304329744109831,0.06292784148921941,0.33112535763160994,0.044621804724552606,0.10321175162130329,0.008487100089679983,0.11607326127483496
4.6875,Inspiration,False,False,False,False,True,False,False,False,0.005430679111269732,0.11287102470339132,0.07788973134983679,0.21169285852802822,0.575832817898081,0.005426614490538157,0.005422899629298274,0.005433374289556507
4.7265625,Inspiration,False,False,False,False,True,False,False,False,0.0013557236167556607,0.01009813232317069,0.14384497192962614,0.05278626142931221,0.3908860060419785,0.010027577381064794,0.0004982950333049169,0.3905030322447871
4.765625,Disgust,False,False,True,False,False,False,False,False,0.150602221040379,0.0038641791289869432,0.40958130092934386,0.010526115449448797,0.4096444190417909,0.010494416508909336,0.0014200423175561268,0.0038673055835850775
4.8046875,Disgust,False,False,True,False,False,False,False,False,0.24051951634012908,0.006182980143082791,0.6537767674957287,0.0022678933720385293,0.08851656205121859,0.0003064849751290362,0.00616303468828372,0.0022667609343894894
4.84375,Amusement,True,False,False,False,False,False,False,False,0.39247668749831094,0.05267242268063016,0.39252405634806375,0.010055663824456463,0.1443763029236888,0.0005001064483111627,0.003698248824548784,0.0036965114519899272
4.8828125,Disgust,False,False,True,False,False,False,False,False,0.2346557777589991,0.031609014101944354,0.6381393928133156,0.00029919781024342115,0.08626457430040284,0.006008816874253065,0.0008133736799112659,0.002209852660930366
4.921875,Disgust,False,False,True,False,False,False,False,False,0.1501785492545149,0.006643043268024467,0.4084866895862845,0.0038461671097929236,0.4084663059664378,0.01046343299509186,0.010501283669251401,0.001414528150602096
4.9609375,Disgust,False,False,True,False,False,False,False,False,0.08822421783353243,0.00619971807038126,0.6522016471355234,0.0003056456800151866,0.23994617333342252,0.006140263942856191,0.006151596615854548,0.0008307373884145722
5.0,Disgust,False,False,True,False,False,False,False,False,0.0034100469606845566,0.13295233056512304,0.36173927776067694,0.0004609086534916444,0.36167796691193527,0.003406066670229545,0.1329471885765275,0.003406213901331421
5.0390625,Disgust,False,False,True,False,False,False,False,False,0.052350479057509273,0.009996090113349497,0.38696142881968437,0.0004933394647789218,0.14243536926129907,0.019239512621683164,0.38718248488520357,0.0013412957764921656
5.078125,Inspiration,False,False,False,False,True,False,False,False,0.16318240608222057,0.004185058990385761,0.163121534902041,0.0005656965784983305,0.4439374274346703,0.16337535531080746,0.06009455614688822,0.001537964554488219
5.1171875,Amusement,True,False,False,False,False,False,False,False,0.6378542374412948,0.0022204858528143425,0.08632361368489923,0.00029891053238916053,0.006133397575415251,0.03172156641954446,0.23463519973715086,0.0008125887564918938
5.15625,Amusement,True,False,False,False,False,False,False,False,0.703778848252661,0.006907919475869381,0.09521219664580245,0.0003297022280642476,0.002439030435318078,0.09521565250792118,0.09522036002853122,0.0008962904258325693
5.1953125,Amusement,True,False,False,False,False,False,False,False,0.6379346101042584,0.0022100412975610472,0.08629646195748986,0.00029885075526671893,0.006005729338362636,0.031749889810494654,0.23469191212052704,0.0008125046160395565
5.234375,Amusement,True,False,False,False,False,False,False,False,0.6401075000435451,0.0008153346352760402,0.08658035887377279,0.0008150277546750405,0.0022158233488972314,0.031835378082317296,0.23541476727326538,0.002215809988251173
5.2734375,Amusement,True,False,False,False,False,False,False,False,0.6678395381921918,0.0023149296931721194,0.03273265272348077,0.0003129929659636682,0.01710842355916495,0.033206419411241965,0.24563414988581125,0.000850893568973483
5.3125,Sadness,False,False,False,False,False,False,True,False,0.03168963463355506,0.00029904740453633877,0.0008127450168245904,0.0022097588892234124,0.23466341689719108,0.006040810672394086,0.6380326992077909,0.08625188727848464
5.3515625,Amusement,True,False,False,False,False,False,False,False,0.6400018634523202,0.0003000753869468965,0.0022182864588667028,0.0022168846235344503,0.0022182839123444987,0.03180073267591384,0.23545190879840042,0.08579196469167288
5.390625,Amusement,True,False,False,False,False,False,False,False,0.6561372153231827,0.0022727246924975904,0.24134906217331872,0.0022716235231196617,0.002271697189058078,0.0008358334514442969,0.08868336844929163,0.006178475198087341
5.4296875,Amusement,True,False,False,False,False,False,False,False,0.38710083396115375,0.0013419375758269394,0.027128004317397654,0.0013432689129901255,0.38721908608055045,0.0013416151370344881,0.05220264601204878,0.14232260800299795
5.46875,Amusement,True,False,False,False,False,False,False,False,0.7584465056876903,0.0009667096595121886,0.013790273856833384,0.007149979311244102,0.013762030885533539,0.0009669335967846818,0.10230395604852181,0.10261361095388002
5.5078125,Amusement,True,False,False,False,False,False,False,False,0.7038980838256121,0.006649193265136416,0.2588862929647566,0.0024391057058211468,0.0008965137128536725,0.006630673968775362,0.002438463849238944,0.018161672707805568
5.546875,Fear,False,False,False,True,False,False,False,False,0.026680254972082998,0.013801364269008064,0.1970149869230688,0.5368661376439825,0.013755318302102483,0.013765334903941114,0.0006841098550112233,0.1974324931308029
5.5859375,Fear,False,False,False,True,False,False,False,False,0.0004907160655211422,0.00986212088496952,0.07298946352416909,0.3850303871518512,0.14158490758719666,0.0036322448968051924,0.0013338804707095444,0.38507627941877764
5.625,Fear,False,False,False,True,False,False,False,False,0.004039161394221736,0.05789715677378709,0.011034672809342358,0.42875020219317206,0.01098244643179686,0.42874596641121393,0.0005463374414155323,0.058004056545050454
5.6640625,Anger,False,True,False,False,False,False,False,False,0.019494096172241022,0.27917597643436054,0.019967975503435955,0.2790724102481482,0.019446983426772823,0.10271177256698673,0.0009672688438889622,0.2791635168041658
5.703125,Fear,False,False,False,True,False,False,False,False,0.001426018838495559,0.05385914540255933,0.010532019927798345,0.41126149309771404,0.055570905315714236,0.41126398037673256,0.0005240959055786644,0.05556234113540711
5.7421875,Fear,False,False,False,True,False,False,False,False,0.0063991333014538215,0.03371728919881717,0.0008661760496087694,0.6791865476672762,0.017590396021541044,0.012181998737616963,0.00031832970171451425,0.24974012932197154
5.78125,Fear,False,False,False,True,False,False,False,False,0.04295912381619003,0.08318626690648788,0.005811834440205806,0.6169244512909856,0.08345585906168271,0.0834839443476686,0.0007862244932083507,0.08339229564357106
5.8203125,Inspiration,False,False,False,False,True,False,False,False,0.0003013829095936023,0.011727434472286954,0.004321952243563141,0.08697097256134129,0.6428392782150169,0.2364381130382384,0.000818941921681023,0.016581924638278744
5.859375,Inspiration,False,False,False,False,True,False,False,False,0.0005657798344370633,0.004186221477182988,0.060052521306105576,0.16334217706867643,0.44381792931362374,0.16317565438130593,0.001538327696403439,0.16332138892226492
5.8984375,Anger,False,True,False,False,False,False,False,False,0.019386300314939618,0.2756294301208058,0.27812832214936517,0.10200485074745687,0.03732656944893275,0.27776990371170224,0.0026224251209043124,0.007132198385893254
5.9375,Amusement,True,False,False,False,False,False,False,False,0.7066043380727884,0.0024695837167404105,0.09550178020962218,0.09555594353990135,0.09561861883299565,0.0009002357928274159,0.0009008087018303469,0.002448691133294256
5.9765625,Disgust,False,False,True,False,False,False,False,False,0.011867124567541893,0.08762456215618854,0.6502619115462336,0.006266493440884128,0.23916920883543316,0.002252776254230662,0.000304821948936785,0.0022531012505512455
6.015625,Disgust,False,False,True,False,False,False,False,False,0.0050565200346550186,0.19674960164557923,0.5358356945079853,0.01371839835066423,0.1968879762247482,0.013742480283785389,0.03732666775914753,0.0006826611934352472
6.0546875,Amusement,True,False,False,False,False,False,False,False,0.7674888050388944,0.0072863849686819115,0.1038245972403102,0.0072309507674712115,0.10389918220041261,0.002658954047924412,0.0072513332379170615,0.00035979249838820126
6.09375,Amusement,True,False,False,False,False,False,False,False,0.7623731551702775,0.019550365383826124,0.10314636674054706,0.0009715704864420471,0.10316859859136064,0.007178019400994709,0.0009715759736850263,0.0026403482528668375
6.1328125,Disgust,False,False,True,False,False,False,False,False,0.08761426236754094,0.016647263296325307,0.6479702494895704,0.0003036251408016199,0.23828613223760575,0.006108726468859842,0.000826061997643468,0.0022436790016526808
6.171875,Amusement,True,False,False,False,False,False,False,False,0.8092168116215667,0.007639950111102689,0.0402835950082207,0.0028024899413358543,0.10943887478201077,0.014802740543363115,0.014784619914898576,0.0010309180775015764
6.2109375,Inspiration,False,False,False,False,True,False,False,False,0.007078607703980738,0.0025965953256446915,0.03699942793573031,0.0009540817591341819,0.7488721172682258,0.10126577687658424,0.10127934415493486,0.0009540489757652078
6.25,Disgust,False,False,True,False,False,False,False,False,0.00926380659012892,0.13198644017921987,0.35925704365464334,0.00045783484922026904,0.35917769980306563,0.006533006288930948,0.1320797289081159,0.0012444397266751037
6.2890625,Disgust,False,False,True,False,False,False,False,False,0.06565738196044361,0.17834698279918446,0.48556620365441505,0.000618617936976401,0.0239416445925426,0.17848234330546645,0.06570520613866039,0.0016816196123111533
6.328125,Amusement,True,False,False,False,False,False,False,False,0.638554414218537,0.000813920937376689,0.08623870776087564,0.0008133303168166378,0.006034278236071575,0.03178391655955174,0.2349479372797368,0.0008134946910341095
6.3671875,Sadness,False,False,False,False,False,False,True,False,0.10322621643825561,0.0026537396283992224,0.053207274944631455,0.0003578462956356694,0.03795616778914014,0.03799587457749313,0.7636295998347937,0.0009732804916510256
6.40625,Sadness,False,False,False,False,False,False,True,False,0.0003044374382535316,0.0022593378078028035,0.016632467385035276,0.0022496727806188533,0.08787095973915889,0.23891183362496662,0.6495216145175705,0.002249676706593679
6.4453125,Sadness,False,False,False,False,False,False,True,False,0.002401095474726232,0.008141930883648774,0.25447885295599315,0.0008825945513926709,0.006645778790241969,0.032693709860443565,0.6923541025643819,0.0024019349191715454
6.484375,Amusement,True,False,False,False,False,False,False,False,0.6499874422019007,0.016754798371500044,0.0879522611206417,0.0008278959206622117,0.002251112444187274,0.0008280235003827659,0.2391470644141072,0.0022514020266180866
6.5234375,Amusement,True,False,False,False,False,False,False,False,0.647916270474121,0.01660851850328544,0.0876908202122543,0.00030353597969941395,0.002244576973808483,0.006097680484534126,0.238313270286046,0.0008253270862512336
6.5625,Amusement,True,False,False,False,False,False,False,False,0.654484060463224,0.0008338867855062342,0.08853665154465887,0.0008336255443839408,0.006173020904582354,0.0022667785284701198,0.24070826439704265,0.006163711832131652
6.6015625,Amusement,True,False,False,False,False,False,False,False,0.764318293869179,0.0009742859779796736,0.01994013968552339,0.002648763764825303,0.0026480353995914597,0.0028320814879627476,0.10337142767722005,0.10326697213771818
6.640625,Amusement,True,False,False,False,False,False,False,False,0.7047058616030737,0.006637220552471524,0.25919213055123735,0.0024402614874056328,0.0008974624049048432,0.006632875096700415,0.012859621733232508,0.006634566570973941
6.6796875,Disgust,False,False,True,False,False,False,False,False,0.1880647276700917,0.004814720540591587,0.5111122289947002,0.06888077398105642,0.02540627716459237,0.013103570456650296,0.00065161664535525,0.18796608454696215
6.71875,Joy,False,False,False,False,False,True,False,False,0.0026030571652228256,0.002600311910689318,0.10151441859172589,0.037312988292884,0.0026009856287797133,0.7508725172933333,0.0009581602398583813,0.1015375608775066
6.7578125,Amusement,True,False,False,False,False,False,False,False,0.4417525554324688,0.011304282260959553,0.4418012804573781,0.030931911542971195,0.0015293861376156639,0.059797673060171384,0.0015293924746228142,0.011353518633812528
