time_sec,pred_label,Amusement,Anger,Disgust,Fear,Inspiration,Joy,Sadness,Tenderness,prob_Amusement,prob_Anger,prob_Disgust,prob_Fear,prob_Inspiration,prob_Joy,prob_Sadness,prob_Tenderness
0.0390625,Disgust,False,False,True,False,False,False,False,False,0.0023720603560106,0.002371921565370986,0.6856260322659873,0.0008725620791425341,0.2522235697995025,0.002371887886053443,0.0477143311057282,0.006447634942204269
0.078125,Amusement,True,False,False,False,False,False,False,False,0.42374300514343227,0.003985253194052612,0.42374532044010693,0.05721046257276989,0.029444408334472472,0.003985057322247432,0.057347211155703674,0.000539281837214733
0.1171875,Sadness,False,False,False,False,False,False,True,False,0.1067434619633647,0.0003692719710502396,0.03926824224118326,0.0027286604128228644,0.002728606250086283,0.03926668585561352,0.7887332805353943,0.02016179077048479
0.15625,Sadness,False,False,False,False,False,False,True,False,0.002816552917088689,0.002816558408423808,0.04053353833176325,0.007656474772666651,0.02081799585968745,0.11018032084569748,0.8141424294217278,0.001036129442944894
0.1953125,Amusement,True,False,False,False,False,False,False,False,0.6484735736068971,0.0008253152521093404,0.08776126313702316,0.00609833059827937,0.006098348353775109,0.23856303763200462,0.011876519149792092,0.0003036122701193371
0.234375,Disgust,False,False,True,False,False,False,False,False,0.006556293224520688,0.0008872327408283666,0.6971500862965402,0.0008872284497461326,0.002411735123706062,0.25646551745256807,0.01782122379733026,0.017820682914760275
0.2734375,Disgust,False,False,True,False,False,False,False,False,0.13303571070529904,0.00046023339105155436,0.3616336891192941,0.003400692863403178,0.0034008161149378553,0.13303700786154032,0.36163116610341856,0.0034006838410553506
0.3125,Amusement,True,False,False,False,False,False,False,False,0.6538484014643664,0.000306118981204538,0.2405373135912486,0.006148610715077476,0.006148719098641447,0.002262156122345436,0.08848675192509457,0.002261928102021332
0.3515625,Amusement,True,False,False,False,False,False,False,False,0.6343108486525878,0.0002969715775064855,0.23334995655834262,0.002194353401772143,0.03157908380275018,0.08584421369848269,0.011617321796724847,0.0008072505118332281
0.390625,Amusement,True,False,False,False,False,False,False,False,0.6379162391043561,0.0002986599047468451,0.23467613605746832,0.0008118407670665338,0.03175905829406888,0.08633246010573367,0.005998793410861732,0.00220681235569778
0.4296875,Amusement,True,False,False,False,False,False,False,False,0.31495740950160245,0.00040082996113641,0.31495783716721176,0.002961750180199151,0.3149572491365464,0.042624312311686056,0.008051048175438122,0.001089563566179743
0.46875,Amusement,True,False,False,False,False,False,False,False,0.35718578971314435,0.0004545699085755467,0.3571857269678271,0.0033588415505291782,0.13139626780551805,0.017782381136702892,0.13140077673186773,0.0012356461858352046
0.5078125,Amusement,True,False,False,False,False,False,False,False,0.3216267246136197,0.0004093165403449949,0.3216262805971824,0.0030244754914233,0.022353632868603632,0.008221448169699065,0.32162548511002664,0.001112636609100306
0.546875,Amusement,True,False,False,False,False,False,False,False,0.3149591174683025,0.00040083121250514346,0.3149585798175801,0.0029617751030061134,0.008050950015098113,0.04262331954417125,0.31495585350105226,0.0010895733382845331
0.5859375,Amusement,True,False,False,False,False,False,False,False,0.7951440242530518,0.00037227625776240284,0.10761105852050226,0.007477548219400022,0.002750769163190762,0.039583031895936045,0.007477498990586482,0.03958379269957033
0.625,Inspiration,False,False,False,False,True,False,False,False,0.059064952158670234,0.030335477759039015,0.011162410159701671,0.0005555713790293912,0.4365376292169251,0.004105193353463556,0.4365056799951617,0.021733085978009357
0.6640625,Sadness,False,False,False,False,False,False,True,False,0.19032478535166714,0.01322480021263286,0.07001540283981518,0.000658420124812676,0.19032570590822248,0.004865152474598268,0.5173607096087922,0.013225023479459032
0.703125,Amusement,True,False,False,False,False,False,False,False,0.36163221664588746,0.003400680656940341,0.13303702077937293,0.000460231892415018,0.13303686288770247,0.003400695962846757,0.36163160581384396,0.0034006853609910414
0.7421875,Amusement,True,False,False,False,False,False,False,False,0.36030177507117106,0.0012464321830144291,0.13254719669983664,0.0004585364423627176,0.13254700209799447,0.009210161488453232,0.3603007448897255,0.003388151127441983
0.78125,Amusement,True,False,False,False,False,False,False,False,0.36030164770465944,0.0012464300532165887,0.3603011814854187,0.00045853552499356873,0.13254685348619943,0.00921001521130614,0.1325471920014254,0.0033881445327808273
0.8203125,Amusement,True,False,False,False,False,False,False,False,0.3603015549598028,0.0012464305827566277,0.3603012099830096,0.00045853557063476447,0.13254694259294003,0.009210000029475028,0.1325471797730866,0.003388146508294544
0.859375,Amusement,True,False,False,False,False,False,False,False,0.36030166983649026,0.0012464311332233177,0.13254736362280617,0.0004585358782589823,0.1325469263108494,0.009210065114452414,0.360300860635636,0.0033881474682834105
0.8984375,Amusement,True,False,False,False,False,False,False,False,0.3603017041576064,0.0012464305555466581,0.13254743572892153,0.00045853565752694206,0.13254685412011888,0.00921001354805889,0.36030088032647273,0.003388145905747935
0.9375,Amusement,True,False,False,False,False,False,False,False,0.3603016062385899,0.001246430599244596,0.3603012781860364,0.0004585355902600225,0.1325467817134354,0.009210016722292554,0.13254720453879038,0.003388146411350655
0.9765625,Amusement,True,False,False,False,False,False,False,False,0.3616324310442645,0.0034006678868662523,0.13303691732932663,0.0004602296555286359,0.133036588502122,0.0034006802372250336,0.36163182026014096,0.0034006650845260136
1.015625,Sadness,False,False,False,False,False,False,True,False,0.24785637981911,0.002330766408051909,0.03354330460404056,0.0003154340710631081,0.033543651983962405,0.0023307733615445907,0.6737439696641953,0.006335720088032246
1.0546875,Sadness,False,False,False,False,False,False,True,False,0.1076098223227582,0.007477271296911333,0.0395874010204144,0.00037227026296941633,0.03958727828173404,0.0027507393049962963,0.7951375664322303,0.007477651077986078
1.09375,Sadness,False,False,False,False,False,False,True,False,0.0749138049061194,0.014151525343880674,0.07492266008848364,0.0019152085231781233,0.2036614664484594,0.0019151821458008574,0.5536002351882255,0.0749199173558524
1.1328125,Inspiration,False,False,False,False,True,False,False,False,0.00037227878917425776,0.007477499520502573,0.03958713084361837,0.002750820158029053,0.7951408788778149,0.0074781054320921855,0.10760759313437779,0.0395856932443909
1.171875,Inspiration,False,False,False,False,True,False,False,False,0.000880959119660779,0.006509894322419968,0.25464658293045794,0.0023946871451535597,0.6922031442532968,0.034460340614778186,0.006509636187013643,0.0023947554272191036
1.2109375,Inspiration,False,False,False,False,True,False,False,False,0.006596739554035747,0.00659690734517727,0.2580556153107391,0.00032842168232373746,0.7014650586274411,0.006597780629110441,0.0024267526998320134,0.017932724151340486
1.25,Disgust,False,False,True,False,False,False,False,False,0.002634842601481357,0.007162568263826344,0.7616060317272515,0.0003565752274970135,0.10306846769976964,0.019472751340753904,0.0026348104348373966,0.10306395270458289
1.2890625,Disgust,False,False,True,False,False,False,False,False,0.007258160256902615,0.03835583840974638,0.7717748102561983,0.00036133946562346005,0.038420794171075016,0.038416234875051615,0.0009822385507370337,0.10443058401466568
1.328125,Disgust,False,False,True,False,False,False,False,False,0.006497551512351379,0.017656061062763212,0.6903820978660743,0.000323233711737069,0.012637908015051597,0.017662705913319476,0.0008786608912941542,0.2539617810274088
1.3671875,Disgust,False,False,True,False,False,False,False,False,0.00528126129452747,0.03903903385598321,0.7842901133057019,0.0003671981214665936,0.0073780585421672675,0.054796550709802425,0.0027137166561013123,0.10613406751424984
1.40625,Disgust,False,False,True,False,False,False,False,False,0.1879690417197542,0.004805276658714795,0.5109642782241585,0.0006502821661856633,0.013061718429545486,0.1879632259496494,0.025438560275625657,0.06914761657636628
1.4453125,Tenderness,False,False,False,False,False,False,False,True,0.1879897969860212,0.0017678577880413829,0.18799241808861183,0.0017678278833042603,0.03550916092046257,0.004805553034392598,0.0691573359789859,0.5110100493201803
1.484375,Disgust,False,False,True,False,False,False,False,False,0.206903186486117,0.0019456758893787508,0.562423752511511,0.0019456594839092174,0.10629504233156714,0.03908269765908147,0.07611506356986467,0.005288922068570786
1.5234375,Amusement,True,False,False,False,False,False,False,False,0.3603015707201926,0.0012464451339432552,0.3603028179187947,0.00045853876204690315,0.003388246770509903,0.13254465822043426,0.13254723398958915,0.009210488484489196
1.5625,Amusement,True,False,False,False,False,False,False,False,0.49100790178328557,0.001698622053546041,0.180631995187375,0.0006248843501668547,0.06641812960244682,0.012551431519370606,0.1806312099762062,0.06643582552760281
1.6015625,Amusement,True,False,False,False,False,False,False,False,0.361633277112674,0.0034007141202989496,0.3616339370418785,0.000460234465779975,0.13303380300820333,0.0034007270448929497,0.13303654531969092,0.0034007618865812754
1.640625,Sadness,False,False,False,False,False,False,True,False,0.10685242163331546,0.007424745383190724,0.03930879973196279,0.0003696532624307816,0.03930827167023055,0.002731523863019083,0.7895448284653738,0.014459755990476898
1.6796875,Sadness,False,False,False,False,False,False,True,False,0.106852799155765,0.007424828694591548,0.03930917699000946,0.00036965612871491736,0.03930721269607583,0.0027314818950482877,0.7895450351313386,0.014459809308456277
1.71875,Inspiration,False,False,False,False,True,False,False,False,0.05751508963249476,0.010864371805797276,0.021159684721594667,0.0014703079546572006,0.42500852564394626,0.0014703068952503931,0.4249970314297666,0.05751468191649286
1.7578125,Disgust,False,False,True,False,False,False,False,False,0.000624921577961438,0.01255221572134757,0.4910216444879301,0.0016987030874131867,0.1806358269194772,0.06639279624637615,0.06644498650464631,0.1806289054548481
1.796875,Inspiration,False,False,False,False,True,False,False,False,0.006486496153855065,0.0064868642424165054,0.2537429355978252,0.00032293648934735047,0.6897479950914714,0.03433998276347176,0.006486539589943586,0.002386250071669202
1.8359375,Disgust,False,False,True,False,False,False,False,False,0.030659296140464764,0.011278149103162481,0.44118341043444714,0.0005614848159623886,0.44118455619000374,0.059706037522551436,0.011278086554996137,0.004148979238411893
1.875,Disgust,False,False,True,False,False,False,False,False,0.03721980203232022,0.01369197158682984,0.5356134980663474,0.0006816605509231847,0.19703936337335648,0.19702368801711542,0.005036926225689437,0.013693090147418095
1.9140625,Disgust,False,False,True,False,False,False,False,False,0.03722246532211327,0.013691902394021408,0.5356069875465282,0.0006816524433377961,0.19703688444673487,0.19703145673013311,0.005036838929379323,0.013691812187751994
1.953125,Disgust,False,False,True,False,False,False,False,False,0.05800979598947994,0.010959782419018247,0.4287382644912646,0.0005456418613111865,0.4287356056568709,0.058019144367456796,0.004031860631293865,0.010959904583304501
1.9921875,Inspiration,False,False,False,False,True,False,False,False,0.006486976575819784,0.006486479859789655,0.2537456074974203,0.00032293500702048093,0.6897487356508138,0.03433603736165139,0.0023862102121834125,0.006487017835301096
2.03125,Disgust,False,False,True,False,False,False,False,False,0.03724358747200638,0.013691459246100032,0.535598537243368,0.0006816416347321702,0.19703475307839674,0.1970213723516443,0.005036799928331671,0.013691849045420593
2.0703125,Disgust,False,False,True,False,False,False,False,False,0.07000566886331022,0.01322538154701446,0.5173709934128359,0.0006584425873771886,0.1903282942122169,0.1903193572609772,0.004865340828898522,0.013226521287369664
2.109375,Disgust,False,False,True,False,False,False,False,False,0.031236912049080467,0.011488451941662306,0.4494212582760323,0.0005719664529467508,0.44941692543806966,0.02236869537870294,0.0042263050462233625,0.031269485417282104
2.1484375,Disgust,False,False,True,False,False,False,False,False,0.07756015715925597,0.014656231680431092,0.5733420906876612,0.0007296743859890902,0.21091885131403335,0.0775556983975594,0.005391658606033785,0.03984563776903605
2.1875,Disgust,False,False,True,False,False,False,False,False,0.042079014111764755,0.002924096034997592,0.8452305876121163,0.001075695659507816,0.04208060149328709,0.042077343888076955,0.0029240638297057323,0.021608597370543766
2.2265625,Disgust,False,False,True,False,False,False,False,False,0.04207984916751718,0.0029240629649880216,0.8452274089192453,0.0010756864357735149,0.042080377620077505,0.04207777735517116,0.0029240308632055186,0.021610806674021762
2.265625,Disgust,False,False,True,False,False,False,False,False,0.04123561060306588,0.002865459662996463,0.828284718428395,0.0010541231444552905,0.04123667248256858,0.04123381792297427,0.00286541858690758,0.0412241791686368
2.3046875,Disgust,False,False,True,False,False,False,False,False,0.033373265322847505,0.0008531497335482254,0.670355705125567,0.000853133435485776,0.0333724637044022,0.2466035791143827,0.0023190764513482086,0.012269627112418356
2.34375,Disgust,False,False,True,False,False,False,False,False,0.03858200976903936,0.0009862753159498958,0.774960470961053,0.000986260133783567,0.038578074853893744,0.10487327774542247,0.0026809486823201494,0.038352682538537734
2.3828125,Disgust,False,False,True,False,False,False,False,False,0.03357176073079475,0.000858275392688703,0.6743760161440693,0.000858254386409279,0.033573495311072774,0.24808291278135683,0.0023329871168297745,0.006346298136778611
2.421875,Disgust,False,False,True,False,False,False,False,False,0.01361507298385718,0.0009464244367856999,0.7436339935912509,0.0009463979279874118,0.03702070862319549,0.10063609277337683,0.0025725996954905094,0.100628709968056
2.4609375,Disgust,False,False,True,False,False,False,False,False,0.012521591690109303,0.0023656141975287055,0.6837826272282346,0.0008702315033456682,0.012521858971305418,0.03404050039278647,0.0023655591965710708,0.2515320168201188
2.5,Disgust,False,False,True,False,False,False,False,False,0.007534844764883667,0.0027622311173630277,0.7984050565943871,0.0010161147279761933,0.039747444777238024,0.03974736606367073,0.002762115779220713,0.10802482617526057
2.5390625,Disgust,False,False,True,False,False,False,False,False,0.01182805458179159,0.0008233618970220891,0.6469182808911654,0.0008233154282694423,0.011847071294336665,0.2379780332000327,0.002238030722388815,0.08754385198499343
2.578125,Disgust,False,False,True,False,False,False,False,False,0.00615553357779176,0.002264215728354053,0.6544408852045301,0.0008328943171235709,0.006163022639288542,0.08856468934190499,0.000832908521822165,0.2407458506691848
2.6171875,Disgust,False,False,True,False,False,False,False,False,0.03974263536366831,0.0027623983729784286,0.7984110206259118,0.0010161247164093955,0.039746598422348116,0.10804951216711986,0.002762190419439937,0.007509519912124093
2.65625,Disgust,False,False,True,False,False,False,False,False,0.01180597542949425,0.002236201380990271,0.6463483386633052,0.00030261619909123044,0.011836001535654542,0.2377683894200352,0.0022360959188121453,0.08746638145261716
2.6953125,Disgust,False,False,True,False,False,False,False,False,0.0061205107666057555,0.0022515886571915604,0.6506591856142969,0.0008280915981274598,0.011911962593143305,0.08805068546209033,0.0008281202015325517,0.23934985510701207
2.734375,Disgust,False,False,True,False,False,False,False,False,0.006526365115221082,0.002395822008221241,0.6922067330278222,0.0008809760373650551,0.034457908508698565,0.25462606726867437,0.0023950177950279984,0.006511110238969475
2.7734375,Disgust,False,False,True,False,False,False,False,False,0.014456725161314923,0.007428360936458755,0.7896097218200905,0.0003697063509183728,0.03930372551707534,0.039301272584193074,0.0027320003538264196,0.10679848727612277
2.8125,Disgust,False,False,True,False,False,False,False,False,0.007047631494822925,0.0025888386759222275,0.7478418532891262,0.00035016717119618784,0.10120119049127801,0.0372190515416239,0.0025875322334722325,0.10116373510255826
2.8515625,Disgust,False,False,True,False,False,False,False,False,0.007766928185074579,0.01510270137533053,0.8253655789012283,0.0010504830100718451,0.015112170754415592,0.11163714790155485,0.002856081025681536,0.021108908846642738
2.890625,Disgust,False,False,True,False,False,False,False,False,0.012823034683137545,0.002425345509061086,0.7002909487848621,0.000891307175928392,0.012820312871797173,0.25757378457497915,0.006587389255422716,0.0065878771448117605
2.9296875,Disgust,False,False,True,False,False,False,False,False,0.10305698972608487,0.0026432045671847923,0.7616086650980228,0.00035662226785607555,0.10304459542767375,0.019489700826567324,0.00263566729884528,0.007164554787765075
2.96875,Disgust,False,False,True,False,False,False,False,False,0.10087568510770359,0.03704721430306169,0.7458332902564249,0.0003492708005126719,0.10090825446526337,0.007016545978333497,0.0070201565163970905,0.0009495825723032877
3.0078125,Disgust,False,False,True,False,False,False,False,False,0.0072019587326361025,0.10318529641836036,0.7632739268936267,0.000971733759882756,0.10326301403070381,0.007182977888016993,0.013949080870577975,0.000972011406195326
3.046875,Amusement,True,False,False,False,False,False,False,False,0.6726725306559561,0.0003150322687188701,0.24746626099788244,0.0008562082718103664,0.046823610913630825,0.01722192468083399,0.012316732572338495,0.002327699638828946
3.0859375,Amusement,True,False,False,False,False,False,False,False,0.6503476975245654,0.0008278391333043189,0.23925456674165052,0.0008277532866700334,0.08557988113248839,0.016628465795564863,0.004283229427925843,0.0022505669578305972
3.125,Amusement,True,False,False,False,False,False,False,False,0.3929588884799894,0.0013598919555054935,0.39297003857657087,0.0013596179706420446,0.010046711395791578,0.14443639613810583,0.05317257600818179,0.003695879475212949
3.1640625,Amusement,True,False,False,False,False,False,False,False,0.7039611634639895,0.000329689995849011,0.09526909148805274,0.0008960541259950105,0.002435977774158814,0.09522353178851674,0.09526308550320849,0.006621405860229597
3.203125,Amusement,True,False,False,False,False,False,False,False,0.7040568276306709,0.00032977916168407085,0.09527969777069503,0.0008962695021510452,0.0024366449476618574,0.0951335408715534,0.09524407791338824,0.0066231622021955166
3.2421875,Amusement,True,False,False,False,False,False,False,False,0.7378075679746754,0.002555252446404552,0.09985067579923673,0.00034556872766987974,0.006942266160705902,0.05174603487490071,0.09981325357139992,0.0009393804450068945
3.28125,Amusement,True,False,False,False,False,False,False,False,0.656039766406529,0.0022733264111253998,0.08876698541768274,0.0022711577566141943,0.0022712710868094867,0.006178940933926813,0.2413629459813385,0.0008356060059738053
3.3203125,Amusement,True,False,False,False,False,False,False,False,0.6395237012419307,0.002214791424347918,0.08652094004074032,0.0002995639452980287,0.0022136192548622914,0.031765743723609005,0.23524742040831362,0.002214219960897915
3.359375,Amusement,True,False,False,False,False,False,False,False,0.7490733422802484,0.036662814363526114,0.10137180202444683,0.0009538589982107038,0.002593365694503065,0.007049989158964669,0.10134084578705295,0.0009539816930472339
3.3984375,Amusement,True,False,False,False,False,False,False,False,0.5583234649017557,0.005263036392618269,0.07538155154850976,0.0019349448771851928,0.07451471005907066,0.07390077500954775,0.20541241943577354,0.005269097775539172
3.4375,Sadness,False,False,False,False,False,False,True,False,0.062300434890290884,0.0027691027091687566,0.10774870452214462,0.0003732671712097231,0.002762723532455822,0.007510224422653793,0.7960251857320106,0.020510357020065713
3.4765625,Sadness,False,False,False,False,False,False,True,False,0.18571181858707692,0.06828956673685722,0.18572404944450266,0.0006431429762833226,0.01293593526584941,0.001748454952755538,0.5044832610308478,0.040463771005826966
3.515625,Inspiration,False,False,False,False,True,False,False,False,0.00514282923151472,0.0738715982189654,0.20067187285386304,0.0006955718535307142,0.5449897665402134,0.07369341212173704,0.07378669299785127,0.027148256182324405
3.5546875,Disgust,False,False,True,False,False,False,False,False,0.002116324454761384,0.015666616665806172,0.6107918792925662,0.01565257310671087,0.22477285865624239,0.08267993538066445,0.005753198187539912,0.042566614255708575
3.59375,Disgust,False,False,True,False,False,False,False,False,0.03948983251504561,0.007559557387172784,0.7952110276506185,0.00037256655605887745,0.10761076590978812,0.03951770712163266,0.0027535701867091623,0.007484972672974359
3.6328125,Amusement,True,False,False,False,False,False,False,False,0.30807517380382315,0.1133397230464765,0.11303537997265255,0.0010669981222953793,0.11326087490583951,0.30813876959397385,0.021635496419274577,0.021447584135664426
3.671875,Joy,False,False,False,False,False,True,False,False,0.013241093593403835,0.013287528407920008,0.004869971157462366,0.0006590291183845948,0.19030886817166986,0.5174598976042817,0.06983401635812231,0.19033959558875543
3.7109375,Inspiration,False,False,False,False,True,False,False,False,0.00029971364834430945,0.0022155893029571824,0.0314918108172855,0.002214905050266143,0.6397334396408014,0.23526682702909055,0.002215893133167807,0.08656182137808707
3.75,Disgust,False,False,True,False,False,False,False,False,0.10079472434239391,0.007037942120721233,0.745898117502585,0.00034944962744425627,0.10090788901845979,0.037000807911909905,0.0009499326934716779,0.007061136783014452
3.7890625,Inspiration,False,False,False,False,True,False,False,False,0.1685559505380755,0.0015872899772173329,0.16854974256239177,0.000583662250304993,0.4581791118117385,0.1684801638020321,0.011738453766683732,0.02232562529155605
3.828125,Disgust,False,False,True,False,False,False,False,False,0.08626215588412649,0.000298987930251079,0.6382083532689802,0.0022100550620387537,0.0060698090391091645,0.2344549643184229,0.0008126629137543902,0.031683011583316927
3.8671875,Disgust,False,False,True,False,False,False,False,False,0.0008618869289946668,0.0003168877257542067,0.6764513922667367,0.0063700874553558684,0.2488028531314621,0.04703621722050306,0.0023415741130660456,0.017819101158127244
3.90625,Inspiration,False,False,False,False,True,False,False,False,0.002366020486144276,0.00032004254005879145,0.25131816896484444,0.00643437529762771,0.6831931736087337,0.002364667467298776,0.00642900011943367,0.047574551515858654
3.9453125,Disgust,False,False,True,False,False,False,False,False,0.0022129974129703805,0.0002989838364069337,0.6382214972998492,0.03148497661148934,0.23467444262439044,0.0008126564836868483,0.006005280425967317,0.08628916530523942
3.984375,Disgust,False,False,True,False,False,False,False,False,0.23851718464328314,0.0008257888628737338,0.648549447826294,0.006102955842622892,0.08770299744280603,0.0008257466118348712,0.0008257155418247105,0.016650163228460534
4.0234375,Disgust,False,False,True,False,False,False,False,False,0.08793361959240073,0.0022506710751751184,0.650114022703535,0.000827847895192001,0.23910391633425176,0.0022501870724070117,0.0008277560634032464,0.016691979263635113
4.0625,Disgust,False,False,True,False,False,False,False,False,0.08656118315272356,0.002216525140252229,0.6401382641629646,0.0008154129722588359,0.23545330285686533,0.002215898333532011,0.0008153842396778206,0.031784029141725643
4.1015625,Disgust,False,False,True,False,False,False,False,False,0.016672717597982178,0.000828366766891376,0.650202883908257,0.0008287451731036953,0.23905883540263567,0.0022516063021206746,0.002252478830536617,0.08790436601847275
4.140625,Disgust,False,False,True,False,False,False,False,False,0.018961696934956654,0.0025629348069185,0.7402123479687933,0.0009426460036351361,0.10014257159774169,0.10004178029027667,0.00034680060323166354,0.03678922179444627
4.1796875,Inspiration,False,False,False,False,True,False,False,False,0.002691372061166813,0.0009902373780419716,0.10516910089009193,0.00036415260632159717,0.7773069812543756,0.05496248840065306,0.03857488868844372,0.019940778720905217
4.21875,Joy,False,False,False,False,False,True,False,False,0.0009672013711507818,0.01946377161173047,0.007162914770931669,0.0003557588387955784,0.10273063824232188,0.7593651028554427,0.007224676404330365,0.10272993590529653
4.2578125,Disgust,False,False,True,False,False,False,False,False,0.0008125822380090692,0.006018674768507229,0.637991012485557,0.0002988964940239104,0.03170689361168076,0.23473047558748905,0.0022111192537859208,0.086230345560947
4.296875,Joy,False,False,False,False,False,True,False,False,0.01023091464983321,0.003766584247246321,0.14685419346556122,0.0005089826385081971,0.019755552002180602,0.399679520069821,0.3994524218748033,0.019751831052046212
4.3359375,Sadness,False,False,False,False,False,False,True,False,0.0008630614275037607,0.01746549067102604,0.0008630460551217073,0.0008629773217414317,0.03366704089347411,0.24925376684486922,0.6775871630185982,0.019437453767665522
4.375,Sadness,False,False,False,False,False,False,True,False,0.0008109058901988206,0.0316250359600751,0.0059946177441159276,0.0002983168638270263,0.08610736760013898,0.23423668663490735,0.6366438937739457,0.004283175532791017
4.4140625,Inspiration,False,False,False,False,True,False,False,False,0.0013381084415212531,0.026931235199357615,0.0036380164308189604,0.0004922277890252335,0.38656231998004265,0.3865994298365034,0.052228796794592136,0.1422098655281388
4.453125,Sadness,False,False,False,False,False,False,True,False,0.0008966261551191014,0.09522902792545951,0.006629199934109785,0.00032982228818807054,0.0024474156124142995,0.09527192405573348,0.7039661259861312,0.09522985804284445
4.4921875,Amusement,True,False,False,False,False,False,False,False,0.650653184558927,0.011880793125659863,0.08804650507392286,0.0008287819254017528,0.002253340477596726,0.0061316912675899275,0.23937690207017442,0.0008288015007274592
4.53125,Sadness,False,False,False,False,False,False,True,False,0.25261483744086904,0.0023827890708643163,0.017717851589511918,0.00238130827562745,0.03415299476045224,0.0023809674859804108,0.6874932650258974,0.0008759863507972812
4.5703125,Sadness,False,False,False,False,False,False,True,False,0.10939575606110638,0.014665647480503386,0.02081832600240246,0.0003804171873763845,0.02090673789988162,0.0010350769524177898,0.8116654283597617,0.021132610056550226
4.609375,Sadness,False,False,False,False,False,False,True,False,0.24085492401927197,0.004399099556196233,0.08857290119332518,0.002268076730633649,0.0008344928955246572,0.006162079028023981,0.6546411064657847,0.0022673201112396206
4.6484375,Fear,False,False,False,True,False,False,False,False,0.0006876423991967675,0.0413693074381044,0.07289643632530461,0.5392901505305958,0.1980656612567188,0.0018691327527743096,0.07295087082313975,0.07287079847416561
4.6875,Disgust,False,False,True,False,False,False,False,False,0.0031099140958228857,0.06263448114989742,0.33002664695380113,0.12140127164071196,0.12139217273205333,0.02316383751686116,0.008464292425606533,0.3298073834852457
4.7265625,Anger,False,True,False,False,False,False,False,False,0.0031897286108081182,0.33861342952201057,0.12459377177557243,0.1245582234519612,0.023580947247930698,0.3382896060159242,0.023593555998552687,0.023580737377240108
4.765625,Fear,False,False,False,True,False,False,False,False,0.0006404336762889098,0.06795371525420506,0.022894575950927337,0.5026048344255483,0.035084617537528194,0.1846985445699799,0.0017404833167317625,0.18438279526879064
4.8046875,Fear,False,False,False,True,False,False,False,False,0.00035053840480293175,0.008783735045700798,0.10016568664493303,0.7473683469560364,0.03708687575007594,0.002592844073107578,0.0025900750866705053,0.10106189803867285
4.84375,Fear,False,False,False,True,False,False,False,False,0.07434162943010673,0.07469061169651929,0.07477325437740319,0.5528049294540677,0.014312959919248542,0.005205936008531233,0.000704589550130885,0.20316608956399243
4.8828125,Anger,False,True,False,False,False,False,False,False,0.04808139778559098,0.3542477916420486,0.009128437516570487,0.06761351628692497,0.13089580663930864,0.02481056886669001,0.009135857194279933,0.35608662406858643
4.921875,Tenderness,False,False,False,False,False,False,False,True,0.012602265149285651,0.06642593466028877,0.0006262746676023313,0.06626631121394466,0.18064809323866976,0.18061198739805778,0.0017023590523133005,0.4911167746198376
4.9609375,Tenderness,False,False,False,False,False,False,False,True,0.0003952326713279186,0.01532163752189978,0.008007487651918388,0.04193007925293649,0.04155816713272038,0.0417264280591156,0.007941449255284743,0.8431195184547967
5.0,Inspiration,False,False,False,False,True,False,False,False,0.000877465450464644,0.002389242837969368,0.012541560871283452,0.034099439707553636,0.6882331568145028,0.006488755600308241,0.0023847947209464917,0.25298558399697135
5.0390625,Disgust,False,False,True,False,False,False,False,False,0.0030756206537197735,0.008361015712790333,0.3255197798272544,0.32541423081682874,0.32578496233592,0.00041502448719705657,0.0030666370489919707,0.00836272911729764
5.078125,Disgust,False,False,True,False,False,False,False,False,0.03168910521856481,0.006018284083579294,0.6381593894906081,0.08629274861282363,0.23450810907359917,0.0008130692580496303,0.0002991325573827796,0.0022201617053926232
5.1171875,Disgust,False,False,True,False,False,False,False,False,0.06020653604101022,0.0015461513603177825,0.44594949752602564,0.16303606323909767,0.1640069826486103,0.001544895611056547,0.0015450589889950026,0.16216481458488682
5.15625,Inspiration,False,False,False,False,True,False,False,False,0.03987731403881525,0.020530879229249125,0.10842865910493997,0.0003756929851786604,0.8016509532492798,0.0010208565334332937,0.0075510690934946735,0.020564575765609217
5.1953125,Disgust,False,False,True,False,False,False,False,False,0.24047565140389235,0.006160802039133554,0.6538693915122719,0.00030653796895605093,0.08849732330392664,0.0022642815870546266,0.0022650034914642302,0.006161008693300734
5.234375,Amusement,True,False,False,False,False,False,False,False,0.3930542106645958,0.05304665729748998,0.3930881308264908,0.0013622165289515742,0.14432294869905934,0.010061095665541262,0.0013626255660854874,0.0037021147517856514
5.2734375,Disgust,False,False,True,False,False,False,False,False,0.17119234304218922,0.0043817418492619565,0.46518695550957634,0.0005929587988111819,0.17119186249567556,0.17115793166976856,0.0043825496591883735,0.011913656975528783
5.3125,Inspiration,False,False,False,False,True,False,False,False,0.19178226230887,0.013398973653597717,0.19183904668625676,0.004913120833049754,0.5213817091416089,0.06996548723858664,0.004913377463331076,0.0018060226746992698
5.3515625,Amusement,True,False,False,False,False,False,False,False,0.6507445475137421,0.0022604357406920384,0.2394206529642911,0.0008289270262290454,0.0879346427609958,0.00612612693570739,0.011855670852481523,0.0008289962058611639
5.390625,Sadness,False,False,False,False,False,False,True,False,0.1000636800345078,0.00034693667440540685,0.018974247633605747,0.0009426439287451293,0.10013495805796686,0.03683376114610105,0.740139766912974,0.002564005611693915
5.4296875,Amusement,True,False,False,False,False,False,False,False,0.3865240177709684,0.003643377307998585,0.026941108935300745,0.0004924894818307726,0.05217353927801345,0.14223265009260988,0.3866535960475265,0.0013392210857515769
5.46875,Amusement,True,False,False,False,False,False,False,False,0.412310356745764,0.013643949858665155,0.04849240180907245,0.0005253952728618273,0.055420759609057735,0.055793020625782536,0.4123859599922307,0.0014281560865654268
5.5078125,Sadness,False,False,False,False,False,False,True,False,0.0022550813906209856,0.01668057415100077,0.0008281471072855618,0.0008282339111849714,0.08796794922775988,0.2391668912985784,0.6500209908947189,0.0022521320188504087
5.546875,Joy,False,False,False,False,False,True,False,False,0.003393332090581473,0.009227207549534384,0.0004589389619914241,0.00124774116204757,0.13253257720998882,0.36039283856606297,0.3603426959647055,0.13240466849508783
5.5859375,Amusement,True,False,False,False,False,False,False,False,0.649463604612976,0.0022511893865034835,0.016675779490546955,0.0003042938471269974,0.002249444026572915,0.08788547963936211,0.23892097494519435,0.0022492340517172673
5.625,Amusement,True,False,False,False,False,False,False,False,0.7041017790411493,0.000897042585002974,0.09515433430494448,0.0003298863551828506,0.0024384810013677724,0.0952384386537039,0.09521274928632188,0.006627288772326986
5.6640625,Amusement,True,False,False,False,False,False,False,False,0.6859407096026432,0.0008741084968835331,0.03355465588661895,0.0008738590528522397,0.017581241683581033,0.002380438657247628,0.25231866484620163,0.006476321773971901
5.703125,Amusement,True,False,False,False,False,False,False,False,0.6403823823381317,0.0008162287959640115,0.08645800821621606,0.0008159123974262935,0.0022176628738353296,0.0022268437009787083,0.23555277581070436,0.031530185866743554
5.7421875,Amusement,True,False,False,False,False,False,False,False,0.6500779679542072,0.0022543828071624967,0.23912951048309736,0.0008282575921363748,0.0022516328755407167,0.0008280545348790986,0.08794257790327946,0.016687615849697187
5.78125,Amusement,True,False,False,False,False,False,False,False,0.668096517247276,0.000851936866558322,0.03210266993091434,0.002317980849012909,0.2457644528999399,0.00031326950129018495,0.017383038099810157,0.03317013460519811
5.8203125,Tenderness,False,False,False,False,False,False,False,True,0.07945120658260878,0.01505510148725357,0.21603532916591883,0.00204010374739586,0.005557343290564973,0.01505985681634778,0.07910809940618713,0.5876929595037231
5.859375,Amusement,True,False,False,False,False,False,False,False,0.7037053052149805,0.0066484580523407605,0.2588820955427893,0.0024376757871724846,0.0008963292394700957,0.01803893747522252,0.002437596326462782,0.006953602361561384
5.8984375,Anger,False,True,False,False,False,False,False,False,0.043042680162678544,0.3181872992562509,0.1175003770147194,0.11718960453569119,0.060556059884264234,0.022500393117163637,0.0011080435083115825,0.31991554252092047
5.9375,Tenderness,False,False,False,False,False,False,False,True,0.0047814503199107026,0.013034504571701685,0.09613042646969445,0.18665239823667523,0.1864481015734168,0.004814553134560285,0.0006467316467765757,0.5074918340472643
5.9765625,Fear,False,False,False,True,False,False,False,False,0.001757846417386837,0.06842313236173853,0.012996401175461789,0.5072294990772732,0.035587665217853094,0.18665546438963393,0.0006466432014751526,0.1867033481591774
6.015625,Tenderness,False,False,False,False,False,False,False,True,0.0027357162313927487,0.10676219266690345,0.0010065319892255953,0.039216497423684625,0.02052936885728128,0.03928502147464913,0.0010059204487937775,0.7894587509080694
6.0546875,Joy,False,False,False,False,False,True,False,False,0.0060079030701230066,0.031713573758624145,0.0002989777807304855,0.0022126171561363617,0.0862322502942268,0.6379912469096034,0.0008127408791987523,0.23473069015135695
6.09375,Joy,False,False,False,False,False,True,False,False,0.0005929653003050758,0.17077971271991577,0.004391109547451522,0.17109717664458907,0.011961719949603634,0.46553672738081153,0.004383843036275547,0.17125674542104785
6.1328125,Inspiration,False,False,False,False,True,False,False,False,0.002573959743641068,0.013523574642472483,0.10049818209853752,0.03698377186510369,0.7429512631610309,0.10054500559183703,0.00034828974733279753,0.0025759531500445226
6.171875,Inspiration,False,False,False,False,True,False,False,False,0.0013605104307481781,0.003698806746345882,0.05316423766971081,0.14451325350575528,0.39298532456002117,0.39286108601362213,0.0013602017441778423,0.010056579329618827
6.2109375,Disgust,False,False,True,False,False,False,False,False,0.0008752004119169272,0.002380336550274539,0.6873597539393143,0.002380120964965141,0.017597657888173506,0.2528415081145665,0.002379474612750429,0.03418594751803867
6.25,Inspiration,False,False,False,False,True,False,False,False,0.010308725024715533,0.0037922840637797293,0.14815260411666317,0.0037904817193385567,0.4027582693793428,0.4026423228182927,0.0005130245260105779,0.02804228835185692
6.2890625,Amusement,True,False,False,False,False,False,False,False,0.6484379810984596,0.0008271459971901267,0.23855872024623354,0.006114428858826181,0.08780014776861177,0.016608691467785403,0.0008264793372091755,0.0008264052256842804
6.328125,Disgust,False,False,True,False,False,False,False,False,0.24119454859321376,0.006201389507535854,0.6561874862927469,0.0022740047949768995,0.08875976850939958,0.0022728435166102534,0.002273938311979243,0.0008360204735374161
6.3671875,Amusement,True,False,False,False,False,False,False,False,0.39160316800178524,0.050854330918944396,0.3916391859787408,0.010034572392803046,0.14398164654652468,0.01003176075100838,0.000499125837552784,0.0013562095726407783
6.40625,Disgust,False,False,True,False,False,False,False,False,0.08818323781796418,0.00615304433796961,0.6522427923777293,0.0003057114925966532,0.2399943282107073,0.006147191729842639,0.0061428680293597335,0.0008308260038306197
6.4453125,Amusement,True,False,False,False,False,False,False,False,0.6500955956319187,0.002251666969631016,0.23913551898989707,0.0008279100485962263,0.0879656923750111,0.01664493484940842,0.002250879637290701,0.0008278014982468482
6.484375,Amusement,True,False,False,False,False,False,False,False,0.39472175031225276,0.04868991934648493,0.3947543527489351,0.0013675092248915692,0.14521785906294704,0.010159963585425726,0.001372192848180297,0.003716452870882475
6.5234375,Anger,False,True,False,False,False,False,False,False,0.09694840693185801,0.2625189305112741,0.26354178834804787,0.002485222598669663,0.26390119669883594,0.09707638627781551,0.006773424078423974,0.00675464455507489
6.5625,Inspiration,False,False,False,False,True,False,False,False,0.013370315081916231,0.004931151591960616,0.1915696515700799,0.004909705637544775,0.5211571330264433,0.19176182593498559,0.07049480889194094,0.0018054082651287162
6.6015625,Anger,False,True,False,False,False,False,False,False,0.0189248301903803,0.38349504235879894,0.05174956541598284,0.001329600602831194,0.3836872131614869,0.14122324721958365,0.01910149917328319,0.0004890018776529469
6.640625,Joy,False,False,False,False,False,True,False,False,0.00031825326598514114,0.03360613847283276,0.017761073860754064,0.0008649964456882007,0.24969657996771197,0.6789414237517107,0.012418903266830757,0.006392630968486396
6.6796875,Joy,False,False,False,False,False,True,False,False,0.001333985283921234,0.009944089543416053,0.07309832010564754,0.000490488833771318,0.14149811289744418,0.3850419346851434,0.38496750568170096,0.0036255629689552617
6.71875,Sadness,False,False,False,False,False,False,True,False,0.012476457590204538,0.002403409568709698,0.018151198534743472,0.0008818482095590139,0.018706716882483532,0.2541687891829084,0.6923290943051483,0.0008824857262429231
6.7578125,Sadness,False,False,False,False,False,False,True,False,0.09526116794740873,0.0008984949698149283,0.0066354775490949655,0.0008976802851417778,0.09532070592436788,0.09533852746659524,0.7047498254929561,0.0008981203646204519
