time_sec,pred_label,Amusement,Anger,Disgust,Fear,Inspiration,Joy,Sadness,Tenderness,prob_Amusement,prob_Anger,prob_Disgust,prob_Fear,prob_Inspiration,prob_Joy,prob_Sadness,prob_Tenderness
0.0390625,Amusement,True,False,False,False,False,False,False,False,0.39871484939180024,0.14653031518152873,0.3987327700850252,0.02816788268204099,0.01984357832174261,0.0005075129102010778,0.0037505799547701587,0.0037525114728909144
0.078125,Tenderness,False,False,False,False,False,False,False,True,0.10760311427505825,0.007505760282857106,0.002752916266923822,0.039421241731758545,0.0074880682147937154,0.03958601022665944,0.0003725364278529466,0.7952703525740962
0.1171875,Disgust,False,False,True,False,False,False,False,False,0.004961878510484754,0.0998536800765227,0.7382643788709272,0.0009407490946939581,0.03673254919158263,0.0999573747642642,0.018943275466740142,0.0003461140247845242
0.15625,Disgust,False,False,True,False,False,False,False,False,0.14516939376851223,0.0037298610519627476,0.3945257121722792,0.3945100935054261,0.05326456372984738,0.003716257991613622,0.0037173401419020083,0.0013667776384566235
0.1953125,Amusement,True,False,False,False,False,False,False,False,0.6766699405171457,0.0003173700807494404,0.24886575220365836,0.017380658224365086,0.00637978939976119,0.04717969998065082,0.000862637290854703,0.002344152302814678
0.234375,Joy,False,False,False,False,False,True,False,False,0.23355245838568733,0.0008093103759924623,0.08591927786508527,0.0008089268629675618,0.011535278850210108,0.635020372793241,0.03154563049744477,0.0008087443693715068
0.2734375,Amusement,True,False,False,False,False,False,False,False,0.637994971082614,0.00029887428331381693,0.23467081340919463,0.0008123691332938509,0.08626699517395976,0.03170220538183894,0.006045791819537409,0.0022079797162474282
0.3125,Amusement,True,False,False,False,False,False,False,False,0.6442747855946338,0.00030179582488238624,0.23700440849532767,0.0008203011055242905,0.0871410832460392,0.016479340998380852,0.011748578585291497,0.0022297061499202296
0.3515625,Amusement,True,False,False,False,False,False,False,False,0.7271504083594482,0.00034111828660765705,0.09826301859644987,0.0009267516950086121,0.036179629273029916,0.036202038871725975,0.09841816317164943,0.002518871746080258
0.390625,Amusement,True,False,False,False,False,False,False,False,0.3860791414587788,0.0004932172557208773,0.027002682607086017,0.0013401639808531707,0.05233129973567912,0.14229378956018643,0.38681511591299494,0.0036445894887005186
0.4296875,Inspiration,False,False,False,False,True,False,False,False,0.006182247563281303,0.0008270908864266473,0.08751283730190546,0.006106661649868996,0.6486042244116778,0.01185900477366997,0.23860388729965826,0.0003040461135116963
0.46875,Sadness,False,False,False,False,False,False,True,False,0.03153554304728445,0.0008093339601693238,0.08579211091643738,0.0021982140155882685,0.23341652362362156,0.011247381111498152,0.6347034090383482,0.00029748428705251884
0.5078125,Amusement,True,False,False,False,False,False,False,False,0.38650891838948565,0.0013408467605265711,0.07453895256748204,0.001339343480503173,0.14224925176941006,0.003644717836840598,0.3867349086752209,0.003643060520530965
0.546875,Amusement,True,False,False,False,False,False,False,False,0.6484590156505974,0.0061167995249774045,0.08775508710449884,0.000303950599343145,0.01185504151255326,0.0008263267636012923,0.23857482375737682,0.0061089550870517375
0.5859375,Amusement,True,False,False,False,False,False,False,False,0.7413483235221968,0.03680821432882713,0.10031360632327287,0.0009442317093041226,0.013036005018682883,0.0003473283201390266,0.10021987728109326,0.006982413496484065
0.625,Amusement,True,False,False,False,False,False,False,False,0.6506915158393175,0.006132860638502253,0.08803020946068765,0.0008286476112777623,0.011888480891274597,0.0008286846247848151,0.23934642605441156,0.002253174879743889
0.6640625,Amusement,True,False,False,False,False,False,False,False,0.6508178501152728,0.002254167380942677,0.23931978121018002,0.0003049275005416494,0.0022537789236167652,0.006126420433975258,0.011137688239889563,0.08778538619558113
0.703125,Amusement,True,False,False,False,False,False,False,False,0.7629038401854965,0.007191452133629355,0.10321813165729427,0.0009715362045925721,0.10251482613932318,0.0026412277797607307,0.0009716843444061008,0.019587301555497254
0.7421875,Amusement,True,False,False,False,False,False,False,False,0.8203115541145096,0.0028409844350287547,0.11079369669888023,0.02099849357160713,0.015005758647097057,0.02193539223716972,0.0003842754054742066,0.007729844890233171
0.78125,Amusement,True,False,False,False,False,False,False,False,0.600740042985779,0.041829385919603536,0.2209306239871872,0.0020802619440385274,0.041808659068102966,0.08128986555059527,0.005660222329949104,0.005660938214744491
0.8203125,Amusement,True,False,False,False,False,False,False,False,0.338413274508983,0.06412964812472527,0.04580558278085751,0.023560337092538235,0.06433652583084591,0.33863331365002813,0.0011724750085574456,0.12394884300346452
0.859375,Amusement,True,False,False,False,False,False,False,False,0.33810705817733633,0.0640550161670501,0.023545737266894032,0.06469663611302988,0.045714709445557666,0.3383212062060503,0.0011712199207513255,0.12438841670333017
0.8984375,Joy,False,False,False,False,False,True,False,False,0.0022094138936868163,0.006007580079713666,0.0008127054676362937,0.2345043405141355,0.031761897281681925,0.6381119075535991,0.0002989163415872993,0.08629323886795928
0.9375,Joy,False,False,False,False,False,True,False,False,0.015495921508725719,0.0155973226863481,0.015497140401301833,0.22254833724415907,0.08191448762346695,0.6058065127635599,0.0007712955139753455,0.04236898225846308
0.9765625,Joy,False,False,False,False,False,True,False,False,0.0018180534444927553,0.1929119733764209,0.01344501198091762,0.03659965751421147,0.19303585442795376,0.5249585524041656,0.0006684394047541292,0.03656245744708369
1.015625,Inspiration,False,False,False,False,True,False,False,False,0.007021373983915557,0.03708614499965733,0.0009497615574213601,0.10088185075825093,0.7457599031109627,0.10092383526133371,0.00034937600447323004,0.007027754323985212
1.0546875,Fear,False,False,False,True,False,False,False,False,0.0005112382098480271,0.007339976654814679,0.0037780843629317907,0.4013272148698671,0.1475148168976157,0.40127041327236224,0.010273958483624702,0.027984297248935766
1.09375,Inspiration,False,False,False,False,True,False,False,False,0.0004979926149846272,0.052842524971261795,0.010005084031917858,0.14354328731905797,0.39075624583977997,0.3909937627512551,0.010006651294693338,0.0013544511770494348
1.1328125,Inspiration,False,False,False,False,True,False,False,False,0.0008230745275966042,0.002238650606060845,0.011759004667345615,0.01653749271266887,0.645818420939929,0.2375610261453544,0.0003025644490689417,0.08495976595197549
1.171875,Inspiration,False,False,False,False,True,False,False,False,0.0017951881806517734,0.013997370742420325,0.07008841272395915,0.013276573888640772,0.5181054133936296,0.19047250200745336,0.001794450319319773,0.1904700887439254
1.2109375,Inspiration,False,False,False,False,True,False,False,False,0.2160094084180575,0.01507682438858607,0.079404228242518,0.0055373326218040985,0.5878427071623095,0.07904774851199978,0.002036025199813754,0.015045725454911557
1.25,Amusement,True,False,False,False,False,False,False,False,0.6963126985131844,0.0065700008722232705,0.017945388953012557,0.002411256216661165,0.25620108928452834,0.017821646891034732,0.00032630185283994215,0.002411617416515538
1.2890625,Amusement,True,False,False,False,False,False,False,False,0.6944839388188403,0.0065435977769551885,0.0179254538285348,0.01779641339083855,0.2555029918716623,0.006537318292220966,0.0003254947337973431,0.000884791287150448
1.328125,Amusement,True,False,False,False,False,False,False,False,0.6720913174378957,0.006361198866285897,0.03341527283897913,0.03340500737170658,0.24721783672554032,0.006337357753064775,0.0008569761431181593,0.00031503286340939777
1.3671875,Amusement,True,False,False,False,False,False,False,False,0.6819734256430856,0.0023641205574994498,0.012459317329555708,0.0023633243037596246,0.25082644836018386,0.01752427869470307,0.03216946411743853,0.00031962099377429225
1.40625,Amusement,True,False,False,False,False,False,False,False,0.7041597857675033,0.002439413426876092,0.09524249055891303,0.0008971174190058529,0.09524784867426082,0.0066302991213764715,0.09505304120510437,0.00033000382696008384
1.4453125,Sadness,False,False,False,False,False,False,True,False,0.23421366409163039,0.00029854508043164913,0.0042233807784794524,0.006001722871911218,0.08613244331209585,0.031675087318739574,0.6366436985750116,0.000811457971700355
1.484375,Disgust,False,False,True,False,False,False,False,False,0.13861664225867218,0.00048092459617932756,0.37695975439930224,0.001306712472656978,0.050997547528688895,0.3771020405948331,0.0509849331108516,0.003551445038815713
1.5234375,Amusement,True,False,False,False,False,False,False,False,0.637993393386375,0.0002990085515849395,0.08623812321684128,0.0008125896145882574,0.03172785059153253,0.006039074671118179,0.23468057556647412,0.002209384401485709
1.5625,Inspiration,False,False,False,False,True,False,False,False,0.026809868018166896,0.0719271060604225,0.07386329118483635,0.0051485112650507085,0.546606102631853,0.2009987225534156,0.07394977712417908,0.0006966211620758255
1.6015625,Sadness,False,False,False,False,False,False,True,False,0.0008258853652985143,0.0003036653437152079,0.016588526009617337,0.006099136031170596,0.23836587618667798,0.087650253853922,0.6479227936845577,0.0022438635250406247
1.640625,Inspiration,False,False,False,False,True,False,False,False,0.14449458625975478,0.003724614399736911,0.003720322822427064,0.0013680599931317355,0.3948824764262944,0.053237225398355764,0.39485249468810163,0.003720220012197714
1.6796875,Amusement,True,False,False,False,False,False,False,False,0.3602699976302264,0.0012511748735919966,0.1323343423079546,0.003394596105023005,0.1325786563336584,0.00924070382553376,0.36047117251822025,0.0004593564057915919
1.71875,Amusement,True,False,False,False,False,False,False,False,0.6402119775811107,0.0008161485720529984,0.08659357080084663,0.0008153839852461616,0.03182763077647181,0.0022166659908577887,0.2353017376712036,0.002216884622210245
1.7578125,Amusement,True,False,False,False,False,False,False,False,0.6499853584768278,0.0008283479450442544,0.016831035739393516,0.002250790615486673,0.08795342417860709,0.0008280371400357733,0.23907082114281455,0.0022521847617902194
1.796875,Amusement,True,False,False,False,False,False,False,False,0.49251102660705526,0.0006280609257191564,0.06659627069011108,0.001707295215970825,0.18098014065454515,0.012636482841386654,0.06369131809101282,0.18124940497419914
1.8359375,Amusement,True,False,False,False,False,False,False,False,0.6940794541729604,0.006538176377239554,0.2552981691746302,0.0008840666508667876,0.02192993939325984,0.0024030989575431053,0.0008840918719898418,0.01798300340151043
1.875,Amusement,True,False,False,False,False,False,False,False,0.8117123074335143,0.0076681495081291325,0.10981575536996495,0.0010340575962464247,0.04029679684693093,0.020780048902194065,0.0010340840645857805,0.007658800278434422
1.9140625,Amusement,True,False,False,False,False,False,False,False,0.8899095360980954,0.00839340569242558,0.01628273628341112,0.0011337718151128457,0.00838367840527636,0.022844366601269844,0.044257684117033055,0.008794820987375721
1.953125,Amusement,True,False,False,False,False,False,False,False,0.8218269804779693,0.007739965193438185,0.01504019084673931,0.0077372211894575285,0.021098720064036663,0.11116400855458554,0.00038503315087999297,0.015007880522893409
1.9921875,Tenderness,False,False,False,False,False,False,False,True,0.03982922499761032,0.05724969931368921,0.0010285688060794982,0.014547344953094272,0.04011066834123949,0.04013302285358785,0.0003780257347545022,0.8067234449999449
2.03125,Tenderness,False,False,False,False,False,False,False,True,0.0003411062829544382,0.09802168057718813,0.0009271075982722283,0.03619614324462521,0.03603976059330455,0.09825958046593693,0.0025228388887098413,0.7276917823490087
2.0703125,Tenderness,False,False,False,False,False,False,False,True,0.04008547628394778,0.007668610167938664,0.0028146543785347983,0.02080873708267351,0.007644779307893482,0.00038028194022883994,0.10952052695217947,0.8110769338866035
2.109375,Amusement,True,False,False,False,False,False,False,False,0.6539084287077123,0.0022702264015349296,0.006204139652950125,0.0022665535344193934,0.0061625992020838865,0.0003065279423954383,0.08844682468626555,0.24043469987263852
2.1484375,Amusement,True,False,False,False,False,False,False,False,0.6903242787135987,0.03399574105406412,0.0023922454668873737,0.0023950462291419997,0.002391307786480832,0.002393953224198789,0.012587099573215441,0.2535203279524127
2.1875,Anger,False,True,False,False,False,False,False,False,0.00790279055553139,0.6511058766641615,0.0008302920335666418,0.08805270552689301,0.006160676193017244,0.0003053987407168939,0.006152964667264839,0.23948929561884832
2.2265625,Amusement,True,False,False,False,False,False,False,False,0.4004114076942353,0.40092854534769773,0.028668602046568462,0.14734540135214733,0.0013914756135875788,0.010304043451049424,0.0005114559280267625,0.010439068566687311
2.265625,Inspiration,False,False,False,False,True,False,False,False,0.031698269320642736,0.23455566869528846,0.0008128427708816225,0.08632473683787566,0.6380775142808132,0.006021964652951316,0.0002989976163965085,0.0022100058251506
2.3046875,Inspiration,False,False,False,False,True,False,False,False,0.0023602401355426474,0.0008688317415797814,0.012313600855956149,0.033897431628189985,0.6815141203459073,0.2506852004051837,0.0008680400835503429,0.017492534804090187
2.34375,Inspiration,False,False,False,False,True,False,False,False,0.0038126401838898365,0.001404245056329408,0.14895572188506673,0.0038142534912309423,0.40491076618638,0.4051064223135879,0.028183159516863066,0.003812791366652026
2.3828125,Inspiration,False,False,False,False,True,False,False,False,0.17139970994015835,0.004387327599561228,0.1714583859662355,0.0016136138162161672,0.4661468418987168,0.1714571078414908,0.001613451437279727,0.011923561500341422
2.421875,Disgust,False,False,True,False,False,False,False,False,0.09533106316713152,0.0008974321871277744,0.7046580404083799,0.0008972052523675387,0.09535212093972675,0.09533551056091735,0.0008972846355172904,0.006631342848832047
2.4609375,Disgust,False,False,True,False,False,False,False,False,0.013940383781868846,0.0009758802884727964,0.7657677263122807,0.002652739516179336,0.10351416283007558,0.1032827783727037,0.007213052618445689,0.0026532762799731805
2.5,Amusement,True,False,False,False,False,False,False,False,0.6344047731422242,0.0002972982752330231,0.23337582567712375,0.000808023398556725,0.08578426544330923,0.0315643681598809,0.011569394852395913,0.0021960510512764367
2.5390625,Amusement,True,False,False,False,False,False,False,False,0.6401786535091785,0.0008152625264204875,0.23550240585351573,0.0008151183665062403,0.08649382466402865,0.031761955378368095,0.002217189946735566,0.002215589755246969
2.578125,Disgust,False,False,True,False,False,False,False,False,0.233529263184506,0.00029742888823685936,0.634781883813796,0.0008084463176208608,0.08586169601564024,0.031177903374632016,0.011345903411527103,0.0021974749940408774
2.6171875,Amusement,True,False,False,False,False,False,False,False,0.727230077439269,0.00034072690009926413,0.0984026704933384,0.0009260304621134739,0.03610175674179315,0.03617908252144019,0.09830261805680962,0.002517037385136808
2.65625,Amusement,True,False,False,False,False,False,False,False,0.6780370949518145,0.0003176187048283043,0.24942113126140023,0.0008631817184544504,0.017718736840794013,0.01756169019479009,0.03373413787580127,0.0023464084521169827
2.6953125,Amusement,True,False,False,False,False,False,False,False,0.8040188602518065,0.0027835086814237057,0.10880607707013558,0.0003765967997240145,0.02069078946761204,0.020567504033863662,0.03997400648471076,0.0027826572107237956
2.734375,Amusement,True,False,False,False,False,False,False,False,0.6379662882571395,0.00029889144475531474,0.08631605716786042,0.0008122722544811473,0.03170805170253679,0.006049441756924357,0.2346407479619471,0.00220824945435537
2.7734375,Amusement,True,False,False,False,False,False,False,False,0.6485154017703253,0.0008262146041301575,0.08772400120541494,0.0008258390181595478,0.006111448697212874,0.016610831578652924,0.23856031999537555,0.000825943130728718
2.8125,Amusement,True,False,False,False,False,False,False,False,0.647932045728349,0.000303655225314065,0.08765321366833162,0.0008250971458909324,0.016637926637797493,0.006101016133195723,0.23830351481824788,0.002243530642873281
2.8515625,Amusement,True,False,False,False,False,False,False,False,0.7574025754994171,0.0026251962897687934,0.10246748255492391,0.0009645533793515927,0.10237184841580184,0.019380784820163283,0.013822918946175327,0.000964640094397987
2.890625,Amusement,True,False,False,False,False,False,False,False,0.6379637981402773,0.0002991994660590776,0.08631298096253369,0.0008126754223374702,0.03173516405794436,0.002209784653707085,0.23465527760051408,0.006011119696627012
2.9296875,Amusement,True,False,False,False,False,False,False,False,0.7490880659011471,0.000954850988922437,0.10135370400541042,0.0009541770484534579,0.002595645362970035,0.00705237391733573,0.10115488427935625,0.03684629849640458
2.96875,Amusement,True,False,False,False,False,False,False,False,0.6477718964658028,0.016591835865391896,0.23830398252152502,0.0003035269301224089,0.0063755344987674175,0.0008250874386784854,0.002244652708279274,0.08758348357143265
3.0078125,Amusement,True,False,False,False,False,False,False,False,0.6561872609735637,0.0022740310829920908,0.08876079908428591,0.0022722400453805427,0.24120276309549982,0.0022731115878010474,0.0008365391417764544,0.006193254988700491
3.046875,Amusement,True,False,False,False,False,False,False,False,0.8717632058394805,0.008216610591023596,0.043338793416786876,0.0011110765562501596,0.008219054665629319,0.01577037986682527,0.008241370065052005,0.04333950899895226
3.0859375,Amusement,True,False,False,False,False,False,False,False,0.8416405998375753,0.021663605847253586,0.041848320844472604,0.007937165068796253,0.002918749056265999,0.04170903789461618,0.00039452365150533317,0.041887997799514715
3.125,Tenderness,False,False,False,False,False,False,False,True,0.020922148670631364,0.10233398898666808,0.0010063697905179218,0.007460775874064464,0.03915044012123494,0.0390860591454544,0.00037015954780673547,0.7896700578636221
3.1640625,Tenderness,False,False,False,False,False,False,False,True,0.0026737757535890733,0.002670943028997631,0.000982297620432253,0.007272254188254244,0.10417833209032532,0.10423348322702615,0.007279592722058945,0.7707093213693164
3.203125,Tenderness,False,False,False,False,False,False,False,True,0.0009715441424399952,0.1029516229117811,0.000971184300683708,0.01992441963431339,0.0071796850023454145,0.10312732413650721,0.0026432872835137505,0.7622309325884155
3.2421875,Tenderness,False,False,False,False,False,False,False,True,0.020574838544452658,0.10838614281842512,0.00037565638184181265,0.0075550707297523945,0.020619175528566784,0.03985775333435879,0.0010220347149537516,0.8016093279476486
3.28125,Tenderness,False,False,False,False,False,False,False,True,0.00033005502973570223,0.09524322612164533,0.0008970165915707383,0.0066402251333130035,0.09496743320859166,0.09524860644972262,0.0024405283211433888,0.7042329091442775
3.3203125,Tenderness,False,False,False,False,False,False,False,True,0.0008798166832035472,0.25393082630004377,0.0008796810983580678,0.006546125984901876,0.00652022860067612,0.00666237139176296,0.03412490029275409,0.6904560496482994
3.359375,Tenderness,False,False,False,False,False,False,False,True,0.006649961618708034,0.2589100760554085,0.002444029367280585,0.0008981754505744538,0.00244958271642675,0.006643593767912104,0.018092381779918343,0.7039121992437712
3.3984375,Anger,False,True,False,False,False,False,False,False,0.08749505005578423,0.6464464914270419,0.002248833798654373,0.011729569089144411,0.01165413402008664,0.00030324075592029346,0.0022465119594710964,0.23787616889389718
3.4375,Amusement,True,False,False,False,False,False,False,False,0.6898605188427678,0.2536150479457166,0.006504641180240369,0.006505362740160856,0.002390659390183811,0.0003232391810609455,0.034300982382971315,0.00649954833689812
3.4765625,Amusement,True,False,False,False,False,False,False,False,0.7684429508185827,0.10388525133610359,0.10395296018398853,0.007260049468381934,0.007252175259341954,0.0009786777084107787,0.007248974241834501,0.000978960983356036
3.515625,Amusement,True,False,False,False,False,False,False,False,0.7411608259445993,0.03685249459777478,0.10020838726928874,0.006988494268662142,0.013364450020333067,0.0003472150076602174,0.1001342203387096,0.0009439125529720913
3.5546875,Amusement,True,False,False,False,False,False,False,False,0.6721030016635793,0.006339791698408961,0.033277397779268705,0.03338550531151581,0.24738960127108395,0.006332542164253923,0.00031517056145381045,0.0008569895504356332
3.59375,Amusement,True,False,False,False,False,False,False,False,0.315079306195708,0.00040132798339509305,0.3150819011407661,0.0010908432274979163,0.31512791736671386,0.04218800180676231,0.008065488021277345,0.0029652142578793193
3.6328125,Amusement,True,False,False,False,False,False,False,False,0.6479066817817188,0.0008251019444548536,0.08767802655652611,0.000303451623023748,0.2383456477438607,0.016594147922575284,0.006104655349025681,0.002242287078814741
3.671875,Amusement,True,False,False,False,False,False,False,False,0.6495218826234498,0.0022485425726853827,0.23892087315541624,0.0003042353370310488,0.08788746187687746,0.016619785425039498,0.0022489944377851556,0.0022482245717154997
3.7109375,Disgust,False,False,True,False,False,False,False,False,0.09528761677967117,0.0003299835680641626,0.7041073391705601,0.0008969368524556822,0.09524865787032087,0.006632954920033533,0.09505879467803305,0.00243771616086136
3.75,Amusement,True,False,False,False,False,False,False,False,0.7040035338996365,0.0003300059220048929,0.09527555613189373,0.0008967888820687827,0.006647112203483953,0.09520015757128128,0.0952094812260531,0.0024373641635777737
3.7890625,Amusement,True,False,False,False,False,False,False,False,0.6996973991029984,0.0003278949898636139,0.09462578110498743,0.0008910962911906952,0.012778020935211382,0.09462249069692291,0.09463508380342577,0.002422233075399711
3.828125,Sadness,False,False,False,False,False,False,True,False,0.08582837945263681,0.00029733686009252323,0.23333809866481842,0.002196849085757318,0.03156324868182085,0.011605043013953105,0.6343629060425949,0.0008081381983259562
3.8671875,Sadness,False,False,False,False,False,False,True,False,0.031580411635548845,0.0002975405160809194,0.08531873389104248,0.0008087925997125446,0.011604506001295657,0.233481620381067,0.6347099841286548,0.002198410846597833
3.90625,Joy,False,False,False,False,False,True,False,False,0.2346503873196121,0.002211521436603867,0.03167885805695581,0.0002989410579756772,0.006040598817830769,0.6379908450383945,0.08631613615414635,0.0008127121184808826
3.9453125,Inspiration,False,False,False,False,True,False,False,False,0.008076935177019207,0.00040147279570889043,0.0029658523698700224,0.001090974951689631,0.3150753970025254,0.315164183565829,0.31513216310976516,0.04209302102759265
3.984375,Inspiration,False,False,False,False,True,False,False,False,0.0014191589415639585,0.0038588316918242915,0.010484565081192972,0.0038567853921223673,0.4096214962870188,0.15068570064676076,0.4095452055186046,0.010528256440912246
4.0234375,Amusement,True,False,False,False,False,False,False,False,0.6379942585342037,0.00029901367585136185,0.08631989792225048,0.0008125158317488224,0.031722470754444745,0.006006984368729688,0.23463581725372962,0.002209041659041647
4.0625,Amusement,True,False,False,False,False,False,False,False,0.8141809412022994,0.0028192191020358012,0.11016640351007718,0.002817710034410822,0.007660514031600746,0.02082542072852009,0.04049318783499693,0.0010366035560589496
4.1015625,Amusement,True,False,False,False,False,False,False,False,0.704002894033337,0.006628983916556272,0.25894769031188847,0.0008963096849579852,0.018026571262340092,0.0024364255001321695,0.0024374714996235215,0.006623653791164465
4.140625,Amusement,True,False,False,False,False,False,False,False,0.7874162864240973,0.002726651838181632,0.039184175823253925,0.001002731635314897,0.10639892035128794,0.05484310367271996,0.007425316693372311,0.0010028135617719505
4.1796875,Amusement,True,False,False,False,False,False,False,False,0.7706886959748515,0.0009816044304332607,0.10422799204582418,0.002667979644374274,0.007257305588000138,0.10424703889627146,0.002668954067587548,0.007260429352657692
4.21875,Amusement,True,False,False,False,False,False,False,False,0.6904879749658595,0.006515834701367049,0.2539312797670129,0.0008800004380503954,0.006503379441576741,0.03430046469223355,0.0008794464590656724,0.006501619534834205
4.2578125,Tenderness,False,False,False,False,False,False,False,True,0.01986087590472285,0.007179737490275236,0.0009683084630642187,0.10252258972295523,0.10260938145768626,0.007161787675034291,0.0003559498612919711,0.75934136942497
4.296875,Tenderness,False,False,False,False,False,False,False,True,0.007212722949009019,0.0009685665920041157,0.0003560563710837153,0.019554886172638196,0.10266050333469959,0.1026213943047048,0.007177399922699943,0.7594484703531607
4.3359375,Tenderness,False,False,False,False,False,False,False,True,0.002594242647750771,0.10033956614390434,0.00035094420606627955,0.03721958685142115,0.0070581371472537785,0.10126555634739566,0.0025950110899378206,0.7485769555662702
4.375,Fear,False,False,False,True,False,False,False,False,0.0036533229475294595,0.027061736011949677,0.0013396342182866484,0.38608603076725967,0.052294872032404044,0.14231234847299593,0.0004927627609218237,0.38675929278865273
4.4140625,Joy,False,False,False,False,False,True,False,False,0.0008963886562536715,0.006920499525027497,0.002437203340459316,0.09508089192280869,0.09523420398990604,0.7038552286326653,0.0003297798820602279,0.09524580405081913
4.453125,Joy,False,False,False,False,False,True,False,False,0.0005654849688765762,0.05989092931085009,0.004179442754473941,0.16317725322985346,0.1632287818031215,0.4440754972745474,0.0015383416499847025,0.1633442690082923
4.4921875,Joy,False,False,False,False,False,True,False,False,0.0005659664749886426,0.05996683171664174,0.0041866038836351465,0.16323435788596666,0.16256558225479953,0.44450315008341423,0.0015387738356471548,0.1634387338649069
4.53125,Joy,False,False,False,False,False,True,False,False,0.0005653978762740336,0.1632577571283803,0.0041783439330517315,0.06002469987625272,0.16325648644901403,0.44389357464551354,0.0015371905897061315,0.16328654950180746
4.5703125,Joy,False,False,False,False,False,True,False,False,0.0003128887803034658,0.03300293448409853,0.017103248005746034,0.0023130184248442514,0.03322801464100026,0.6675868497962819,0.0008506945621166197,0.24560235130560895
4.609375,Inspiration,False,False,False,False,True,False,False,False,0.0018055599031156402,0.19162127689597216,0.004909995377903838,0.0049092036626630425,0.5212133207913546,0.07045664019367952,0.013355285854735024,0.19172871732057606
4.6484375,Anger,False,True,False,False,False,False,False,False,0.022776962041292426,0.4606818450107984,0.16977154323254134,0.001600005077918461,0.1699264382193622,0.004349662767500846,0.0015994706742068427,0.16929407297637955
4.6875,Amusement,True,False,False,False,False,False,False,False,0.43633362340020854,0.0041149099714608926,0.021688476724382177,0.011195485595321474,0.43682842958829304,0.030435217784237766,0.000556468828719905,0.058847388107376206
4.7265625,Inspiration,False,False,False,False,True,False,False,False,0.08947026365029448,0.0886506903748872,0.08897577736711622,0.006265236882001862,0.6613380037540513,0.04606653861789302,0.0022941060598027033,0.0169393832939533
4.765625,Amusement,True,False,False,False,False,False,False,False,0.6484472004983007,0.0061157476988964645,0.08772131977196368,0.0008264968290851406,0.2385804623294557,0.01665586146960556,0.0008267302632669628,0.0008261811394258165
4.8046875,Amusement,True,False,False,False,False,False,False,False,0.6873749025722792,0.0023797695187509653,0.03418793959350222,0.0023801754271507245,0.2528371790435802,0.01758490851809883,0.0008755347517918435,0.002379590574845917
4.84375,Amusement,True,False,False,False,False,False,False,False,0.40272589388472607,0.0037913619861037356,0.1480697694577034,0.010327071223783225,0.4027659834188107,0.02801577502983513,0.003791284995411634,0.00051286000362606
4.8828125,Amusement,True,False,False,False,False,False,False,False,0.6576666466305463,0.0008383476476541094,0.03273248017083678,0.0008377952944969297,0.24183094379574047,0.03260036617416108,0.03265587751677434,0.0008375427697899684
4.921875,Amusement,True,False,False,False,False,False,False,False,0.6386169226334392,0.0008134252367114766,0.2348393069648749,0.0008132239041215677,0.08637760590860329,0.0060127676634022685,0.031713587697775665,0.000813159991071632
4.9609375,Amusement,True,False,False,False,False,False,False,False,0.7439280233806684,0.002577101662748251,0.1006451153756392,0.0009475455257404776,0.10049705674010213,0.03688304619667602,0.013574590160641074,0.00094752095778436
5.0,Amusement,True,False,False,False,False,False,False,False,0.7437499499580372,0.0009484612033049486,0.10059679309708629,0.0009477427126575477,0.013586794238915827,0.10058340384402704,0.03701037440030294,0.002576480545668179
5.0390625,Amusement,True,False,False,False,False,False,False,False,0.7046877452511298,0.0008977545375968506,0.09527421844880835,0.0008974003803436296,0.006641523530879444,0.09534573393018751,0.09535811039239332,0.0008975135286610598
5.078125,Amusement,True,False,False,False,False,False,False,False,0.7278382421428868,0.0009272752270676422,0.09846925472959847,0.002519547242749943,0.035414261033688055,0.09828776267041761,0.036202626670535976,0.0003410302830553901
5.1171875,Amusement,True,False,False,False,False,False,False,False,0.6379575247750641,0.0008127382594817688,0.08631695508500593,0.002208371216668013,0.031732564431653364,0.0060396028179855645,0.23463336290396924,0.00029888051017194913
5.15625,Amusement,True,False,False,False,False,False,False,False,0.7377760180763876,0.000939890957018386,0.09983905953797312,0.0003456012743508406,0.05181620027077414,0.006943142938250652,0.09978583398896093,0.002554252956284439
5.1953125,Amusement,True,False,False,False,False,False,False,False,0.6479730629521998,0.01660934565636474,0.0876800392822386,0.002243195296372124,0.006116336828097599,0.0003036175790779448,0.23824891350234512,0.0008254889033040176
5.234375,Amusement,True,False,False,False,False,False,False,False,0.7955119661726793,0.007497838411150329,0.10763114706185364,0.0027549759271164043,0.0392365602870307,0.00037281960216030744,0.039496805774688136,0.007497886763321199
5.2734375,Inspiration,False,False,False,False,True,False,False,False,0.24834741526555532,0.0023434681083965877,0.03357165246470556,0.002339108814683628,0.6749855679691884,0.00031658087941615996,0.03172345263384907,0.006372753864205366
5.3125,Amusement,True,False,False,False,False,False,False,False,0.3932280446899284,0.0013639164583177676,0.010100316810253114,0.003710079886792258,0.05323033739161049,0.001363508923706874,0.14362064647640246,0.39338314936298874
5.3515625,Amusement,True,False,False,False,False,False,False,False,0.7039374070491976,0.000897013003948161,0.2588590431504462,0.002437325941073717,0.006691954145269538,0.006632964238702598,0.002437952438176108,0.018106340033186095
5.390625,Amusement,True,False,False,False,False,False,False,False,0.3774003555308803,0.05062285012256753,0.051002433061496676,0.0013089972026772518,0.13796816526478367,0.00355931254041067,0.0004812483978411021,0.3776566378793427
5.4296875,Tenderness,False,False,False,False,False,False,False,True,0.2543007450882869,0.002399526345045835,0.006530245027378937,0.0008833109701908873,0.03445084213476927,0.0024002514223030957,0.006541010340635096,0.6924940686713899
5.46875,Tenderness,False,False,False,False,False,False,False,True,0.007934481763338788,0.007929008491731256,0.0029230267555299862,0.01534391074178418,0.007955112546783922,0.11343488714483009,0.002916763046287542,0.8415628095097142
5.5078125,Tenderness,False,False,False,False,False,False,False,True,0.021240152973988787,0.11158701401485578,0.0003878173278892635,0.007831304368033044,0.02123726339254788,0.002871368820017466,0.007951232087948849,0.8268938470147189
5.546875,Tenderness,False,False,False,False,False,False,False,True,0.0008713548689355042,0.04765719870187117,0.0008715397870645758,0.006632979319030344,0.2513331318422536,0.006442283570338758,0.0023701799950891127,0.6838213319154169
5.5859375,Tenderness,False,False,False,False,False,False,False,True,0.0027240286403915626,0.10624554310811267,0.0003684844473028227,0.0074163384323733695,0.05500523509372768,0.03912672761869797,0.0027264530046838087,0.7863871896547101
5.625,Anger,False,True,False,False,False,False,False,False,0.08759978135128249,0.6478258083563384,0.0003037963041538345,0.0008261956687974709,0.0022468509668583823,0.0061202985153329965,0.016742844058023326,0.2383344247792131
5.6640625,Amusement,True,False,False,False,False,False,False,False,0.7675546619010571,0.10372863176575656,0.0003598856110447052,0.0026863618730505333,0.007235521450842866,0.00746114299358124,0.007235597988472061,0.10373819641619478
5.703125,Anger,False,True,False,False,False,False,False,False,0.09528757368100245,0.703901729414557,0.00033012530174975676,0.09528919811105924,0.09521174811266593,0.006637244346648111,0.0008979821422536296,0.002444398890063845
5.7421875,Anger,False,True,False,False,False,False,False,False,0.011758084027665056,0.45852240317794385,0.0005844965790001703,0.16840918405450123,0.022806420635097798,0.16802627029188177,0.16830367151340084,0.0015894697205092979
5.78125,Anger,False,True,False,False,False,False,False,False,0.14272319937983485,0.3888001465526203,0.0036868981444944174,0.05257078424848001,0.38894647008702726,0.019110859697465992,0.0004958893882547994,0.0036657525018222743
5.8203125,Fear,False,False,False,True,False,False,False,False,0.06006420202632845,0.16308384484965965,0.16326363474066233,0.4440178686474929,0.16327822121207053,0.004186293856840979,0.0005662457273281998,0.0015396889396169693
5.859375,Amusement,True,False,False,False,False,False,False,False,0.7535095288201407,0.10182917182684999,0.10190424233517732,0.019460073933384985,0.002610821896437033,0.0009598694118951992,0.019373179953884264,0.00035311182223054854
5.8984375,Amusement,True,False,False,False,False,False,False,False,0.7575217970658339,0.013819269535328868,0.10243008761019802,0.007142738762957359,0.013805843751720127,0.0026234432130830664,0.10230188427244677,0.00035493578843181215
5.9375,Amusement,True,False,False,False,False,False,False,False,0.6783354745394286,0.002351251951272296,0.0337544176058252,0.01739202015242966,0.24959261870173946,0.017391689573237903,0.00031798379916860156,0.0008645436768983423
5.9765625,Amusement,True,False,False,False,False,False,False,False,0.3216057410285033,0.000409542591897798,0.3216193544237776,0.0011132566550519827,0.32160791115091025,0.022380370574044347,0.00823792037314729,0.003025903202667551
6.015625,Amusement,True,False,False,False,False,False,False,False,0.6343383994581983,0.0002970801524713462,0.2333534486064098,0.0008074549301289824,0.08583408278991307,0.03156733973160848,0.01160732891342402,0.0021948654178461815
6.0546875,Amusement,True,False,False,False,False,False,False,False,0.6394723534231028,0.002212700672457222,0.235243021577599,0.00029943203300331707,0.08653263950186459,0.03181422868460364,0.0022131056709305823,0.0022125184364388427
6.09375,Amusement,True,False,False,False,False,False,False,False,0.647917958048283,0.0003034097062077761,0.2383452892150018,0.0008247128680734221,0.08766550853548283,0.016579454497178386,0.006121886916839539,0.0022417802129332458
6.1328125,Amusement,True,False,False,False,False,False,False,False,0.6569895519240233,0.0008364753022111462,0.24168397315962045,0.0003076737940949347,0.03267937109403942,0.03254313403002036,0.03268637078609992,0.0022734499098905885
6.171875,Amusement,True,False,False,False,False,False,False,False,0.7039886640745618,0.0003297269584057995,0.09526563458965716,0.0008961591816724261,0.006626306146913565,0.09521045916428769,0.09524681220829659,0.0024362376762049466
6.2109375,Amusement,True,False,False,False,False,False,False,False,0.8048336246220602,0.001024802362689629,0.10891464863548371,0.001024621463681781,0.020814009410384568,0.02058678459933655,0.04001627012733052,0.0027852387790330124
6.25,Amusement,True,False,False,False,False,False,False,False,0.6380445702026887,0.0022098284229022966,0.08632702420314069,0.0002988910425153543,0.03162439020871749,0.006006353254223145,0.23467634104403773,0.0008126016217746981
6.2890625,Amusement,True,False,False,False,False,False,False,False,0.3190198222520695,0.00040681890902302263,0.022216466328091437,0.0011054099096956813,0.31917141591421855,0.015854052618221943,0.31921998039445154,0.003006033674228355
6.328125,Amusement,True,False,False,False,False,False,False,False,0.6443004610408722,0.002233247881787689,0.08707983636562242,0.0008206886700983327,0.01178547306748718,0.016511139907555338,0.2369672419393834,0.000301911127193412
6.3671875,Amusement,True,False,False,False,False,False,False,False,0.7274811915106782,0.09802147117023872,0.0983341964529429,0.0025197745652122835,0.036202872399590955,0.0003409387302249825,0.036172509184729855,0.0009270459863819895
6.40625,Amusement,True,False,False,False,False,False,False,False,0.3846126834226105,0.0004904223574698945,0.009848246039626467,0.0013325627145489047,0.38477828522801566,0.0036220579591052524,0.14152236330960932,0.07379337896901399
6.4453125,Amusement,True,False,False,False,False,False,False,False,0.7489482596158149,0.0009553114272446559,0.00707775233039509,0.0025966493390187,0.10133389239550505,0.0009553639332778095,0.10114468852654539,0.03698808243219845
6.484375,Amusement,True,False,False,False,False,False,False,False,0.6468533152090397,0.016586768202361636,0.23797153662028586,0.0008246020750465703,0.003891934768169324,0.00030323720829377116,0.006107387392682567,0.08746121852412064
6.5234375,Inspiration,False,False,False,False,True,False,False,False,0.1325746207724273,0.00923249785579531,0.1323140836763991,0.00045945101097264775,0.3603620820061184,0.003397626780929061,0.0012492522021307787,0.3604103856952274
6.5625,Disgust,False,False,True,False,False,False,False,False,0.03174608555981936,0.0022110809750482364,0.6379152046471733,0.00029911584304362967,0.006045795015214195,0.0008135341095885359,0.08627781991223851,0.23469136393787424
6.6015625,Amusement,True,False,False,False,False,False,False,False,0.44992189437389585,0.03139056176742199,0.022342145759580267,0.0015597723888763483,0.011532248677762001,0.031595646697980144,0.0015591426798660562,0.4500985876546174
6.640625,Tenderness,False,False,False,False,False,False,False,True,0.02164493964859163,0.05867046400764853,0.0010707907888785307,0.015309792606727806,0.021559758964537358,0.04173534753329409,0.00039355394616776435,0.8396153525041543
6.6796875,Tenderness,False,False,False,False,False,False,False,True,0.2487060571579551,0.0023967044515534196,0.0023961699435459814,0.0023993216128042915,0.03436957493152165,0.0008809710134019693,0.01772937492052423,0.6911218259686933
6.71875,Tenderness,False,False,False,False,False,False,False,True,0.008285812131688103,0.02251007783109337,0.022580482179261712,0.043088196509627086,0.022692917318108345,0.0004114888243723951,0.0030427790039639756,0.877388246201885
