time_sec,pred_label,Amusement,Anger,Disgust,Fear,Inspiration,Joy,Sadness,Tenderness,prob_Amusement,prob_Anger,prob_Disgust,prob_Fear,prob_Inspiration,prob_Joy,prob_Sadness,prob_Tenderness
0.0390625,Amusement,True,False,False,False,False,False,False,False,0.6779431670031523,0.012378252530905444,0.03374238970450639,0.0008629055169182576,0.24939567567606397,0.012414201522973126,0.012400536028701899,0.000862872016778725
0.078125,Disgust,False,False,True,False,False,False,False,False,0.2385159021618627,0.00030371275294081986,0.6485399966951079,0.006100143190028577,0.011834092069826588,0.0877549286757586,0.0008255468887658525,0.006125677565708991
0.1171875,Anger,False,True,False,False,False,False,False,False,0.0008633715461944975,0.6772400211708846,0.0008631718372167685,0.02005797933641746,0.03354432846297251,0.24921689241294012,0.0008634884952605286,0.017350746738113584
0.15625,Amusement,True,False,False,False,False,False,False,False,0.40339579278875476,0.028132360922620912,0.010375718474379672,0.0013966019037627555,0.40339672677432875,0.14810595153751843,0.0037999293935516566,0.00139691820508313
0.1953125,Inspiration,False,False,False,False,True,False,False,False,0.07044187949218261,0.013361687160023955,0.19169890045767224,0.004907026343106122,0.5211706492856523,0.1916996290136089,0.0018050128177453742,0.0049152154300085606
0.234375,Anger,False,True,False,False,False,False,False,False,0.011949479454139392,0.4653045825952306,0.1710204923496475,0.004391277397030999,0.17116065000644493,0.17118901463337471,0.000594015353901468,0.0043904882102303346
0.2734375,Joy,False,False,False,False,False,True,False,False,0.0412168955428002,0.005618858320051211,0.04162574357125721,0.021556952835282445,0.04175853031520796,0.8398890534382947,0.007939881298922185,0.0003940846781841291
0.3125,Amusement,True,False,False,False,False,False,False,False,0.39293014884587774,0.0037013116745208997,0.14442190592564874,0.0013608058981212448,0.3930137326858653,0.0531569990063519,0.010054311619254647,0.0013607843443594505
0.3515625,Amusement,True,False,False,False,False,False,False,False,0.6479240421215822,0.0008252008447405957,0.08766759421847589,0.00030348038106369694,0.2383660477457538,0.016572256045357604,0.006098867486262001,0.0022425111567641737
0.390625,Amusement,True,False,False,False,False,False,False,False,0.4218820210148738,0.010804697510979577,0.05708923179356299,0.0014601255038086884,0.4219158073802007,0.029341536146351713,0.056969457826761875,0.0005371228234607246
0.4296875,Amusement,True,False,False,False,False,False,False,False,0.6448043761047532,0.0008211712451383039,0.08725232310374671,0.0008209455469038795,0.2372169689007796,0.016511249059012485,0.011752079534836644,0.0008208865048291137
0.46875,Amusement,True,False,False,False,False,False,False,False,0.4571795170089434,0.0319175187472434,0.1681779990441212,0.001582889495998215,0.16817567704307193,0.0043052957280401245,0.1680788978904143,0.0005822050421675355
0.5078125,Amusement,True,False,False,False,False,False,False,False,0.5214858300067322,0.00493219037175226,0.19163821159888916,0.004911981902024219,0.07006482012346618,0.19179084800089338,0.013370408404155742,0.0018057095920867691
0.546875,Disgust,False,False,True,False,False,False,False,False,0.08595106500748607,0.0008105301062224946,0.6350077277473188,0.0008093660925391047,0.03139317343726373,0.23365190939135153,0.011567201583816345,0.0008090266340020137
0.5859375,Amusement,True,False,False,False,False,False,False,False,0.7047341627549982,0.0008990226192184014,0.09525946221840763,0.000898266123150364,0.006642861550830202,0.09533505058624774,0.09533286153737171,0.0008983126097756502
0.625,Amusement,True,False,False,False,False,False,False,False,0.6898697114196614,0.0003235602619153503,0.006511000214726799,0.006499161704062026,0.0023934690263196336,0.2537182995358028,0.03418437643275355,0.006500421404758362
0.6640625,Amusement,True,False,False,False,False,False,False,False,0.6943769979616307,0.0003258102824457407,0.01782326130268208,0.0008853361341563127,0.01795276717484331,0.25552874867196435,0.006563413733542195,0.006543664738735496
0.703125,Amusement,True,False,False,False,False,False,False,False,0.6831224009327184,0.00032043579836249893,0.000871331427341609,0.006438886014685448,0.0064378666606967954,0.25132102245368704,0.03398026108701278,0.017507795625495537
0.7421875,Amusement,True,False,False,False,False,False,False,False,0.4454524627920648,0.001549031258098174,0.059877909348776646,0.16193404385388385,0.0015473723502524162,0.16409274999386175,0.1639983284324255,0.0015481019706368936
0.78125,Amusement,True,False,False,False,False,False,False,False,0.6538924290842729,0.0003071286732088716,0.08845063110009997,0.00616812820287869,0.0022673081584758804,0.006177603519722212,0.2404693300071334,0.0022674412542081153
0.8203125,Amusement,True,False,False,False,False,False,False,False,0.6380990887112812,0.0022135181800149463,0.086297805521488,0.0002990894639105906,0.0008130207291369154,0.031701166704917974,0.23456711967208196,0.006009191017168355
0.859375,Amusement,True,False,False,False,False,False,False,False,0.8141781645201598,0.020847470908038655,0.11017260522468618,0.0028186456949884087,0.0010368792112326235,0.0076632759056176015,0.04046250100295793,0.0028204575323187366
0.8984375,Amusement,True,False,False,False,False,False,False,False,0.6873625129244825,0.0023806799648216715,0.2528701637811286,0.000875146180635645,0.017610459937259175,0.0023794685004021204,0.034142126664581066,0.0023794420466894213
0.9375,Disgust,False,False,True,False,False,False,False,False,0.2414348249612922,0.0008367068453145158,0.6564784787069512,0.002273134287953274,0.0061894829150375575,0.002275671535033929,0.08823781237751199,0.002273888370905379
0.9765625,Amusement,True,False,False,False,False,False,False,False,0.7013202854659711,0.00032887935982061235,0.2580362999279833,0.00660708319138693,0.0024298253480404446,0.01802924834147145,0.006631174309969213,0.006617204055356942
1.015625,Amusement,True,False,False,False,False,False,False,False,0.4095880691685181,0.0014187843579053637,0.40963732953201804,0.0038589126198934837,0.003863572429180957,0.010503593193315158,0.010487072419544283,0.15064266627962455
1.0546875,Disgust,False,False,True,False,False,False,False,False,0.19092432306248183,0.0017998336027484963,0.5194474339876467,0.013302386529789382,0.19030033994672144,0.06992363054235294,0.004892526325200964,0.009409526003058173
1.09375,Tenderness,False,False,False,False,False,False,False,True,0.0353239740081227,0.0009573996524316246,0.00260142584595195,0.10140235154668523,0.10152539382335472,0.0070757413360614625,0.000958069850851832,0.7501556439365404
1.1328125,Fear,False,False,False,True,False,False,False,False,0.04180811448351079,0.0020706841246307187,0.04181389237144105,0.5965206559877013,0.08071822875610683,0.015373119365046088,0.0020719391396734226,0.21962336577188982
1.171875,Inspiration,False,False,False,False,True,False,False,False,0.0037368205846530066,0.0013743372128757997,0.02782257091427723,0.02797710495893138,0.396509242728532,0.1455086232372943,0.0005054874805470822,0.39656581288288917
1.2109375,Disgust,False,False,True,False,False,False,False,False,0.1172853190337411,0.060592256206297886,0.31911959448567023,0.02222338360553587,0.31914136872975096,0.11738006473589742,0.0011063281728418653,0.04315168503026462
1.25,Amusement,True,False,False,False,False,False,False,False,0.23839870610013755,0.006104502599041844,0.23846054613341375,0.006102544293597514,0.23844047453944603,0.23848419917978803,0.0022451631218097976,0.03176386403276554
1.2890625,Amusement,True,False,False,False,False,False,False,False,0.3621576301639986,0.001254409901743315,0.13319878242846137,0.0012538595713145484,0.3621193412403785,0.13319693353288803,0.0034084669303960586,0.0034105762308196726
1.328125,Inspiration,False,False,False,False,True,False,False,False,0.19170166688301724,0.013360596060584602,0.0701257096661517,0.001805433239191283,0.5213832282583748,0.19180596100384165,0.004908379210167477,0.004909025678671233
1.3671875,Inspiration,False,False,False,False,True,False,False,False,0.05811567683432216,0.011048356759322397,0.05734231653792449,0.0014880627598536774,0.4297649154081541,0.42975821281323784,0.010994678142988542,0.0014877807441968447
1.40625,Amusement,True,False,False,False,False,False,False,False,0.40388484888955645,0.010391739980960726,0.020085493637812403,0.0013984145718078697,0.4039296970359267,0.148574662667191,0.010336853196437599,0.0013982900203073447
1.4453125,Disgust,False,False,True,False,False,False,False,False,0.05272932301149714,0.14351592576209288,0.3905450509034136,0.0004980686209349319,0.3907569022482836,0.010586568479845333,0.001354875414015701,0.010013285559916797
1.484375,Inspiration,False,False,False,False,True,False,False,False,0.0029975809228379893,0.008137705809512688,0.015677657961770636,0.008105813536249668,0.8600076525890097,0.04279146823096783,0.0010958589202928702,0.06118626202935864
1.5234375,Disgust,False,False,True,False,False,False,False,False,0.09966146801607124,0.013460778136083481,0.7360843258813965,0.0009389977687017904,0.09968906184622858,0.03661951322031907,0.013200682072228352,0.00034517305897103503
1.5625,Amusement,True,False,False,False,False,False,False,False,0.4629152670430327,0.012795109129285215,0.17028344380527163,0.001605164505196927,0.011875915484830461,0.17028715259489088,0.16964786706997823,0.0005900803675138326
1.6015625,Amusement,True,False,False,False,False,False,False,False,0.6513472192625386,0.0460974804429517,0.01675953255001909,0.016735162625248594,0.23964165356119904,0.017136592273629563,0.006138463336463292,0.006143895947950055
1.640625,Inspiration,False,False,False,False,True,False,False,False,0.03325401436608997,0.03322392970214711,0.012222361261962019,0.0008513686878318593,0.6683925352583088,0.006295810164378206,0.24544688633659356,0.0003130942226885168
1.6796875,Amusement,True,False,False,False,False,False,False,False,0.377548782254984,0.049893123885130765,0.37741622110298484,0.001307437451384356,0.05094652714103666,0.1388476757704105,0.0035593487336238005,0.0004808836604450628
1.71875,Amusement,True,False,False,False,False,False,False,False,0.6382107855817684,0.002211552611902936,0.086328807782889,0.00029895761604637725,0.23461219330913227,0.03149679923899615,0.0060282642008989175,0.0008126396583659162
1.7578125,Amusement,True,False,False,False,False,False,False,False,0.360380623157598,0.003395718083958897,0.13255455157284632,0.00045899352107422727,0.13251759168023072,0.009223106257812528,0.36022160560133876,0.0012478101251406487
1.796875,Amusement,True,False,False,False,False,False,False,False,0.6380624124265075,0.00029922246298683016,0.031675387547571786,0.0008130520468134164,0.006009336083066107,0.23465668899990216,0.0862739886891585,0.0022099117439935614
1.8359375,Joy,False,False,False,False,False,True,False,False,0.23465988369865148,0.00029904510947609405,0.031704692266927036,0.0008127054260362454,0.006010996245224811,0.6380101757016682,0.08629256686035315,0.0022099346916628695
1.875,Amusement,True,False,False,False,False,False,False,False,0.7507615885869465,0.0026030330542865074,0.10146313346105368,0.0003522408747536907,0.002600295029645642,0.10117881854560844,0.03396462900797664,0.0070762614397289056
1.9140625,Amusement,True,False,False,False,False,False,False,False,0.6388189332819555,0.0008153558959404821,0.08608710838030736,0.0008147123595474147,0.006019488005509908,0.03175411382427154,0.2348759676447964,0.0008143206076714223
1.953125,Amusement,True,False,False,False,False,False,False,False,0.6380484281516139,0.0008158770048053818,0.08630599517455631,0.0022173290270104534,0.006012366179163319,0.03170745068038926,0.23459319912151125,0.00029935466095025833
1.9921875,Amusement,True,False,False,False,False,False,False,False,0.7179439571614008,0.000336660465898648,0.0971313947304213,0.002486738047814118,0.0024861753448623615,0.08014428793341954,0.09698329914434972,0.002487487171833465
2.03125,Amusement,True,False,False,False,False,False,False,False,0.6560718383455629,0.0022751122621502366,0.241366108966638,0.0008356778214250925,0.002273514183317106,0.0022719002167660546,0.08872803763865324,0.006177810565487425
2.0703125,Amusement,True,False,False,False,False,False,False,False,0.32590453052728896,0.003075687098652383,0.32610451158533166,0.001129450817786794,0.0011301757880751262,0.008386164640350571,0.32554136719963317,0.008728112342881265
2.109375,Amusement,True,False,False,False,False,False,False,False,0.7496551668079965,0.0009555364937312328,0.10145213204392516,0.007064003770029729,0.002597047361853848,0.000956113920992818,0.10132494855098464,0.035995051050486046
2.1484375,Disgust,False,False,True,False,False,False,False,False,0.25708241768336126,0.0008902146497007371,0.6988930617174605,0.0024192625692227437,0.017947723501012782,0.002419517250899883,0.017927897434110378,0.0024199051942316897
2.1875,Amusement,True,False,False,False,False,False,False,False,0.7707702868162992,0.002668690532054156,0.10431980897725793,0.002668315759128406,0.10405769568656027,0.007263001174350387,0.0009817856398954862,0.007270415414454097
2.2265625,Amusement,True,False,False,False,False,False,False,False,0.6881337367403493,0.0008762615513533974,0.2531498830592377,0.0023813339747699148,0.03421780793613722,0.012347382222367555,0.006512131367763617,0.0023814631480213394
2.265625,Amusement,True,False,False,False,False,False,False,False,0.6507486603948364,0.0008287224045250089,0.23939108222556582,0.0022523939419488203,0.011845663118982417,0.08797841193339812,0.0008287242252665362,0.006126341755477014
2.3046875,Amusement,True,False,False,False,False,False,False,False,0.7654119858259415,0.002649747060084275,0.10358384909382234,0.0026494281809061088,0.10351786527895618,0.014006781135661986,0.0009745976449365747,0.007205745779691075
2.34375,Amusement,True,False,False,False,False,False,False,False,0.3603540648372886,0.0004590135554975492,0.13256858965217067,0.009221037612595634,0.3601936102721571,0.13256345607487835,0.0012475636404203508,0.0033926643549917483
2.3828125,Amusement,True,False,False,False,False,False,False,False,0.4653330528496131,0.0005927203585565398,0.17108568629460338,0.004379406663847854,0.1711416671352491,0.1711674206408264,0.00437901295691285,0.011921033100390714
2.421875,Amusement,True,False,False,False,False,False,False,False,0.3602828877778396,0.001247592699947433,0.1324670115471838,0.009218517228898545,0.3603111377557581,0.13253257957845047,0.00045885756449673046,0.003481415847425242
2.4609375,Inspiration,False,False,False,False,True,False,False,False,0.03930063739030948,0.02020950628417143,0.039283143199103705,0.0010056038360888287,0.7896012105216168,0.10685960057029291,0.0010056513294802807,0.002734646868936596
2.5,Disgust,False,False,True,False,False,False,False,False,0.09694231175267899,0.0067551333758440486,0.2625522026760832,0.002483723131725957,0.2637750826401712,0.2638287637588543,0.006752514811573091,0.09691026785306917
2.5390625,Amusement,True,False,False,False,False,False,False,False,0.5073543605121688,0.013084852393419975,0.1864614014852718,0.0017570907703024794,0.06835928515718957,0.18660585748153088,0.03573063824806411,0.000646513952052414
2.578125,Inspiration,False,False,False,False,True,False,False,False,0.1108428213251276,0.014364576207672184,0.021209305439757343,0.02110678089441539,0.8213138831439084,0.0028505643349371573,0.007926209194415263,0.0003858594597665805
2.6171875,Amusement,True,False,False,False,False,False,False,False,0.7967008257977534,0.007549280659394496,0.0396162385378524,0.0010153463440269659,0.10701348274946597,0.001015447151421499,0.03957971430522791,0.0075096644548574044
2.65625,Amusement,True,False,False,False,False,False,False,False,0.32602057716973676,0.0030683329263770623,0.3259491593435229,0.0011285862746030781,0.32601362228440495,0.008343090429396417,0.008348206425013945,0.0011284251469447842
2.6953125,Inspiration,False,False,False,False,True,False,False,False,0.03953250947722817,0.0027669254389607245,0.10799639277775509,0.002766012565013444,0.7986693362679501,0.03972761027116239,0.00752347725120739,0.0010177359507226361
2.734375,Amusement,True,False,False,False,False,False,False,False,0.6385164815872361,0.0008131993458303523,0.08640917865669424,0.0008130723880864172,0.23490261371450888,0.03172418359551026,0.00600817970285518,0.0008130910092786622
2.7734375,Inspiration,False,False,False,False,True,False,False,False,0.18666302747438246,0.012984462861345684,0.18664998882162795,0.0017562532965124937,0.5074665971279426,0.03528679283786236,0.06854686232148201,0.0006460152588445466
2.8125,Amusement,True,False,False,False,False,False,False,False,0.6743976465449131,0.0008592621310939234,0.03355050982452909,0.0023347857255596187,0.24810959648149958,0.03354210518555627,0.006347381474349211,0.0008587126324992809
2.8515625,Amusement,True,False,False,False,False,False,False,False,0.6544377322582337,0.0022654702113099525,0.08855027009474901,0.0008332159121281819,0.24076145705126412,0.006158948385825322,0.006159774998001732,0.0008331310884881134
2.890625,Amusement,True,False,False,False,False,False,False,False,0.6441796250281149,0.0022318715208709673,0.08717601095915696,0.0008203121160249354,0.23699718158837482,0.016507616673165033,0.011785649472721961,0.0003017326415704105
2.9296875,Joy,False,False,False,False,False,True,False,False,0.1703863009758353,0.011856565717729702,0.170336630437851,0.001603411928537759,0.17023808004603203,0.4631392716807668,0.011850025056268665,0.0005897141569787572
2.96875,Amusement,True,False,False,False,False,False,False,False,0.6442192198136648,0.0022302094493992356,0.08717331306000195,0.0008201934334801049,0.2369877850430037,0.016490466867151846,0.011777107280729598,0.0003017050525686696
3.0078125,Amusement,True,False,False,False,False,False,False,False,0.6395363640661531,0.002218577118779504,0.23521405454803182,0.0022139047614505684,0.0864997718138571,0.002214815801036676,0.03180293430874811,0.00029957758194310827
3.046875,Amusement,True,False,False,False,False,False,False,False,0.4250423923349682,0.0014747908127380228,0.05734016928028165,0.004005681687427256,0.029627874049766533,0.4248864688895122,0.056149958013302345,0.0014726649320038665
3.0859375,Amusement,True,False,False,False,False,False,False,False,0.6381054373923247,0.0002990915953357413,0.03166514981927221,0.0008130303116531012,0.08618286450135822,0.23469594596293644,0.0022282769862891744,0.006010203430830279
3.125,Inspiration,False,False,False,False,True,False,False,False,0.2354390847070178,0.0022160708685302574,0.0022189784068477178,0.0008150870058312125,0.6400423240807458,0.08660224168670144,0.031851151324294696,0.0008150619200309681
3.1640625,Amusement,True,False,False,False,False,False,False,False,0.6924288500741906,0.0008829457450057465,0.0024260093729933157,0.006525084493198311,0.0024004276870176755,0.2545991911046076,0.03421068617474762,0.006526805348239097
3.203125,Amusement,True,False,False,False,False,False,False,False,0.39200525789492563,0.0005002270856904413,0.01005842067482776,0.05234258870935116,0.0036943713674668062,0.1439208440395791,0.3919951090625941,0.005483181165565129
3.2421875,Sadness,False,False,False,False,False,False,True,False,0.1038548286454608,0.0003596845956709003,0.10376841678465003,0.007251362448758928,0.0026570508800180287,0.007308517568291121,0.7673609000414028,0.007439239035747519
3.28125,Sadness,False,False,False,False,False,False,True,False,0.011988162733525405,0.0005935132687236724,0.17128985622650372,0.004386200964903034,0.17119560633862327,0.004385914056238554,0.4649167121012131,0.17124403431026927
3.3203125,Amusement,True,False,False,False,False,False,False,False,0.5412261879126179,0.0006905841392475582,0.03776378913468171,0.19874568613806812,0.07332369704569677,0.001877174384769541,0.07325422170801218,0.0731186595369063
3.359375,Amusement,True,False,False,False,False,False,False,False,0.3572134770765947,0.0004555054748491127,0.0033660269501618392,0.13139012719045112,0.3574138921108779,0.01776709796817518,0.13115513560583142,0.0012387376230589139
3.3984375,Tenderness,False,False,False,False,False,False,False,True,0.040087722958478296,0.0019936855775229655,0.0777929039169827,0.07775701330928705,0.21036005591519738,0.014734279115591387,0.0019948335122779185,0.5752795056946624
3.4375,Amusement,True,False,False,False,False,False,False,False,0.6847977255628378,0.002373653792750395,0.2519010403502648,0.0064531686700240246,0.03393729005623384,0.017836723846865354,0.00032099286934406655,0.002379404851679886
3.4765625,Amusement,True,False,False,False,False,False,False,False,0.5327118063214065,0.005017040526010925,0.19599325108193616,0.005016696918639432,0.03713860108395983,0.0264204181153953,0.001846247991111011,0.1958559379615408
3.515625,Amusement,True,False,False,False,False,False,False,False,0.6880005359672188,0.0008759576056118095,0.25307752620561297,0.0023808856483777765,0.03423220500041442,0.01257772008933817,0.0023812766721877884,0.006473892811238513
3.5546875,Amusement,True,False,False,False,False,False,False,False,0.6400313546470361,0.002214859093467247,0.0866136402869022,0.0008147046446499249,0.23544084649630925,0.03185511332868129,0.002214741986781863,0.000814739516172136
3.59375,Disgust,False,False,True,False,False,False,False,False,0.14513334110557222,0.0037119477496604194,0.3945061383978327,0.003711286658642713,0.394483826360396,0.053376954458798385,0.0013652939754727968,0.003711211293624728
3.6328125,Amusement,True,False,False,False,False,False,False,False,0.3929091191322003,0.003698865204736915,0.0531577091858187,0.01005563486856088,0.3928844425827487,0.14457333106119263,0.001360388895875543,0.0013605090688663607
3.671875,Joy,False,False,False,False,False,True,False,False,0.08504533927871684,0.005920916705046859,0.04380636723025947,0.11910173416766645,0.08508379642674134,0.6289792194711646,0.0008010549150349245,0.03126157180536947
3.7109375,Joy,False,False,False,False,False,True,False,False,0.015078620155268879,0.021101460441736122,0.021111540138490086,0.0028548069790610225,0.11152598056906547,0.8244221943820625,0.0010500485872670113,0.002855348747048811
3.75,Inspiration,False,False,False,False,True,False,False,False,0.00746649181429832,0.0024610789851840257,0.006688507773035258,0.002461486780529734,0.7103277985265263,0.2613594386201378,0.0024609417608287966,0.006774255739459901
3.7890625,Inspiration,False,False,False,False,True,False,False,False,0.10675243450659169,0.0074694435906217825,0.0010062205757863831,0.002733590403787962,0.7891695638026782,0.08268671890663548,0.0074433108522131445,0.002738717361685379
3.828125,Inspiration,False,False,False,False,True,False,False,False,0.03623116534387397,0.09849175389649022,0.03575383429962313,0.0009284628516822005,0.7284411254281644,0.09829670409206011,0.0009284618816400257,0.0009284922064659172
3.8671875,Disgust,False,False,True,False,False,False,False,False,0.0074660361174437775,0.10699219646460735,0.7903749975840507,0.001009245190413358,0.039385711351016366,0.014482046920655578,0.0010098300909238947,0.03927993628088899
3.90625,Disgust,False,False,True,False,False,False,False,False,0.0333475180856534,0.0023230712043220227,0.6697414781764365,0.000313833458111887,0.2464603879391508,0.033326524816533504,0.012168155535767807,0.0023190307840241123
3.9453125,Amusement,True,False,False,False,False,False,False,False,0.4915583050942088,0.0662895011957462,0.18075956832051765,0.0017031293027839668,0.18085648875041357,0.0126045808575341,0.06560202634576652,0.0006264001330291276
3.984375,Disgust,False,False,True,False,False,False,False,False,0.19142119909229063,0.07008827126542849,0.5211444230809272,0.004917783443887109,0.19187503812542867,0.013830894458152205,0.004914630769973527,0.001807759763912104
4.0234375,Amusement,True,False,False,False,False,False,False,False,0.40344304984686213,0.14802062407185743,0.020036789990140077,0.003796541207952926,0.40349259240778834,0.010365239617262368,0.010331473951253042,0.0005136889068836867
4.0625,Amusement,True,False,False,False,False,False,False,False,0.6484679050970882,0.0008257874040164078,0.08775098856428545,0.000825551247875647,0.23857146479742813,0.016613326908143454,0.006119470066869132,0.0008255059142935734
4.1015625,Amusement,True,False,False,False,False,False,False,False,0.36030869777321234,0.009220767243881007,0.1325548674994501,0.00045876417634091975,0.13254734034015767,0.0033902416466134316,0.3602722546159578,0.0012470667043867696
4.140625,Amusement,True,False,False,False,False,False,False,False,0.6485394492707172,0.0008268011644108962,0.01664257721931182,0.0008263187455897854,0.0876458209448217,0.23858333582702032,0.0061092579970171024,0.000826438831111204
4.1796875,Amusement,True,False,False,False,False,False,False,False,0.4716830174398921,0.16824077979101684,0.004476829233703495,0.004460472257420646,0.17157012778576997,0.1734890893677151,0.0016359485607279271,0.004443735563754054
4.21875,Amusement,True,False,False,False,False,False,False,False,0.6681824709110826,0.03318086237299752,0.03318429582128158,0.0063131597946139715,0.0008529227293840909,0.012182617189865212,0.24579036677100027,0.00031330440977481465
4.2578125,Amusement,True,False,False,False,False,False,False,False,0.6501005626988948,0.000829389599493884,0.23906770758826482,0.0008284680177567658,0.0022520356785296794,0.087910614535524,0.016757545221493583,0.002253676660042434
4.296875,Amusement,True,False,False,False,False,False,False,False,0.7063086322485536,0.006697418285234494,0.09558446297917951,0.0003309401738301171,0.09216028928417963,0.002448376589545537,0.09557020079004645,0.0008996796494307912
4.3359375,Amusement,True,False,False,False,False,False,False,False,0.7401818919177731,0.0025668822866254343,0.03678085950040606,0.0003469349730259621,0.0009430417946006581,0.10009688474250039,0.10011596315461956,0.018967541630448906
4.375,Sadness,False,False,False,False,False,False,True,False,0.17024534115249082,0.0016064798508610746,0.16959938268108773,0.16680236534799642,0.0016039604579031717,0.022858229506866275,0.46291936409833073,0.004364876904463735
4.4140625,Sadness,False,False,False,False,False,False,True,False,0.25792433516367913,0.00032869396337392606,0.006801322496886834,0.0066212000506700106,0.01797347652025957,0.006627938420402096,0.7012845318113217,0.0024385015734066616
4.453125,Joy,False,False,False,False,False,True,False,False,0.2390808987666548,0.0008288558439692204,0.002253339580903366,0.0022533604803619462,0.016653879134108998,0.6502039504207985,0.08789667945152874,0.0008290363216745486
4.4921875,Disgust,False,False,True,False,False,False,False,False,0.00030760124081827283,0.00227331414751751,0.6553044587128084,0.006284671302229717,0.006191459678184454,0.08623868288692074,0.002275576395937634,0.2411242356355833
4.53125,Disgust,False,False,True,False,False,False,False,False,0.04266032113369925,0.0029828241840766123,0.8599697950995424,0.02202483754242139,0.008122235762960823,0.0010958013699646975,0.06016367933513038,0.0029805055722045767
4.5703125,Disgust,False,False,True,False,False,False,False,False,0.08796245306338728,0.0008289479394109519,0.6507805065205753,0.0008290903853675892,0.0118950482080396,0.006127734649165506,0.0022533264296623573,0.23932289280439153
4.609375,Disgust,False,False,True,False,False,False,False,False,0.09995716933820574,0.0003460393299221967,0.7387257719594855,0.002556488589656832,0.05150099823481165,0.006989275594941752,0.0989837508410475,0.0009405061119288554
4.6484375,Disgust,False,False,True,False,False,False,False,False,0.0073065541753647816,0.0003602373303737789,0.7684034977196602,0.10280542067110417,0.007248549490347246,0.007241746507823956,0.002665729048841945,0.1039682650564839
4.6875,Joy,False,False,False,False,False,True,False,False,0.06883809668870289,0.0006506485677503708,0.18785903686560324,0.03558016551695236,0.18781859995252217,0.4921124310491908,0.0017687319744488432,0.02537228938482932
4.7265625,Joy,False,False,False,False,False,True,False,False,0.17849263586272482,0.0016838942569619194,0.06563440906029291,0.0655332679444633,0.024106883453748423,0.48525462869135716,0.0006192336824807769,0.1786750470479707
4.765625,Amusement,True,False,False,False,False,False,False,False,0.41290387794316935,0.0014297853026842351,0.41289925689322116,0.0038864885895083293,0.055786279878590826,0.055824111107740944,0.0014295390734400646,0.055840661211645
4.8046875,Amusement,True,False,False,False,False,False,False,False,0.6400367825153701,0.002215246756381922,0.08661274684572033,0.0008147572464492746,0.23543428385554477,0.031856308082855465,0.0022149963509019263,0.0008148783467763026
4.84375,Disgust,False,False,True,False,False,False,False,False,0.23545029597130382,0.0022151670081418107,0.6400259032260658,0.0008147462947106718,0.08660559761095664,0.03185847692207446,0.0022149617207778277,0.0008148512459689508
4.8828125,Amusement,True,False,False,False,False,False,False,False,0.6506592684582256,0.0008284390062911827,0.0880498664057825,0.0022516221567250258,0.23934871334318497,0.011911640429209457,0.006121861804127429,0.0008285883964537748
4.921875,Amusement,True,False,False,False,False,False,False,False,0.39293672513808653,0.010054466123913178,0.39292985921005974,0.0013600140263614637,0.1445271936371597,0.05313333344968461,0.003698252913203033,0.0013601555015317992
4.9609375,Inspiration,False,False,False,False,True,False,False,False,0.012542002524619046,0.03402043376434085,0.006470923659493721,0.002373912099115181,0.6856155360198612,0.25219929360198595,0.00032124636499233,0.006456651965591719
5.0,Inspiration,False,False,False,False,True,False,False,False,0.058362014134436715,0.00406706084718908,0.05819391421371229,0.011058692885069575,0.4314009339323391,0.43136290884379136,0.00149377180117185,0.0040607033422901005
5.0390625,Amusement,True,False,False,False,False,False,False,False,0.39274926614352457,0.14370539715843827,0.003702458157255861,0.010052322624252402,0.3928102332549551,0.05278138488112883,0.0036987264485569423,0.0005002113318879701
5.078125,Inspiration,False,False,False,False,True,False,False,False,0.08363753418172379,0.005831817194749232,0.11741359416168545,0.08291238040451643,0.6187897016134217,0.08344155892262627,0.0021432533124266383,0.005830160208850493
5.1171875,Inspiration,False,False,False,False,True,False,False,False,0.1030987110329877,0.005080067137474426,0.0026460488549959723,0.0026433909255669215,0.7628743406199361,0.10315786033487691,0.01952805825179033,0.0009715228423716265
5.15625,Amusement,True,False,False,False,False,False,False,False,0.4651767042952842,0.1711314069181083,0.01194681380315403,0.004393404880549875,0.17127465862838195,0.17109633674830735,0.0043874283382876935,0.0005932463879265626
5.1953125,Amusement,True,False,False,False,False,False,False,False,0.4047913188625033,0.14886167301776765,0.003828390127536709,0.0014058902141707555,0.40520766032649014,0.0038173551076872525,0.0038220513336074896,0.028265661010236757
5.234375,Amusement,True,False,False,False,False,False,False,False,0.6503463732727419,0.0022539948105887915,0.08792117692647115,0.0008290340149731203,0.23888607323075722,0.002253473825565566,0.000830519485772934,0.016679354433129314
5.2734375,Amusement,True,False,False,False,False,False,False,False,0.3621710356429487,0.0012550189907553895,0.36223796170985845,0.0012540771850298197,0.13307338252132422,0.13318712411910227,0.0034114453798036984,0.003409954451177395
5.3125,Disgust,False,False,True,False,False,False,False,False,0.0996428876795071,0.0009398870394912414,0.7363172103457152,0.0009385089757804824,0.05513601659115525,0.004953679736437082,0.09951991215789782,0.0025518974740157863
5.3515625,Amusement,True,False,False,False,False,False,False,False,0.6825039248494097,0.000320008185273555,0.0064577283924718305,0.0008698285250278193,0.006433368794818551,0.2509828725639857,0.033457965680851326,0.018974303008161403
5.390625,Amusement,True,False,False,False,False,False,False,False,0.6507420019062027,0.0008293429944857794,0.08801271375996818,0.0022530682586087685,0.011881326222505342,0.23932218930904856,0.006130453267974188,0.00082890428120637
5.4296875,Amusement,True,False,False,False,False,False,False,False,0.26262819906054,0.09592881413163898,0.012977627159705631,0.006741371868902134,0.26036908560001165,0.2624758602247189,0.09640344560671772,0.0024755963477649744
5.46875,Amusement,True,False,False,False,False,False,False,False,0.6922735388782281,0.0024062420350549328,0.006608130224899418,0.006524569387548335,0.0023993662900268103,0.034444023823280163,0.2544614522479024,0.0008826771130598925
5.5078125,Amusement,True,False,False,False,False,False,False,False,0.6507288884969599,0.0008301923314539836,0.23935837477779542,0.0008301579936109361,0.0022553631841479714,0.08806443078315737,0.011796457184404233,0.006136135248470167
5.546875,Amusement,True,False,False,False,False,False,False,False,0.322141518314324,0.00041064614484650347,0.32180428342418943,0.0011160176980314065,0.008249473105072912,0.3221442278490103,0.015881750320357005,0.008252083144168457
5.5859375,Amusement,True,False,False,False,False,False,False,False,0.3149461754131754,0.00040138719549604574,0.04258442578093783,0.008064551105311261,0.0010907699693897756,0.31501614572937103,0.3149307523563213,0.0029657924499974604
5.625,Amusement,True,False,False,False,False,False,False,False,0.639596568109504,0.0002996523946316943,0.2352176852162036,0.0022151076218440034,0.0022142029173834034,0.08653272611750665,0.031709681357399204,0.002214376265527452
5.6640625,Amusement,True,False,False,False,False,False,False,False,0.7109547841203465,0.002462288045217847,0.261539540271501,0.006693220533100157,0.0024629350910714,0.006692144963248796,0.006733620215773962,0.0024614667597403265
5.703125,Amusement,True,False,False,False,False,False,False,False,0.8039927611552188,0.0003770054020944312,0.014667841421752922,0.03985607291699546,0.007575048631445415,0.02239568660081193,0.10834387513046667,0.002791708741214281
5.7421875,Amusement,True,False,False,False,False,False,False,False,0.6674160248551028,0.00031328616039017236,0.24558921950002474,0.03317723587864146,0.0008512889109879589,0.0023139107950511527,0.033211829615734476,0.017127204284067332
5.78125,Inspiration,False,False,False,False,True,False,False,False,0.03393832899430568,0.0003202618928595042,0.006447278021758846,0.017564264351030603,0.6832602286736618,0.006433340412020556,0.2511657148289274,0.0008705828254357964
5.8203125,Inspiration,False,False,False,False,True,False,False,False,0.06976026180508146,0.0006604430053634187,0.19026031840777444,0.004905012761977815,0.5175539770295922,0.013277953147061669,0.013431102614083854,0.1901509312290651
5.859375,Disgust,False,False,True,False,False,False,False,False,0.25880180701478045,0.0024356551439351994,0.7035056480706839,0.002435400899032042,0.018661512652370125,0.006638978107530146,0.0008960235993924325,0.006624974512275835
5.8984375,Amusement,True,False,False,False,False,False,False,False,0.6479384881627485,0.00030340757944397935,0.0876843854844787,0.002241824752966044,0.238340674709705,0.016571529673654828,0.006094866725768323,0.0008248229112346622
5.9375,Amusement,True,False,False,False,False,False,False,False,0.6384929160778379,0.000812719316385576,0.0864082513939346,0.0008126713650498448,0.23488105645795176,0.03177430963756286,0.00600538379098518,0.000812691960292374
5.9765625,Amusement,True,False,False,False,False,False,False,False,0.31533825033347335,0.0010911474066777503,0.3153350623878612,0.0010910350841110028,0.3153262683871922,0.04266415717450315,0.00806302774998519,0.001091051476196143
6.015625,Disgust,False,False,True,False,False,False,False,False,0.23489547075867453,0.0008128926701045462,0.6385019471539333,0.0008128078092728651,0.08640477589115225,0.03175231447818298,0.006006905404008179,0.0008128858346713101
6.0546875,Amusement,True,False,False,False,False,False,False,False,0.2714276865538954,0.05154230989856222,0.27075498645419815,0.0025560166385085736,0.27126552267125664,0.09986890838313368,0.0025568796861338105,0.030027689714311512
6.09375,Joy,False,False,False,False,False,True,False,False,0.037143679948376,0.007034755304259328,0.00501807381582918,0.000951265421473997,0.10105939540562552,0.74691171065319,0.0009512996222781936,0.10092981982896783
6.1328125,Disgust,False,False,True,False,False,False,False,False,0.14455918911592597,0.0037015769672357098,0.39316367544019726,0.003701504745084812,0.39315035356276234,0.05317439276746177,0.0013613712263184131,0.00718793617501383
6.171875,Inspiration,False,False,False,False,True,False,False,False,0.011923875935129889,0.17113293130212884,0.17117258272989977,0.004388957561766192,0.4652979600870477,0.0044034216839927915,0.0005940486751153774,0.17108622202491933
6.2109375,Inspiration,False,False,False,False,True,False,False,False,0.008458081755590327,0.008474312302549074,0.008473079932601804,0.0011448489808627714,0.897388048473336,0.008469965076321612,0.023068821866358218,0.04452284161238017
6.25,Inspiration,False,False,False,False,True,False,False,False,0.006623872350970412,0.012776531666355926,0.006607293667030019,0.012269745877231595,0.7006860043936877,0.25771311476686914,0.002429233536593582,0.0008942037412617113
6.2890625,Inspiration,False,False,False,False,True,False,False,False,0.021598942246885133,0.03295018674437604,0.058663902645603144,0.011171567725578051,0.4356240109278996,0.4353329349850247,0.004103060024034026,0.0005553947005992434
6.328125,Disgust,False,False,True,False,False,False,False,False,0.015854672230862375,0.028768292763022243,0.6131384911005816,0.015766900823610975,0.22565135302262343,0.08296085798945226,0.015732099047271953,0.0021273330225751712
6.3671875,Inspiration,False,False,False,False,True,False,False,False,0.04049666061218088,0.00546044628021503,0.02095655808368872,0.002821060489470564,0.814464075834733,0.11016058024899025,0.002820444697711205,0.0028201737530103316
6.40625,Disgust,False,False,True,False,False,False,False,False,0.036844012235959414,0.013430788891452284,0.7409279009993786,0.0009444219490204648,0.10024136293448015,0.10028339206925213,0.006980906219246215,0.0003472147012107701
6.4453125,Disgust,False,False,True,False,False,False,False,False,0.1807071556400507,0.01282420660525948,0.49112128482147094,0.0017031679742343581,0.180599452853183,0.06641612044639908,0.06600233624768712,0.0006262754117153466
6.484375,Amusement,True,False,False,False,False,False,False,False,0.6405566232769596,0.03157590228509921,0.23533030510207512,0.002223502438408675,0.08645367878632218,0.0022205777119397247,0.0008228017598049639,0.000816608639390571
6.5234375,Amusement,True,False,False,False,False,False,False,False,0.7276567443838697,0.036014495538483036,0.09819820162888102,0.0009283496969464181,0.09816677803543396,0.03616968768352751,0.002524609728508114,0.0003411333043502996
6.5625,Amusement,True,False,False,False,False,False,False,False,0.2615284747568668,0.006727661836860456,0.2608625358552725,0.018261579363344865,0.09430396734698862,0.09614688802499058,0.26126209324780253,0.0009067995678736002
6.6015625,Amusement,True,False,False,False,False,False,False,False,0.6588438070133777,0.002284941575616589,0.03273047126273344,0.0003088605408812129,0.24225346574480244,0.030225826316664935,0.03251308695881469,0.0008395405871090344
6.640625,Amusement,True,False,False,False,False,False,False,False,0.6442716083732409,0.0022317328231113067,0.23698471083813258,0.0008205732507306639,0.08708908220372769,0.016531988992487957,0.01176848565572467,0.0003018178628441521
6.6796875,Amusement,True,False,False,False,False,False,False,False,0.5665522096529633,0.02799542507614271,0.0756534468747168,0.039572721233074606,0.00535269992771327,0.07655564435707815,0.20759579469805242,0.0007220581802587888
6.71875,Amusement,True,False,False,False,False,False,False,False,0.8062061272011435,0.014421051276063388,0.01472449341480291,0.007621501452307307,0.007604914365907479,0.04012699545660993,0.10891666028948777,0.00037825654367770793
