time_sec,pred_label,Amusement,Anger,Disgust,Fear,Inspiration,Joy,Sadness,Tenderness,prob_Amusement,prob_Anger,prob_Disgust,prob_Fear,prob_Inspiration,prob_Joy,prob_Sadness,prob_Tenderness
0.0390625,Amusement,True,False,False,False,False,False,False,False,0.4120895293402349,0.055532940300476626,0.000525331587660202,0.003882350914994251,0.4124469429862596,0.0038820385509683356,0.0558225191396665,0.05581834717973968
0.078125,Joy,False,False,False,False,False,True,False,False,0.0017806007872035652,0.02426221059884238,0.18884820773188857,0.01317974786746831,0.001780049094355853,0.5136340563857282,0.06925930535004463,0.18725582218446846
0.1171875,Amusement,True,False,False,False,False,False,False,False,0.6399061364996396,0.002214875725679031,0.03178927796808036,0.0002996728512424282,0.2354171081913704,0.0022167114571100574,0.08594198044396549,0.002214236862912644
0.15625,Amusement,True,False,False,False,False,False,False,False,0.6507235611479629,0.002251561006186055,0.23938804314222537,0.0008282245521034016,0.08804832643629239,0.006120165233679644,0.01181189143784295,0.0008282270437071643
0.1953125,Disgust,False,False,True,False,False,False,False,False,0.24809471381195145,0.0008585434504084005,0.6743879563465056,0.0008584321050944813,0.03356894851481249,0.033552531680783315,0.006345243060301009,0.002333631030143257
0.234375,Disgust,False,False,True,False,False,False,False,False,0.08804791704314732,0.002253557081017729,0.6506998490295306,0.0008285644417006132,0.23929712624569086,0.011882749442772421,0.00616171208925295,0.000828524626887497
0.2734375,Amusement,True,False,False,False,False,False,False,False,0.8433194066729139,0.00039554442305070905,0.059095592542536456,0.01536294354036277,0.021668754462148998,0.0029605833561874516,0.04178964894508018,0.015407526057719575
0.3125,Sadness,False,False,False,False,False,False,True,False,0.10113090754893254,0.0003508465431685763,0.007049066781825559,0.03722323340201946,0.10127608710385382,0.0025929693034937966,0.7477839847705288,0.002592904546177507
0.3515625,Amusement,True,False,False,False,False,False,False,False,0.6473851106847032,0.0003034211366541543,0.006096562374826755,0.01741570992204653,0.23825121424258286,0.0022421909494820306,0.08748073048241094,0.0008250602072936176
0.390625,Amusement,True,False,False,False,False,False,False,False,0.6508398669566349,0.0008287868952831508,0.011647802658471354,0.006125765080871218,0.239457041513191,0.0022529983032821333,0.08801903848381135,0.0008287001084550229
0.4296875,Inspiration,False,False,False,False,True,False,False,False,0.03929428816962597,0.001007983338090812,0.03935360719921471,0.0027418223661411084,0.7915157939870323,0.02025443519996005,0.10482428955433946,0.0010077801855955012
0.46875,Tenderness,False,False,False,False,False,False,False,True,0.00663423578130804,0.0008977961325959041,0.0024407143885570733,0.09514455136730118,0.09531396196095172,0.09511205268617462,0.00033027233367714223,0.7041264153494343
0.5078125,Tenderness,False,False,False,False,False,False,False,True,0.006370889483105152,0.0023367164079259655,0.002339302026838669,0.03345304301590029,0.03352011030587104,0.2477198438389561,0.0003158897696501855,0.6739442051517526
0.546875,Fear,False,False,False,True,False,False,False,False,0.0017997563038564827,0.06934724926428106,0.013337196653667008,0.519162662682103,0.013381352661834102,0.19020818990282448,0.0018014611118779235,0.19096213141955612
0.5859375,Amusement,True,False,False,False,False,False,False,False,0.6400500174105453,0.0022157195162290635,0.03184554368389589,0.002215288255291389,0.23543810026928727,0.0008149261062029257,0.08660549716517973,0.0008149075933685516
0.625,Amusement,True,False,False,False,False,False,False,False,0.3163680846458415,0.0029765077622410895,0.04281145096236875,0.0010948730171345792,0.31638389585858445,0.0029762654456403797,0.316294114790563,0.0010948075176261988
0.6640625,Inspiration,False,False,False,False,True,False,False,False,0.03962398693646623,0.0027699462356989193,0.0027681209744989084,0.0075300549055838505,0.7987101514358774,0.03965166349054606,0.0010174644332467272,0.10792861158808192
0.703125,Amusement,True,False,False,False,False,False,False,False,0.6384960566788163,0.0008127560355251338,0.08640384301678788,0.0008126949851554526,0.2348880390265586,0.0317681950059493,0.006005723324791547,0.0008126919264157512
0.7421875,Amusement,True,False,False,False,False,False,False,False,0.3153531274739615,0.0010911178565914785,0.3153416723643192,0.0010910506811605781,0.31535315923363566,0.04261513756431536,0.008063687782279247,0.0010910470437369543
0.78125,Amusement,True,False,False,False,False,False,False,False,0.6384927413780883,0.0008128533676139251,0.08640258890484363,0.0008127247451413442,0.23489075405783744,0.03176865628195462,0.006006958901734607,0.0008127223627861763
0.8203125,Amusement,True,False,False,False,False,False,False,False,0.32346920139602414,0.0030433101390772706,0.3234145468418705,0.0011192849854014732,0.32347814082291565,0.016067101067234385,0.008289150436246553,0.0011192643112301441
0.859375,Amusement,True,False,False,False,False,False,False,False,0.4039518527915894,0.010331800801206726,0.14857085287987096,0.0013977359169933747,0.4039505068530196,0.020069097840508667,0.010330454900680769,0.0013976980161304847
0.8984375,Amusement,True,False,False,False,False,False,False,False,0.6484317917543696,0.0008254602559360918,0.08774967066291087,0.0008253576951851855,0.23854638826040814,0.01669576444831335,0.006100226176801612,0.0008253407460749658
0.9375,Amusement,True,False,False,False,False,False,False,False,0.6484874412274605,0.0008255172037375007,0.08775961615007483,0.0008254010504361217,0.23856480781738815,0.016606530327227347,0.0061052998414244655,0.0008253863822511438
0.9765625,Amusement,True,False,False,False,False,False,False,False,0.6448019448953447,0.0008208551565614992,0.08725807876712958,0.0008207326928820397,0.23721452829369488,0.01649589601480538,0.011767249664334406,0.0008207145152474804
1.015625,Amusement,True,False,False,False,False,False,False,False,0.6508881041030102,0.002252784355786915,0.088079709530384,0.0008285194796494158,0.23944353527487752,0.0061245471086769625,0.011554299950266475,0.0008285001973484362
1.0546875,Amusement,True,False,False,False,False,False,False,False,0.3195255679177033,0.0011060918118211015,0.3195196138271809,0.0011056588906214334,0.3195274559850785,0.022218052347246702,0.015891926348536898,0.001105632871811109
1.09375,Amusement,True,False,False,False,False,False,False,False,0.3907743050422931,0.010022586187083514,0.3907533588036987,0.0013526760963901868,0.14371877027541988,0.010009604284396973,0.052871145152099404,0.0004975541586183661
1.1328125,Amusement,True,False,False,False,False,False,False,False,0.7040196514024624,0.002463683556868488,0.09522341084641954,0.0003300584936503733,0.006636363992311889,0.0952251365393947,0.09520447762558201,0.0008972175433105627
1.171875,Amusement,True,False,False,False,False,False,False,False,0.8524286401693454,0.014912087596998833,0.04233314072511927,0.022228258760726618,0.002960485773940926,0.042282440118678016,0.02245481749732825,0.0004001293578627485
1.2109375,Amusement,True,False,False,False,False,False,False,False,0.7646471806183303,0.002660193197352588,0.10334318875405396,0.0026509039838772262,0.019622604508828478,0.10344796114338842,0.0026529149709507154,0.0009750528232182874
1.25,Disgust,False,False,True,False,False,False,False,False,0.23476739067485328,0.00029953705774019614,0.6379149832190022,0.002214083875996198,0.0060305784966877204,0.03178890981241298,0.08617039183254652,0.0008141250307608599
1.2890625,Amusement,True,False,False,False,False,False,False,False,0.6998951065596202,0.00032812766910175794,0.09442950467993813,0.0024239335527366777,0.09464781657357628,0.01277546168789666,0.09460824143267642,0.000891807844453903
1.328125,Inspiration,False,False,False,False,True,False,False,False,0.10333441621040677,0.0003580913416289588,0.05345850051037014,0.0009734326614459466,0.7639854904050559,0.03768201993661815,0.03756067353461661,0.0026473753998575594
1.3671875,Amusement,True,False,False,False,False,False,False,False,0.6829428523745645,0.00032024577496682393,0.017560594815851958,0.006437968468423214,0.25125606526961985,0.033896841878540175,0.00671493316621822,0.000870498251815156
1.40625,Amusement,True,False,False,False,False,False,False,False,0.30028320829769983,0.001041403411247307,0.11038825483175613,0.06044512421424471,0.11018481962489413,0.299625326259972,0.11033344896350311,0.0076984143966827125
1.4453125,Amusement,True,False,False,False,False,False,False,False,0.6389622215964813,0.0003001126092356972,0.08654262042964231,0.030081234397667345,0.002222052183827896,0.006044085901576539,0.23503156192164448,0.0008161109599244738
1.484375,Amusement,True,False,False,False,False,False,False,False,0.7039035515640428,0.002438775688592548,0.2589922081252353,0.018028601268933207,0.006658364245844194,0.0066386842259670625,0.002442687062618152,0.0008971278187668033
1.5234375,Amusement,True,False,False,False,False,False,False,False,0.6837731892812787,0.0008712653135921353,0.2515314586380903,0.006436752360757763,0.006438675513726692,0.000871413151273399,0.04770972514224075,0.0023675205990402784
1.5625,Amusement,True,False,False,False,False,False,False,False,0.41128929838955053,0.003879662053398551,0.4113973929130688,0.010588499164585942,0.003875735600589553,0.0038740700986278362,0.003876471728363577,0.15121887005181517
1.6015625,Amusement,True,False,False,False,False,False,False,False,0.560811705059562,0.0019470063766381534,0.20638605571455973,0.07560720875123142,0.07586488248747471,0.0007154019074387624,0.03945084810494029,0.039216891598154946
1.640625,Inspiration,False,False,False,False,True,False,False,False,0.008147298173966899,0.0003805350813373394,0.04034465115305796,0.10808053686660772,0.811754975941281,0.007642074662304912,0.00281360826140158,0.020836319860042547
1.6796875,Inspiration,False,False,False,False,True,False,False,False,0.026243834259238444,0.000675605640931348,0.194689145962651,0.03704365819382935,0.5294750927641119,0.004993104189034242,0.013592712168423187,0.1932868468217806
1.71875,Inspiration,False,False,False,False,True,False,False,False,0.03312473389282664,0.000313056460361455,0.0023134535973977884,0.033120969611367984,0.66793635338492,0.017165913145048842,0.2451745263126988,0.0008509935953784143
1.7578125,Tenderness,False,False,False,False,False,False,False,True,0.0024480366429398864,0.002451997976416913,0.00033104748226985497,0.09533619466427815,0.0955687450027456,0.002446899121882203,0.09541399895645226,0.706003080153015
1.796875,Amusement,True,False,False,False,False,False,False,False,0.4111035679816249,0.010578544507999416,0.15145527388225954,0.08507384376378593,0.15098757087663486,0.010581620144911957,0.02877335990698549,0.151446218935798
1.8359375,Fear,False,False,False,True,False,False,False,False,0.001618134357115345,0.004405169526476329,0.011965571037466365,0.4660501241802735,0.17155664692011288,0.17134055356433311,0.0016178616152733535,0.17144593879894904
1.875,Fear,False,False,False,True,False,False,False,False,0.0017677170568968256,0.013168823158289043,0.035556169149018456,0.504985544430625,0.18745003390823128,0.187450727243494,0.0006497649278434624,0.0689712201256019
1.9140625,Joy,False,False,False,False,False,True,False,False,0.002655966357590165,0.002655782796291512,0.013987501337984003,0.10327300516798642,0.1032888708040996,0.7658646873958983,0.0009758887071041545,0.007298297433045875
1.953125,Joy,False,False,False,False,False,True,False,False,0.036219385777229315,0.0025965164086069084,0.10122948870027595,0.007050256297087108,0.10124723238967957,0.748695933261151,0.0003508318354377324,0.0026103553305323497
1.9921875,Inspiration,False,False,False,False,True,False,False,False,0.19068358864770174,0.013270119364621849,0.07012127928852491,0.0017944817527482209,0.5183716353277193,0.19070374719915417,0.013260553557215324,0.00179459486231444
2.03125,Inspiration,False,False,False,False,True,False,False,False,0.012466320480533435,0.03381782351077689,0.012412311091819691,0.00643551074547835,0.6821745432628274,0.2509552601877435,0.000869159221405785,0.0008690714994149479
2.0703125,Joy,False,False,False,False,False,True,False,False,0.007808073226354907,0.014969613613093293,0.021036880422931375,0.021389839414912556,0.1109847383192587,0.8205819909723467,0.002843986970322517,0.0003848770607799256
2.109375,Amusement,True,False,False,False,False,False,False,False,0.6506606473986453,0.0008294136150842951,0.011857540542208531,0.002253256991773214,0.23942641153535119,0.08801764431016013,0.006126177801967875,0.0008289078048094289
2.1484375,Amusement,True,False,False,False,False,False,False,False,0.39312355312282726,0.0037042554679888474,0.14456012226979584,0.0013607557270730061,0.3931607691323503,0.05267322278418269,0.010056649590446515,0.001360671905335487
2.1875,Amusement,True,False,False,False,False,False,False,False,0.3191593254794479,0.0011053766725884913,0.31909435606766334,0.0004063591329880292,0.31918577532708414,0.022204289382178177,0.015841853918353098,0.0030026640196968483
2.2265625,Amusement,True,False,False,False,False,False,False,False,0.6830977063087823,0.006465509596907675,0.033993700456560125,0.00032000329504665667,0.25133408695234377,0.017476920296163462,0.006442227440898891,0.0008698456532970995
2.265625,Amusement,True,False,False,False,False,False,False,False,0.6538475132698913,0.002269464145469723,0.0884370907987545,0.0003064000733487536,0.24055083780335318,0.006154822176130945,0.006170072073533034,0.0022637996595186367
2.3046875,Amusement,True,False,False,False,False,False,False,False,0.4492089731499444,0.0314623986483598,0.022329746822148153,0.004230162292989104,0.449304742792951,0.0115077158717661,0.03138399685998244,0.0005722635618591365
2.34375,Amusement,True,False,False,False,False,False,False,False,0.6442232252715449,0.0022349392798932787,0.08714866668242943,0.0008203170948173704,0.23700637971740893,0.016492278981090073,0.011772442053013022,0.0003017509198030981
2.3828125,Amusement,True,False,False,False,False,False,False,False,0.6479328399712824,0.0022453967273477677,0.23832467242246985,0.0008252239980052183,0.08765242754490886,0.01659078510012084,0.006125141458413554,0.0003035127774513796
2.421875,Amusement,True,False,False,False,False,False,False,False,0.6812127071840962,0.006428979122034853,0.0338796966203623,0.00031929796643307486,0.2505658220520746,0.006421194730444578,0.020304497835496104,0.000867804489058307
2.4609375,Amusement,True,False,False,False,False,False,False,False,0.7271784955511938,0.0009285283419184182,0.09839724104503303,0.002518182620011692,0.09831575635508534,0.03613560402398561,0.036185477045835836,0.00034071501693632236
2.5,Amusement,True,False,False,False,False,False,False,False,0.6400493954708938,0.0008160135502209086,0.08661169487314718,0.000815343080993449,0.0022171293972944885,0.031848992756813646,0.2354249839626962,0.0022164469079403054
2.5390625,Amusement,True,False,False,False,False,False,False,False,0.6732067161209355,0.0063463471664867216,0.24761053898608834,0.0003154313253197177,0.04729773415077687,0.012071212154977043,0.012294524378233043,0.0008574957171829806
2.578125,Amusement,True,False,False,False,False,False,False,False,0.6380211684543389,0.0008141039595177084,0.23468620176886434,0.0022099920342856312,0.006006510210328996,0.08626036302124734,0.03170273178214695,0.00029892876927022435
2.6171875,Amusement,True,False,False,False,False,False,False,False,0.740641298310012,0.0003473129808296735,0.10021060025751091,0.0009439005737341857,0.019097434669629623,0.09941661103014404,0.03677792574223669,0.0025649164359027466
2.65625,Amusement,True,False,False,False,False,False,False,False,0.6761364155059446,0.0008611723494874862,0.248722435830326,0.002340175808576021,0.03361224378914876,0.0023403920691371836,0.03364701233575929,0.0023401523116206623
2.6953125,Amusement,True,False,False,False,False,False,False,False,0.6977656695199207,0.0065765197795749075,0.25668514019172584,0.0008887069566868933,0.006572043581422126,0.017859885248257563,0.012763355709288793,0.000888679013123299
2.734375,Amusement,True,False,False,False,False,False,False,False,0.6560041166659456,0.0008376699079821421,0.24145991503593808,0.006184659768956745,0.0022747391178228973,0.0022856565329048206,0.0886769166809753,0.002276326289474448
2.7734375,Amusement,True,False,False,False,False,False,False,False,0.4494800243508694,0.0005733992838820932,0.4489146994260659,0.031560835674477025,0.011541440863707194,0.03138877502820379,0.022301997808493467,0.004238827564301084
2.8125,Amusement,True,False,False,False,False,False,False,False,0.6561451188934784,0.0008358648401452596,0.24138639200165413,0.002271432730620408,0.006190141142494327,0.0022724278853802713,0.0886262517450432,0.0022723707611841787
2.8515625,Amusement,True,False,False,False,False,False,False,False,0.6425380318347714,0.0008193786242955903,0.23640658295002068,0.03191726584681378,0.0022273267695944302,0.0022282591845214743,0.08304364453236107,0.0008195102576214545
2.890625,Tenderness,False,False,False,False,False,False,False,True,0.1492112063420343,0.0038492978570848625,0.14966462480487325,0.15009785092345776,0.03311887778547682,0.07750999941450934,0.028640963456279825,0.40790717941628385
2.9296875,Amusement,True,False,False,False,False,False,False,False,0.4460159535951596,0.001545772395707414,0.44558245681296993,0.06031930112361385,0.01150449815104748,0.011434382305822251,0.004207255461730485,0.01939038015394905
2.96875,Amusement,True,False,False,False,False,False,False,False,0.37752892461405657,0.001307833216553739,0.1388946500910069,0.0013075577770503832,0.05105182837545984,0.377532906203194,0.0013074891881180023,0.05106881053456069
3.0078125,Disgust,False,False,True,False,False,False,False,False,0.26080323987981896,0.0009036596365003855,0.7090904313975247,0.0066810705611213194,0.006694857172241779,0.0066814082422517245,0.006686991452498962,0.002458341658042123
3.046875,Joy,False,False,False,False,False,True,False,False,0.06544915402380433,0.0016914772086310092,0.17934828545473702,0.023670611683091747,0.1755740934644769,0.4876375223990506,0.0006222852187588534,0.06600657054744948
3.0859375,Tenderness,False,False,False,False,False,False,False,True,0.03698813041498676,0.004997147809958731,0.013596904494041648,0.19374290555565638,0.19490912903113386,0.02505296945629557,0.0006759857244620121,0.5300368275134649
3.125,Tenderness,False,False,False,False,False,False,False,True,0.01177016313974582,0.01745953448518297,0.006452915065696577,0.0008669047691670119,0.24976474105098104,0.03378824399110276,0.0003187675120078789,0.6795787299861159
3.1640625,Amusement,True,False,False,False,False,False,False,False,0.2261747890766795,0.0007835771823668468,0.22602933397721936,0.005789703394094475,0.08315928484736146,0.22614134247788023,0.00578839757441488,0.22613357146998322
3.203125,Disgust,False,False,True,False,False,False,False,False,0.1445486788613904,0.010053749644147802,0.39291742887739645,0.001359930697124798,0.3929204308821457,0.053142549856292645,0.003697216257171215,0.0013600149243310768
3.2421875,Tenderness,False,False,False,False,False,False,False,True,0.007759344738594044,0.00773539385288803,0.007746359393575208,0.0028453803945117507,0.04083862468005222,0.11104655749380785,0.0010460401174183407,0.8209822993291526
3.28125,Inspiration,False,False,False,False,True,False,False,False,0.10278478448944613,0.007165122797105643,0.005076631661370468,0.0003561221590547736,0.7598466771532776,0.1026485301813547,0.0026338174697893703,0.01948831408860137
3.3203125,Inspiration,False,False,False,False,True,False,False,False,0.012687369694402217,0.006610465991692078,0.006608246931496406,0.0024283215593847137,0.7004490444952813,0.25756819792155705,0.0008928263324574807,0.012755527073728793
3.359375,Inspiration,False,False,False,False,True,False,False,False,0.1988562923998398,0.013859325254314967,0.013849736738837196,0.005091534535991623,0.5408460121752344,0.1987427182359149,0.0018730356707632836,0.02688134498910387
3.3984375,Amusement,True,False,False,False,False,False,False,False,0.3928753342603007,0.001362455016043499,0.1444385035244146,0.0036991780996123236,0.39304159786303383,0.05316326819502281,0.010058684650481854,0.0013609783910903484
3.4375,Inspiration,False,False,False,False,True,False,False,False,0.14432166895380993,0.0037119417630549446,0.05308377174730338,0.003692838024902346,0.39226514681461416,0.3923876948560401,0.010037279631643263,0.0004996582086316802
3.4765625,Disgust,False,False,True,False,False,False,False,False,0.14455290156720813,0.003699617939383958,0.39285414018797943,0.0013603205775236168,0.3929594340925339,0.05315773972616554,0.010055564603257537,0.0013602813059478526
3.515625,Amusement,True,False,False,False,False,False,False,False,0.38871702716954704,0.01919945215683997,0.14292573186968036,0.0004951489014747742,0.388780179824283,0.05256316873761452,0.003660175507160082,0.003659115833400278
3.5546875,Amusement,True,False,False,False,False,False,False,False,0.42369401724312267,0.05717253577219346,0.05731053537073539,0.003990021974959814,0.42374828139929166,0.029552182380977038,0.003992619752985321,0.000539806105734649
3.59375,Amusement,True,False,False,False,False,False,False,False,0.6379397404864361,0.0022180871920473395,0.08631055749089372,0.0008129472226353072,0.2347447639262849,0.0060086791488260845,0.03166625140124987,0.0002989731316266068
3.6328125,Amusement,True,False,False,False,False,False,False,False,0.4411423626353403,0.03095021643900945,0.059294427767128316,0.004164799347965887,0.44125619567018176,0.011332160678940216,0.011297612763077865,0.0005622246983563838
3.671875,Amusement,True,False,False,False,False,False,False,False,0.36231309434979175,0.3617939906676058,0.0034549800424233165,0.13318297074539978,0.13332283279465557,0.0034189893494337067,0.0012570444456065602,0.0012560976050834962
3.7109375,Amusement,True,False,False,False,False,False,False,False,0.2974035238307746,0.057715576524630836,0.007630061836782861,0.29555748875980825,0.020750649342925604,0.29739968367963987,0.0028050841406148243,0.020737931884823133
3.75,Amusement,True,False,False,False,False,False,False,False,0.7016577089849118,0.0008948577074133401,0.006623817912018597,0.00661196507981144,0.006935360126162467,0.258166557380812,0.018215507619559968,0.0008942251893105331
3.7890625,Amusement,True,False,False,False,False,False,False,False,0.40360282976834966,0.07817694453760018,0.05432414702571652,0.001400556806482056,0.05433790020369206,0.4038157876421861,0.0038268642641496285,0.0005149697518238758
3.828125,Amusement,True,False,False,False,False,False,False,False,0.6923439857983685,0.0008848313711075484,0.0024019166593368777,0.002399500401937527,0.0065243367320219625,0.2546541900170359,0.03426767846913385,0.006523560551057842
3.8671875,Amusement,True,False,False,False,False,False,False,False,0.6656737067322345,0.00031252750490702114,0.0063531715542750125,0.0008493612285742688,0.0023091331715480805,0.24509986295653607,0.03296759730171421,0.046434639550210745
3.90625,Amusement,True,False,False,False,False,False,False,False,0.6479437567171192,0.0003039899053803816,0.016663583399397313,0.006115663833053758,0.0008264921996070835,0.08767710609471957,0.2382209255860881,0.002248482264634491
3.9453125,Amusement,True,False,False,False,False,False,False,False,0.6484157350857308,0.0008270078860040493,0.0875424830193373,0.0008268436804118538,0.00613495125874176,0.23868142842953924,0.01674450049415021,0.0008270501460848479
3.984375,Amusement,True,False,False,False,False,False,False,False,0.6385681488468627,0.0008143854182338503,0.23490401107131012,0.0008138478409811056,0.0060175481833636,0.08631938840010715,0.03174896730605117,0.0008137029330901487
4.0234375,Amusement,True,False,False,False,False,False,False,False,0.6562004283648655,0.00227336656317926,0.24139576028483192,0.0008357471624923408,0.0022733928660766426,0.006185830418254945,0.08856349751616384,0.002271976824135578
4.0625,Amusement,True,False,False,False,False,False,False,False,0.6962974973215441,0.0008874742239240442,0.25615059057020184,0.006552223539689197,0.017875992951706235,0.0008868298623496528,0.01893913540564281,0.0024102561249419023
4.1015625,Amusement,True,False,False,False,False,False,False,False,0.32308170402185166,0.001119157282284971,0.3231631857372971,0.0030412288370822035,0.022562210576407227,0.0030439364318233385,0.32286988028188485,0.0011186968313686614
4.140625,Amusement,True,False,False,False,False,False,False,False,0.7013990383570814,0.00032874325551499777,0.25799693586271777,0.006603665474185489,0.0024283905127156463,0.018013498664127797,0.0066171181986671695,0.006612609674989802
4.1796875,Disgust,False,False,True,False,False,False,False,False,0.10438322120005798,0.0009835150094897474,0.771564017843196,0.0026711832283676717,0.007271698443712699,0.0026728282986947134,0.10318930831631148,0.00726422766016978
4.21875,Amusement,True,False,False,False,False,False,False,False,0.6926913196178152,0.0008838055713014097,0.2548507584739125,0.01785476327618573,0.002402666368370893,0.017785420188625372,0.000883533035199024,0.012647733468589968
4.2578125,Amusement,True,False,False,False,False,False,False,False,0.6831456105673664,0.00032018399486055937,0.2513341412081232,0.0023658113902628704,0.0023669125593668255,0.04758486368744352,0.006448203028776829,0.006434273563799627
4.296875,Amusement,True,False,False,False,False,False,False,False,0.6810178312520547,0.0003192930121927692,0.25053756957822515,0.03345706955277747,0.002360827391165745,0.017511378196797933,0.002360664565445014,0.01243536645134118
4.3359375,Amusement,True,False,False,False,False,False,False,False,0.49460522186509076,0.0017146658971791847,0.18145937653833583,0.004667053973684894,0.18199585433422605,0.06686964391432818,0.0017146201237405766,0.06697356335341453
4.375,Joy,False,False,False,False,False,True,False,False,0.24141678889344156,0.0022739229284029984,0.004412282149831371,0.002272362753444943,0.08878755164401164,0.6562903078275968,0.002272647348498156,0.002274136454772573
4.4140625,Amusement,True,False,False,False,False,False,False,False,0.7490300458861733,0.0009538106531966435,0.1013624253383266,0.0025924685618930626,0.036713492466750396,0.10134346998406984,0.0009536191569446503,0.0070506679526454825
4.453125,Amusement,True,False,False,False,False,False,False,False,0.3929488382101795,0.010053383943656522,0.14453403967990414,0.0013599887503809422,0.39289045850742,0.05315506934230398,0.001360109938618985,0.003698111627535952
4.4921875,Amusement,True,False,False,False,False,False,False,False,0.3929259824660513,0.010056026149712023,0.14451568518333485,0.0013603238440215257,0.3929252920717933,0.05315629493578484,0.0013603367626116854,0.0037000585866906674
4.53125,Inspiration,False,False,False,False,True,False,False,False,0.04062827803943264,0.05689581437030858,0.04062069160290597,0.0010401038156558219,0.8163121649481072,0.04061902530833077,0.001040664975720737,0.0028432569395382547
4.5703125,Amusement,True,False,False,False,False,False,False,False,0.39293109231213824,0.0037006402206064925,0.05314292157964859,0.0013603151672958041,0.39293907535399425,0.14450967081360253,0.010055161249073947,0.001361123303640209
4.609375,Disgust,False,False,True,False,False,False,False,False,0.14454939971501618,0.010053519909647358,0.392877102718964,0.001359994661751867,0.3929337701758172,0.05316899229623959,0.0036971448737404223,0.001360075648823389
4.6484375,Disgust,False,False,True,False,False,False,False,False,0.14454154026879218,0.003701804758202798,0.3928661837391764,0.001360330917852232,0.39295907225901744,0.05315665768964561,0.01005399729485245,0.0013604130724608847
4.6875,Amusement,True,False,False,False,False,False,False,False,0.3945429422626925,0.14495031765234784,0.0037200131336945262,0.00371641480796136,0.3946513230522119,0.05333541496428356,0.003716963827026734,0.0013666102997816633
4.7265625,Inspiration,False,False,False,False,True,False,False,False,0.017632944671927584,0.25231868970166665,0.002381975739191092,0.0008751281047449077,0.6857228142663122,0.03408202857435989,0.004603062486381934,0.0023833564554158523
4.765625,Anger,False,True,False,False,False,False,False,False,0.020985199657855395,0.8048576222730984,0.039814637596408846,0.0003778043516669819,0.1089116309723221,0.014618981840917974,0.002799744634454614,0.007634378673275566
4.8046875,Disgust,False,False,True,False,False,False,False,False,0.10106543545137335,0.007099700630247724,0.7469258493491874,0.00035028520371293957,0.037137409307574504,0.09942051897228306,0.007048308523214482,0.000952492562406629
4.84375,Amusement,True,False,False,False,False,False,False,False,0.7772268704101255,0.002696861386731713,0.038618851157522366,0.0009928209910860563,0.10509559312304957,0.035791832182628415,0.03858638866729485,0.000990782081561477
4.8828125,Amusement,True,False,False,False,False,False,False,False,0.8116299387022222,0.007772675464914111,0.10853999478332384,0.00282447942988485,0.04034618663382919,0.020812159845176672,0.007693998192773109,0.0003805669478760802
4.921875,Inspiration,False,False,False,False,True,False,False,False,0.1883595236090739,0.06858276449634329,0.1864607073141605,0.004839784663810767,0.5125462731296204,0.025428524015492334,0.01312941338386138,0.0006530093876374407
4.9609375,Disgust,False,False,True,False,False,False,False,False,0.18189038498873794,0.004663842843463371,0.494433946219948,0.0017128796226460773,0.18191953172491632,0.06685810291406181,0.06680882537556464,0.0017124863106618687
5.0,Amusement,True,False,False,False,False,False,False,False,0.6382807290724939,0.00221679850685934,0.2345273440560556,0.0008134967431807017,0.03151160492606198,0.08632551034327925,0.006025384559469166,0.0002991317926002269
5.0390625,Amusement,True,False,False,False,False,False,False,False,0.6746603677035473,0.0023536296589079858,0.03354574534474449,0.0008599919294689053,0.24784506437497383,0.033518308237830266,0.006357361885898037,0.0008595308646290812
5.078125,Amusement,True,False,False,False,False,False,False,False,0.6380385660373731,0.002217239912339442,0.08627762641641311,0.0008131978786911705,0.23452788286275647,0.03169387351362203,0.0061326591593856014,0.000298954219419111
5.1171875,Amusement,True,False,False,False,False,False,False,False,0.741009003027273,0.0009448975268498361,0.10024818861305362,0.0009439424458684323,0.01898369226852122,0.10009983366973609,0.03682657106678888,0.0009438713819087394
5.15625,Amusement,True,False,False,False,False,False,False,False,0.7072316510907138,0.0009012150662049151,0.0956941087507499,0.0009007572230694275,0.09473817522237446,0.0024493926077356377,0.09563573530478268,0.002448964734369113
5.1953125,Amusement,True,False,False,False,False,False,False,False,0.7401396577862379,0.002563700785087591,0.1001533719940592,0.00034675217813150594,0.018955997258130828,0.10009947870395824,0.036798524198509666,0.0009425170958851117
5.234375,Amusement,True,False,False,False,False,False,False,False,0.6380425496521371,0.006012338240850423,0.23472367101016042,0.0002988592290384614,0.08614790898730544,0.00220904030234177,0.03175324765638322,0.0008123849217831992
5.2734375,Amusement,True,False,False,False,False,False,False,False,0.6855565952330769,0.006456139464285518,0.2522082298710709,0.0008729932863738074,0.01755689180857981,0.0008731642184969904,0.034102915116560446,0.002373071001555658
5.3125,Sadness,False,False,False,False,False,False,True,False,0.08857783630275191,0.0008343132416214835,0.24082534387821128,0.0022675166128285434,0.006172572902102459,0.0008343053752492083,0.654324419667403,0.006163692019832081
5.3515625,Amusement,True,False,False,False,False,False,False,False,0.6539921156813246,0.0003069354493794783,0.08846009445106429,0.0022672167023495087,0.0022674183044231796,0.006212012532737584,0.2403316755265263,0.00616253135219486
5.390625,Amusement,True,False,False,False,False,False,False,False,0.6538560208282288,0.00030696957512378343,0.0884294014490093,0.006174487245277983,0.002266274376161274,0.006166984297412687,0.24052836994758411,0.0022714922812020312
5.4296875,Amusement,True,False,False,False,False,False,False,False,0.6380936723798937,0.00029931770329960156,0.23476379377270665,0.002211620348948909,0.006281767506907044,0.08585965535922468,0.03167592546942329,0.000814247459596128
5.46875,Amusement,True,False,False,False,False,False,False,False,0.7038920491116182,0.002442635418442828,0.25898120759033083,0.018079023546538363,0.0024389121652476265,0.006637950485701567,0.000897557110867113,0.006630664571253516
5.5078125,Amusement,True,False,False,False,False,False,False,False,0.6857823353310779,0.00032153493731920907,0.2522418144056506,0.006466951238004556,0.012295523998758677,0.006468507050357389,0.0340457728464873,0.0023775601923442836
5.546875,Fear,False,False,False,True,False,False,False,False,0.06986276955119046,0.001883617054845207,0.19992992440308271,0.5430339428650133,0.07321559056019022,0.037913778336790785,0.0006930099932940313,0.07346736723559327
5.5859375,Disgust,False,False,True,False,False,False,False,False,0.03167995096629736,0.006014126367410887,0.6381211890339722,0.00029920402529919776,0.08623024147441474,0.002214368223572843,0.0008135480431521496,0.23462737186588062
5.625,Amusement,True,False,False,False,False,False,False,False,0.6504027488471662,0.0003050606155641307,0.08794447751758996,0.002255748503546146,0.011811224689961665,0.23889003992643387,0.006132161085454288,0.0022585388142837234
5.6640625,Amusement,True,False,False,False,False,False,False,False,0.6721316581235216,0.0008564862780319553,0.24719467304396286,0.006346860680131152,0.006330757561969502,0.033424060033387215,0.0003150078056174698,0.03340049647337841
5.703125,Amusement,True,False,False,False,False,False,False,False,0.6400590265181008,0.002216777609415104,0.03185788751687052,0.0008151837195591492,0.23540957881225363,0.08660634954288993,0.0008152589110163466,0.0022199373698944427
5.7421875,Amusement,True,False,False,False,False,False,False,False,0.5299084081272459,0.013574860135573668,0.1949135545506485,0.013577265505045993,0.19474429756546008,0.026328316113614556,0.000675489286476199,0.02627780871593513
5.78125,Fear,False,False,False,True,False,False,False,False,0.0022145117451704208,0.006045527484497235,0.0008148996089444679,0.6379482006527123,0.08612060592164024,0.03171102167514416,0.00029951588584917725,0.2348457170260419
5.8203125,Inspiration,False,False,False,False,True,False,False,False,0.006599030210333659,0.0008896189594093684,0.000888251652821365,0.002417272697632914,0.6965869123781033,0.01795619918582281,0.2560353788209453,0.018627336094931373
5.859375,Inspiration,False,False,False,False,True,False,False,False,0.0038131126638893905,0.0038070524772751448,0.010331076054067514,0.0005145034492745218,0.4030482919502556,0.028209495604863848,0.402181466014372,0.14809500178600196
5.8984375,Joy,False,False,False,False,False,True,False,False,0.002282113501727112,0.0022850285890826296,0.00619581205639944,0.0022809716481883282,0.08859949582164754,0.6562904901820428,0.0008392098570647245,0.24122687834384737
5.9375,Amusement,True,False,False,False,False,False,False,False,0.42917824194268545,0.011002702967867307,0.0014891065012544462,0.011009829513970754,0.4296786545071723,0.0581088439411664,0.0014882862198501256,0.05804433440603333
5.9765625,Amusement,True,False,False,False,False,False,False,False,0.6506487937401951,0.0022530490514534704,0.011911843482574977,0.0008283936643708606,0.23936747029310032,0.08803967672907412,0.006122278783618071,0.0008284942556130503
6.015625,Amusement,True,False,False,False,False,False,False,False,0.6384922140491345,0.0008128610237669576,0.08639824453858666,0.0008127597948972562,0.23489052122713608,0.031774248037232264,0.006006379385420348,0.0008127719438259294
6.0546875,Amusement,True,False,False,False,False,False,False,False,0.6485001968491445,0.0008255309347882685,0.0877580654347023,0.0008254267499018874,0.23856916838699999,0.016594620147197314,0.006101566907590006,0.0008254245896757909
6.09375,Amusement,True,False,False,False,False,False,False,False,0.3220162788410709,0.0011147564473567085,0.3219704346430749,0.001114312894482884,0.32202773927679157,0.022405936617910363,0.008236234130865565,0.0011143071484471156
6.1328125,Amusement,True,False,False,False,False,False,False,False,0.40335477323079816,0.14813719387400065,0.020034646456878143,0.0038025575601785496,0.40347837857283864,0.010331105614654525,0.010347359726128302,0.0005139849645230302
6.171875,Inspiration,False,False,False,False,True,False,False,False,0.0765145546094929,0.07588288353591957,0.2079283821641728,0.03964377541151121,0.5658857133168416,0.028084732412659373,0.0053380600671870185,0.0007218984822156633
6.2109375,Amusement,True,False,False,False,False,False,False,False,0.45473835953044844,0.031866858365080825,0.011833300544905034,0.0015758172951088863,0.4547957452560929,0.031957735749119254,0.011656007429062806,0.0015761758301818015
6.25,Amusement,True,False,False,False,False,False,False,False,0.39102109508471417,0.14355543535743806,0.0527515280978452,0.00135599394881084,0.010071399937860636,0.010028630833864242,0.39071731268372967,0.0004986040557371423
6.2890625,Inspiration,False,False,False,False,True,False,False,False,0.09536053554774783,0.000898782769833938,0.09426146688419196,0.0003304519182120958,0.7047160926289414,0.09534620238235271,0.006644533108025359,0.0024419347606945553
6.328125,Amusement,True,False,False,False,False,False,False,False,0.8153697984946116,0.020993803902207363,0.038954870296764386,0.0028246502798215493,0.007684902465887648,0.11029505142250356,0.0028380332930306004,0.001038889845173264
6.3671875,Amusement,True,False,False,False,False,False,False,False,0.6382395760181089,0.0002997177734723971,0.031693774072510776,0.006028045447147569,0.002212385010178446,0.23485688134922708,0.08585570174777216,0.0008139185815826016
6.40625,Amusement,True,False,False,False,False,False,False,False,0.39369728905197066,0.14151773661661557,0.05303543372331352,0.003714070867969995,0.010095327961623664,0.39372212683804675,0.0037157761564812902,0.0005022387839784571
6.4453125,Amusement,True,False,False,False,False,False,False,False,0.6478350470780594,0.00030373732697011206,0.01673255156863061,0.0022441543345626275,0.08762759164982677,0.23832511969680872,0.006106290692231271,0.0008255076529106171
6.484375,Amusement,True,False,False,False,False,False,False,False,0.3994719025039247,0.0037678728964166152,0.0013855296751462897,0.027826646253800803,0.019816531065956967,0.39952092657380844,0.14682622390420214,0.0013843671267439756
6.5234375,Sadness,False,False,False,False,False,False,True,False,0.1636429068592568,0.001546217600128213,0.16357995743974793,0.16210192749980926,0.004199019350007085,0.05955603842101574,0.44480617485286267,0.0005677579771723089
6.5625,Amusement,True,False,False,False,False,False,False,False,0.6486009035244155,0.0008268611294936011,0.08772037005700047,0.0061159064730709235,0.006111140947375639,0.011829757390928026,0.2384910252224597,0.0003040352552562334
6.6015625,Amusement,True,False,False,False,False,False,False,False,0.3603786247932261,0.00045950541027035076,0.1324660620070521,0.0012493142627205609,0.003393918752629046,0.3602784725603724,0.1325421043951264,0.00923199781860307
6.640625,Amusement,True,False,False,False,False,False,False,False,0.7482136484556443,0.0003507686866088665,0.1012254536749333,0.007046352551672474,0.0025906916997249464,0.036888554880877555,0.10109292331278172,0.002591606737756849
6.6796875,Amusement,True,False,False,False,False,False,False,False,0.6989158266281223,0.0008905386664250834,0.2571132052100367,0.002419539945067828,0.0024208344835571346,0.017889844946566837,0.017930148484897223,0.0024200616353269025
6.71875,Amusement,True,False,False,False,False,False,False,False,0.65001862433668,0.0022502983131919246,0.2391254596992706,0.0008275332474726483,0.08794534142854536,0.0022507729411710468,0.016754448002547436,0.0008275220311209067
