time_sec,pred_label,Amusement,Anger,Disgust,Fear,Inspiration,Joy,Sadness,Tenderness,prob_Amusement,prob_Anger,prob_Disgust,prob_Fear,prob_Inspiration,prob_Joy,prob_Sadness,prob_Tenderness
0.0390625,Tenderness,False,False,False,False,False,False,False,True,0.0003211108638244852,0.012508195398662245,0.0023724696154069362,0.25218651726386365,0.03409337288894692,0.0064508428396639885,0.006450592484335164,0.6856168986452966
0.078125,Amusement,True,False,False,False,False,False,False,False,0.4417338378234184,0.030891597889710316,0.01159075654287619,0.0015288962805816546,0.441681947012683,0.059728345110979686,0.011315924306480063,0.0015286950332706467
0.1171875,Disgust,False,False,True,False,False,False,False,False,0.23853160758402422,0.0003037248293607547,0.6485266140640781,0.006100687426462901,0.01185961879108221,0.08774627111821942,0.0008256324018327986,0.006105843784939808
0.15625,Inspiration,False,False,False,False,True,False,False,False,0.0010260524617499594,0.002790127438267703,0.02061889241607399,0.020681142906118482,0.8049608535997123,0.10891480994296476,0.0010252093779124609,0.03998291185720038
0.1953125,Inspiration,False,False,False,False,True,False,False,False,0.2393639049140345,0.0022537328155806742,0.011844760398514157,0.0008285713935502134,0.6507136304238712,0.08803814478425581,0.006128594462157124,0.0008286608080362979
0.234375,Inspiration,False,False,False,False,True,False,False,False,0.035902798254990355,0.01364985010815247,0.18636402520260945,0.0006476410621244718,0.5079216616980105,0.1865922293891209,0.001761642265385412,0.06716015201960651
0.2734375,Inspiration,False,False,False,False,True,False,False,False,0.0077756628083061816,0.00782924987818201,0.002855635955273165,0.002856262352118095,0.8233975284798052,0.04096969316553281,0.002854632783159141,0.11146133457762337
0.3125,Inspiration,False,False,False,False,True,False,False,False,0.1098209107717903,0.0076575626551559,0.04029372896240859,0.0010337907428885258,0.81169928342006,0.020810817848230547,0.007650231250662166,0.0010336743488038175
0.3515625,Amusement,True,False,False,False,False,False,False,False,0.3944475246952422,0.0037222178556868737,0.14499220376331204,0.0013668356725396698,0.3946527690564379,0.05338560599626548,0.003715336085302951,0.00371750687521274
0.390625,Amusement,True,False,False,False,False,False,False,False,0.3928339114308561,0.0037090751222372625,0.14437521136674578,0.0005003809721542406,0.39291941083186144,0.05190712586782609,0.01005722647112266,0.0036976579371964737
0.4296875,Amusement,True,False,False,False,False,False,False,False,0.39294145827108534,0.0037011844901070467,0.14450600555795365,0.001360126216260771,0.39294594354452445,0.05312923440450331,0.010055943935650291,0.0013601035799150063
0.46875,Amusement,True,False,False,False,False,False,False,False,0.648502923713605,0.0008259353875431142,0.08773532580601291,0.0008256142946719659,0.2385839072573966,0.016587819457339094,0.006112862793209418,0.0008256112902220274
0.5078125,Amusement,True,False,False,False,False,False,False,False,0.6465465064158723,0.004331462372110514,0.08749522234374303,0.00030286429967183094,0.2378684296553278,0.016540749758666252,0.00609152331043331,0.000823241844174992
0.546875,Inspiration,False,False,False,False,True,False,False,False,0.16816950961681015,0.03193293856242827,0.16807681098314636,0.0005826761488533175,0.4573576282145904,0.004307264779335419,0.16798970584337575,0.0015834658514603994
0.5859375,Amusement,True,False,False,False,False,False,False,False,0.38711716154872955,0.01885530779921414,0.1423512449879142,0.0013404273943884257,0.3871072853544197,0.05215475815685033,0.010580777123198794,0.0004930376352850295
0.625,Amusement,True,False,False,False,False,False,False,False,0.6346450858522952,0.0008081142117818531,0.23345162359872906,0.0002972374572439935,0.08585642505109006,0.031142600154979768,0.011602542729149927,0.0021963709447301756
0.6640625,Disgust,False,False,True,False,False,False,False,False,0.23856493473599924,0.006104513799683138,0.6484785134063861,0.0008255896306715668,0.08775567883450887,0.0061013977323308025,0.011865671904909022,0.00030369995551136485
0.703125,Amusement,True,False,False,False,False,False,False,False,0.3779204236841671,0.0013099373082386748,0.37780935865282556,0.0013087898151803688,0.05023831382746518,0.13899302195604557,0.051111732059012,0.0013084226970653241
0.7421875,Amusement,True,False,False,False,False,False,False,False,0.6387295209204125,0.000814927484784479,0.23463752547735767,0.006018337194030197,0.0008138497281707084,0.0864150206009593,0.03175649630458295,0.00081432228970216
0.78125,Amusement,True,False,False,False,False,False,False,False,0.6970971224840208,0.0003267354612737786,0.017864709473650462,0.006567190410430671,0.01275498958577773,0.25639867997176435,0.0024189872241517783,0.006571585388930395
0.8203125,Amusement,True,False,False,False,False,False,False,False,0.6478626960177863,0.0003036874948466818,0.01662383878722869,0.0008254312197272789,0.2383406153788771,0.08769357797364302,0.002248200643126843,0.006101952484764037
0.859375,Amusement,True,False,False,False,False,False,False,False,0.6488811163664225,0.0003043925207020735,0.23807533011631415,0.0008271675089124373,0.006118334615257072,0.08782357276348197,0.011850604017198505,0.006119482091711388
0.8984375,Amusement,True,False,False,False,False,False,False,False,0.6676239010012128,0.0003130592823415721,0.033093267956283305,0.002314892561530297,0.017175258922218214,0.2455758041102461,0.03305293926611919,0.0008508769000486355
0.9375,Amusement,True,False,False,False,False,False,False,False,0.7640183157521441,0.0026527909279545374,0.10335281505237874,0.02032983175536182,0.0009739081427553039,0.0026490700658372696,0.10337189286599298,0.0026513754375753137
0.9765625,Amusement,True,False,False,False,False,False,False,False,0.4287656493313409,0.0005469722141298824,0.4286240580805821,0.004049189310300856,0.010991071085897754,0.05803171537138072,0.057977079067349835,0.011014265539017739
1.015625,Amusement,True,False,False,False,False,False,False,False,0.4630698716867607,0.0005906254897314644,0.17034551723911376,0.01196161956886955,0.0016048280516199906,0.17032444295366414,0.1702231337442041,0.011879961266036226
1.0546875,Amusement,True,False,False,False,False,False,False,False,0.6860379778853497,0.0003217572417514178,0.25245704723446477,0.006466649678632047,0.006465819841527526,0.011793937528328354,0.034075918207245905,0.002380892382700334
1.09375,Amusement,True,False,False,False,False,False,False,False,0.6398972711800361,0.0008171120143071256,0.2354012684001825,0.08436011946399959,0.0008170287986393323,0.03181511509222725,0.00081659382286973,0.006075491227738368
1.1328125,Amusement,True,False,False,False,False,False,False,False,0.6841512618126464,0.00032088228647761115,0.2518227791938282,0.018478674316683104,0.0023745450787088693,0.006452069015091751,0.0023735997265598077,0.0340261885700043
1.171875,Disgust,False,False,True,False,False,False,False,False,0.2546433499524167,0.0008817202522064418,0.6923102303062257,0.002397604692767937,0.03432425192035007,0.006520999990300581,0.0023977670998495907,0.006524075785882801
1.2109375,Amusement,True,False,False,False,False,False,False,False,0.6560905340481215,0.0022717550048682125,0.24138513878739543,0.0022755091271363893,0.08868126485804019,0.00618480010664116,0.0008356451757192611,0.0022753528920777693
1.25,Amusement,True,False,False,False,False,False,False,False,0.6401003288429191,0.0008151395601807078,0.23545659076532505,0.0022154001670783357,0.08652378194418206,0.0318579641178437,0.0022157701466031013,0.0008150244558679968
1.2890625,Amusement,True,False,False,False,False,False,False,False,0.6544924911372657,0.002265691115647322,0.24076261279738542,0.0008332951430157121,0.006163787369744292,0.08848951000959175,0.0008334024854146929,0.006159209941935204
1.328125,Amusement,True,False,False,False,False,False,False,False,0.763193690923702,0.007182750575432285,0.013975077512847964,0.0009717910760023304,0.10325860793976724,0.10326301325282283,0.00097176922441267,0.007183299495012628
1.3671875,Amusement,True,False,False,False,False,False,False,False,0.39028371455098654,0.0013514402474052133,0.39026888947761257,0.0036732357242107504,0.14352384492259987,0.0528011795965122,0.0013512978271963472,0.016746397653476585
1.40625,Amusement,True,False,False,False,False,False,False,False,0.3622303096848985,0.00340862946068531,0.13301556536038062,0.001253955847186274,0.13325638432477008,0.0034236867165123026,0.0012540122748391435,0.3621574563307277
1.4453125,Inspiration,False,False,False,False,True,False,False,False,0.23935584571125368,0.006126773323522565,0.011914659616036643,0.0008285180954373928,0.65067116583183,0.08802151446621961,0.002252776081055134,0.0008287468746450533
1.484375,Tenderness,False,False,False,False,False,False,False,True,0.10009694481128224,0.018994588635819574,0.0009435938460593541,0.0025651680088860872,0.03676290246899139,0.10011635312279335,0.0003470013864817452,0.7401734477196862
1.5234375,Amusement,True,False,False,False,False,False,False,False,0.3024059641520488,0.05769152594056027,0.11103207262091613,0.0028479521501708787,0.11112922134051959,0.3022703441245201,0.0028498448448269677,0.10977307482643726
1.5625,Inspiration,False,False,False,False,True,False,False,False,0.04148466754771479,0.015241785491248959,0.0029035638083127506,0.021439754641033162,0.8360623957169472,0.04154434125240086,0.00039223678634012335,0.04093125475600223
1.6015625,Inspiration,False,False,False,False,True,False,False,False,0.010304281990730982,0.12300363492880782,0.0037981833461098245,0.0005125773638260299,0.4020865895747843,0.054284295024800026,0.003791980165196909,0.4022184576057442
1.640625,Inspiration,False,False,False,False,True,False,False,False,0.16953489556770168,0.16932281043143513,0.16934637721976636,0.0005871609028106773,0.4610382568192417,0.02148589656529145,0.004344223806485984,0.004340378687267114
1.6796875,Disgust,False,False,True,False,False,False,False,False,0.18159702417735307,0.06654722764205664,0.49350097762405454,0.004649689171633005,0.1816065840737797,0.06681604076651852,0.00465320285164461,0.0006292536929599053
1.71875,Amusement,True,False,False,False,False,False,False,False,0.6478549107151246,0.0022542550009401656,0.08759196997386749,0.0008255415426879542,0.23834137436415037,0.01672738579614919,0.00610095327490222,0.0003036093321779843
1.7578125,Inspiration,False,False,False,False,True,False,False,False,0.012968040294012955,0.09819221438307073,0.06029603707360783,0.09800328121350389,0.7267497787465284,0.0009275354259401115,0.000341117369132268,0.0025219954942037486
1.796875,Anger,False,True,False,False,False,False,False,False,0.2008030435434425,0.5458101771217563,0.009973533857354246,0.014079329655756515,0.19931572345769843,0.014123782775683555,0.001898139161359073,0.013996270426949222
1.8359375,Disgust,False,False,True,False,False,False,False,False,0.23348176231910361,0.011581346914498723,0.6344140397581463,0.0022044948840647255,0.08582511626556943,0.00029770841419548606,0.03138602140776871,0.0008095100366529434
1.875,Amusement,True,False,False,False,False,False,False,False,0.6401039594390578,0.0022162144692348894,0.086611089161256,0.0008151368850875321,0.23543614813921848,0.031785687347340295,0.00081545701533045,0.002216307543474455
1.9140625,Amusement,True,False,False,False,False,False,False,False,0.6485519087611863,0.0008257027013836251,0.0876889357859592,0.0008256520616399718,0.23857356881709152,0.01660443257183623,0.006104027774385763,0.000825771526517331
1.953125,Amusement,True,False,False,False,False,False,False,False,0.36216589667112253,0.0012546546123388307,0.13320328904214784,0.0012541057980259376,0.3620749306135996,0.13322877375324926,0.0034095027434613906,0.003408846766054669
1.9921875,Amusement,True,False,False,False,False,False,False,False,0.6501343735949465,0.0022500985483505254,0.08798046440140421,0.00030446792515338337,0.23914106610443472,0.006118415317936369,0.011821376053596904,0.0022497380541773434
2.03125,Amusement,True,False,False,False,False,False,False,False,0.673756409918359,0.0023314874472824946,0.0335419605987703,0.000315486214953693,0.24785339477899007,0.0063374115465549665,0.03353269839915241,0.0023311510959371346
2.0703125,Amusement,True,False,False,False,False,False,False,False,0.6349178930615278,0.0008082873656845616,0.23356629249500502,0.00080813238743865,0.08592321818892018,0.03154637881180225,0.011621678066580949,0.0008081196230405032
2.109375,Amusement,True,False,False,False,False,False,False,False,0.6447917228574632,0.0008209081976771077,0.23719397289401042,0.000820765138169836,0.08725033431509192,0.016495408086934844,0.011806140926298812,0.0008207475843539177
2.1484375,Amusement,True,False,False,False,False,False,False,False,0.6380895681683975,0.0022110970414657575,0.2346231545538561,0.00029895895945500844,0.08622919043074964,0.006011638715719482,0.03172377953205679,0.0008126125982997046
2.1875,Amusement,True,False,False,False,False,False,False,False,0.705247542901703,0.0008995226917169746,0.09519402634305743,0.000899100964298688,0.0066517159684913564,0.09544143707423368,0.09476781261838657,0.0008988414381122386
2.2265625,Amusement,True,False,False,False,False,False,False,False,0.8139912403556588,0.0010390740620157925,0.0028324053954518645,0.00769643920107001,0.002823869367453899,0.11019147526281212,0.0405063348316283,0.020919161523909147
2.265625,Joy,False,False,False,False,False,True,False,False,0.01430270897393192,0.0027497829324403824,0.03925011950106735,0.001011808356563668,0.03941328666441176,0.7935039864986707,0.10701872941831042,0.0027495776546038026
2.3046875,Amusement,True,False,False,False,False,False,False,False,0.7015100048156293,0.0003292440880798402,0.006682940654310571,0.006641586445981204,0.0024510627296567707,0.006646924688146166,0.2576322824613025,0.018105954116893787
2.34375,Amusement,True,False,False,False,False,False,False,False,0.3884185278644825,0.0013496788464051161,0.0191442608787764,0.05202539432766835,0.00695856712790431,0.1428714775200924,0.3878837390457653,0.0013483543889056123
2.3828125,Amusement,True,False,False,False,False,False,False,False,0.6807617346924042,0.0003193145278724111,0.2504566603549788,0.0023718198825883816,0.002359372014243706,0.012423566373673796,0.0338448200702144,0.01746271208402427
2.421875,Disgust,False,False,True,False,False,False,False,False,0.18642587913756356,0.0006472914676307941,0.5077954381050379,0.06844768757503666,0.0017603382126248996,0.035409055584267206,0.18644231400758418,0.013071995910254836
2.4609375,Fear,False,False,False,True,False,False,False,False,0.18830140408503873,0.0006528926390888632,0.013156071109138823,0.5111197910795993,0.025322177456242406,0.18782724148215235,0.0048309346595845635,0.06878948748915509
2.5,Disgust,False,False,True,False,False,False,False,False,0.07481096282084958,0.0007046870058567625,0.5526620062548487,0.07464823981454534,0.014212756020161355,0.07474598429177214,0.005208337344331546,0.20300702644763458
2.5390625,Amusement,True,False,False,False,False,False,False,False,0.6924576353886028,0.0008819236150274339,0.25475544762114893,0.0023968873705328348,0.03407414456915199,0.006518818125264649,0.0023984082224608482,0.006516735087810577
2.578125,Amusement,True,False,False,False,False,False,False,False,0.7548147147756326,0.0009621121787095185,0.10214511606415914,0.019352492245808834,0.007112113740245124,0.10145811049734703,0.00035385705809532977,0.013801483440002467
2.6171875,Disgust,False,False,True,False,False,False,False,False,0.05772345208841954,0.0040253449334451885,0.4271132316939678,0.00402748851114657,0.42671487665224006,0.021145225672776092,0.0014810408995506363,0.05776933954845404
2.65625,Amusement,True,False,False,False,False,False,False,False,0.8219871194906629,0.007747744665660235,0.11125950450511393,0.007747981321578473,0.014514195662839426,0.021316571090951468,0.0003856417182884778,0.015041241544905054
2.6953125,Amusement,True,False,False,False,False,False,False,False,0.514668673103607,0.004846666606062408,0.18931980755959063,0.004845616510504306,0.06962984962052894,0.025602833479209025,0.0017825969103747905,0.18930395621012286
2.734375,Disgust,False,False,True,False,False,False,False,False,0.24685272709948775,0.0023248935994052357,0.671074065326602,0.0008547837273158833,0.03243609131752822,0.03334525270581102,0.0008549978020969269,0.012257188421752944
2.7734375,Disgust,False,False,True,False,False,False,False,False,0.2393245554876364,0.0008291667282164789,0.6506593848593041,0.002252969135250346,0.011863715587039633,0.0880285928884786,0.0008289244559138033,0.006212690858160761
2.8125,Disgust,False,False,True,False,False,False,False,False,0.1878129609219406,0.004815738667644982,0.5111505569806253,0.013083541870138023,0.06913283164432833,0.18798094183662664,0.0006512293675305386,0.025372198711165625
2.8515625,Inspiration,False,False,False,False,True,False,False,False,0.03814321360762937,0.10166985800499714,0.014036249707584391,0.0003603223267463178,0.7684147141166343,0.03823782390872212,0.0009796794760522079,0.038158138851634125
2.890625,Tenderness,False,False,False,False,False,False,False,True,0.002274434611898951,0.002291650315204998,0.006184709905681175,0.0022760639829916014,0.24126024862063766,0.08868503299637244,0.0008365390189024138,0.6561913205483108
2.9296875,Amusement,True,False,False,False,False,False,False,False,0.25461359857398913,0.13130109580912705,0.25454015098334193,0.0023968005181426374,0.2545888435054865,0.09364157952880481,0.00651833465374566,0.0023995964273623265
2.96875,Inspiration,False,False,False,False,True,False,False,False,0.18761270993049228,0.035492888980185794,0.06900775738737668,0.0006495080099959344,0.5100360868493317,0.18760067393378488,0.004799957189348318,0.0048004177194845565
3.0078125,Disgust,False,False,True,False,False,False,False,False,0.14514166297398845,0.003717269629403179,0.3943440689673257,0.0013661381689443258,0.39460519818807777,0.05339801600663485,0.0037134239102330955,0.00371422215539255
3.046875,Amusement,True,False,False,False,False,False,False,False,0.429467441188749,0.010992879775168824,0.05804229795482082,0.0014865704709489465,0.4295315833629452,0.0579995249470068,0.010993243593834771,0.0014864587065255637
3.0859375,Amusement,True,False,False,False,False,False,False,False,0.40960580882382924,0.01050974189992518,0.010551094763394312,0.0038562284343351743,0.4096301798717255,0.1505712415655622,0.001418530338475461,0.0038571743027530233
3.125,Amusement,True,False,False,False,False,False,False,False,0.3931382436687789,0.0037039588622651922,0.1442043245187203,0.0013613759478853557,0.3932669782781291,0.05290071053199303,0.01006288790701518,0.0013615202852129483
3.1640625,Amusement,True,False,False,False,False,False,False,False,0.6380353789719234,0.0022116267948898917,0.08632704718717128,0.0008125296518971976,0.23475287490564245,0.03154611561805182,0.006015524848540436,0.0002989020218834951
3.203125,Amusement,True,False,False,False,False,False,False,False,0.42894525191572397,0.057827710140546454,0.05766732380908674,0.004039798040244255,0.42900812230420793,0.010984564563222745,0.010980844808087612,0.000546384418880186
3.2421875,Amusement,True,False,False,False,False,False,False,False,0.43490237754388145,0.02150431513533214,0.0588089407204554,0.00409598432413233,0.4348597936442873,0.03413675086265311,0.011137695852949523,0.0005541419163087783
3.28125,Amusement,True,False,False,False,False,False,False,False,0.42437320027053194,0.057414247461543944,0.020991965647952682,0.00402771401754332,0.42452625952799267,0.010889560785860848,0.057235588291740455,0.000541463996834295
3.3203125,Amusement,True,False,False,False,False,False,False,False,0.443355066208368,0.022025182948857223,0.021758953076445264,0.004192907856178565,0.033288167782076473,0.4435116747783261,0.03130231423365552,0.0005657331160928504
3.359375,Amusement,True,False,False,False,False,False,False,False,0.6492295390528596,0.0039486733913402135,0.08773953957557995,0.006123768242564242,0.0022514873781648197,0.011861844208975356,0.23854046653400882,0.0003046816165069705
3.3984375,Amusement,True,False,False,False,False,False,False,False,0.668009228528648,0.0003130778632702889,0.01739431344856863,0.00085104844657679,0.0330475851458248,0.24561209612650042,0.0023147926926344407,0.03245785774797662
3.4375,Amusement,True,False,False,False,False,False,False,False,0.6764131606208186,0.0003170182378394532,0.047459999542300124,0.0008614077767493053,0.01737588132299395,0.24882637640935973,0.002375855305569038,0.006370300784369845
3.4765625,Joy,False,False,False,False,False,True,False,False,0.10973799462710652,0.001035541817008171,0.040354193363847594,0.0010344854556294657,0.02077869358546816,0.8117112262565978,0.0077006161551852964,0.0076472487391572135
3.515625,Amusement,True,False,False,False,False,False,False,False,0.44494057290912425,0.00154276924434895,0.1635401475680841,0.0015420945072924781,0.16349015905221034,0.16350598290382493,0.0598965090401057,0.0015417647750092132
3.5546875,Amusement,True,False,False,False,False,False,False,False,0.6380854378489995,0.002210196386690351,0.2346823808033203,0.00029892171980160624,0.006012070064913832,0.08629937562047954,0.03159913118143659,0.0008124863743581894
3.59375,Amusement,True,False,False,False,False,False,False,False,0.638806713017034,0.0008137967472061402,0.23497882833650893,0.0002992179017978282,0.0060136738475542115,0.08509534078991782,0.03178134618896554,0.0022110831710155697
3.6328125,Amusement,True,False,False,False,False,False,False,False,0.6538747302876735,0.002263935388407011,0.24052659042598723,0.00030626353855145607,0.006159560081841337,0.002264334378202857,0.0884522521963241,0.006152333703012447
3.671875,Amusement,True,False,False,False,False,False,False,False,0.6545958725453759,0.0008340050487369517,0.08858076156201553,0.0061634111772703865,0.0061732468513949566,0.0022683764538018636,0.24055061469895458,0.0008337116624498168
3.7109375,Amusement,True,False,False,False,False,False,False,False,0.6840084409334618,0.0003208572428996465,0.2515695712095776,0.002369488341613227,0.0023698701549057085,0.03387710910319576,0.019043377016253443,0.006441285998092891
3.75,Amusement,True,False,False,False,False,False,False,False,0.6873747651814386,0.002380551156195612,0.252857040485183,0.0008753026839514058,0.002382154665277621,0.017599675973758933,0.034150990669480935,0.0023795191847141178
3.7890625,Amusement,True,False,False,False,False,False,False,False,0.7039558092255507,0.002437306434465068,0.2589582655617902,0.0008963080680217249,0.018061761105629796,0.00662352522266834,0.0066294485865274035,0.002437575795346773
3.828125,Amusement,True,False,False,False,False,False,False,False,0.3832884695963322,0.0013272381419100552,0.3833083229416202,0.001326729318466006,0.07885805438558637,0.009815513771188972,0.14074884376987404,0.0013268280750222097
3.8671875,Amusement,True,False,False,False,False,False,False,False,0.823336425345506,0.0028523289384594264,0.11140342232854873,0.00775638981951375,0.0028513067048221807,0.002852012798585679,0.00801847906722317,0.0409296349973411
3.90625,Amusement,True,False,False,False,False,False,False,False,0.6988393440222814,0.0008905090612097182,0.25710477541280324,0.0024201117906038337,0.01798641459292941,0.0024205853962575618,0.017915043673094953,0.0024232160508199005
3.9453125,Amusement,True,False,False,False,False,False,False,False,0.6848623014022739,0.0023742892119559206,0.25195360266577566,0.01756897882925196,0.002387241118732406,0.006462219194306468,0.00032109637094334797,0.03407027120676047
3.984375,Inspiration,False,False,False,False,True,False,False,False,0.1867860590960592,0.0017621828923558747,0.18686991209445522,0.035507684224231784,0.5071957282761348,0.0006483164667954576,0.013036394526283485,0.06819372242368424
4.0234375,Tenderness,False,False,False,False,False,False,False,True,0.10585903197924941,0.0003681832801990684,0.03869749581984801,0.014051844015814148,0.03898523809421293,0.014155669795118692,0.0027240394521729394,0.7851584975633847
4.0625,Inspiration,False,False,False,False,True,False,False,False,0.11333885421992008,0.021489004358987814,0.11346384843465233,0.021486150548808133,0.3070766040201606,0.11344602414870643,0.0010691689007137756,0.3086303453680509
4.1015625,Amusement,True,False,False,False,False,False,False,False,0.6500370674081677,0.00030470988140901295,0.08796373835690634,0.002251051046584398,0.011882916055120159,0.23915670675631912,0.002251370397767537,0.006152440097725864
4.140625,Amusement,True,False,False,False,False,False,False,False,0.7748910533840264,0.0009878482203292405,0.038553973526865466,0.0026843538379424836,0.10479622809411918,0.0385257125033584,0.000987374543704994,0.03857345588965381
4.1796875,Amusement,True,False,False,False,False,False,False,False,0.2937092112865368,0.15155155023770556,0.03962349596619378,0.002766576791438093,0.2936543600574084,0.10792456834819898,0.002766855848608939,0.10800338146390938
4.21875,Inspiration,False,False,False,False,True,False,False,False,0.039712871934926154,0.02053790300724443,0.01445836528592395,0.0027701090180848806,0.7993399430470294,0.1081913231406794,0.00037483289931878515,0.014614651666793039
4.2578125,Joy,False,False,False,False,False,True,False,False,0.0046648631885248355,0.004697457463120305,0.06681863537194954,0.18123500528679268,0.1812699795055572,0.4940181978999903,0.0006308067662162446,0.06666505451784878
4.296875,Fear,False,False,False,True,False,False,False,False,0.0006734487771009815,0.005028899078539967,0.004997205504633036,0.527319898060019,0.19389330948137498,0.037455636508054786,0.03686411533263284,0.19376748725764434
4.3359375,Inspiration,False,False,False,False,True,False,False,False,0.24056967038614593,0.006257809749902353,0.006178084082230231,0.0023013499421696217,0.6550428362536104,0.0008353184178874263,0.08797882516575416,0.0008361060022998961
4.375,Inspiration,False,False,False,False,True,False,False,False,0.020756645512262417,0.10823182507086876,0.007563536386324755,0.02056840791677931,0.8016737253583306,0.039805344779269225,0.0003761579560309813,0.0010243570201339484
4.4140625,Inspiration,False,False,False,False,True,False,False,False,0.17030957584704579,0.1702127674020139,0.0016070820299508414,0.01187106916816106,0.46325125444555854,0.17029472728904568,0.011863191630355992,0.0005903321878682429
4.453125,Amusement,True,False,False,False,False,False,False,False,0.40329170796118224,0.01036768826231962,0.02000048821071303,0.01032854497046394,0.4034159450320803,0.1482842580727557,0.003797574623925132,0.0005137928665600996
4.4921875,Inspiration,False,False,False,False,True,False,False,False,0.1917024149255901,0.009452987552155798,0.19165714529570768,0.00491785701847487,0.5218638097163684,0.07057854124610465,0.004913778004058855,0.00491346624153955
4.53125,Inspiration,False,False,False,False,True,False,False,False,0.04159324454925429,0.04160477057292883,0.014937806681893392,0.0010667285305745362,0.8371078810301085,0.02161392884625006,0.04100927800796835,0.0010663617810220333
4.5703125,Amusement,True,False,False,False,False,False,False,False,0.4018076702548095,0.08019813943584261,0.09991754720690994,0.0013930708354580811,0.40203957992379996,0.0103382617966279,0.0037929860085099383,0.0005127445380420763
4.609375,Amusement,True,False,False,False,False,False,False,False,0.5364434832635915,0.01389015001361423,0.19729662895006395,0.0018584939265774605,0.19737872336451703,0.03753376715972404,0.01373975195472049,0.0018590013671915275
4.6484375,Disgust,False,False,True,False,False,False,False,False,0.06859394653091425,0.035656204593915254,0.5073789972040815,0.0006468194446973913,0.1866664818386761,0.013100038169920175,0.1861996622217466,0.001757849996048621
4.6875,Amusement,True,False,False,False,False,False,False,False,0.6379894775892403,0.0008131564035279678,0.23468420564232664,0.002209946069387836,0.03165825216270141,0.08633541157075238,0.00601059464000828,0.00029895592205507785
4.7265625,Amusement,True,False,False,False,False,False,False,False,0.6345783317966146,0.0002974998151043676,0.23338108057469362,0.0008081657325896542,0.08559628037483749,0.031581171366187724,0.011560483707061203,0.002196986632911448
4.765625,Amusement,True,False,False,False,False,False,False,False,0.7483388942528792,0.00035086349612127365,0.10125562799935058,0.0025921220384848382,0.10117738279222344,0.03661530053042722,0.007078852685633569,0.0025909562048797127
4.8046875,Amusement,True,False,False,False,False,False,False,False,0.6571661000388762,0.0022793947188080085,0.03270396606976382,0.0008372632814414553,0.24138936869552055,0.032676112444285206,0.032639893584131864,0.0003079011671730033
4.84375,Amusement,True,False,False,False,False,False,False,False,0.644813879856282,0.0008214581684226498,0.0872498865505577,0.0008211099772766267,0.23711832972444463,0.01656830139821099,0.011786067956089457,0.0008209663687158002
4.8828125,Amusement,True,False,False,False,False,False,False,False,0.6544726191288713,0.002267138765176954,0.08856141587228449,0.000833555209973349,0.2406975569277893,0.006173311342529146,0.006161078903116435,0.0008333238502588833
4.921875,Amusement,True,False,False,False,False,False,False,False,0.37727979631875946,0.050470141566235416,0.05105971470721951,0.0035517701294183967,0.37715830123177857,0.001306670888884841,0.1386930840211572,0.0004805211365467163
4.9609375,Amusement,True,False,False,False,False,False,False,False,0.6400572506072559,0.0008161101378100049,0.23548888343054739,0.0008153216464157341,0.0022177486941100328,0.03177982200607986,0.0866084889168347,0.0022163745609462466
5.0,Amusement,True,False,False,False,False,False,False,False,0.6547317441764015,0.000835305937363278,0.24085775863193984,0.006163682362103485,0.002268709978620583,0.006169311486639056,0.08813958482733676,0.0008339025995957042
5.0390625,Amusement,True,False,False,False,False,False,False,False,0.6658223254746377,0.0008484982882894708,0.2449699325837461,0.006265614633763893,0.04639320550932818,0.0023158519095848843,0.033072632677881415,0.000311938922768253
5.078125,Amusement,True,False,False,False,False,False,False,False,0.6532556056316603,0.0003062375442004577,0.24027843056895276,0.006155904175090706,0.002263928488866293,0.007359692389215196,0.08811783029511236,0.0022623709069019863
5.1171875,Amusement,True,False,False,False,False,False,False,False,0.6538675219898182,0.00030653526719821226,0.24053992505754948,0.0061597145900363255,0.0022644396849366252,0.006158572167465652,0.08843620003415487,0.002267091208840695
5.15625,Amusement,True,False,False,False,False,False,False,False,0.6930504408681476,0.0008831197227668801,0.25496581966577797,0.006528635615774931,0.002400052111747527,0.00652459891661293,0.03324761824144515,0.0023997148577269544
5.1953125,Disgust,False,False,True,False,False,False,False,False,0.25586072981758445,0.002412158207527104,0.6962595415966192,0.0003262498491349484,0.006579048883470703,0.018281522579725894,0.002429627223683196,0.017851121842254514
5.234375,Disgust,False,False,True,False,False,False,False,False,0.09844544881292006,0.00034137678770914623,0.7279908977542267,0.0009275752850603728,0.0025235889224686733,0.03575578935610103,0.03598348847853415,0.09803183460297986
5.2734375,Amusement,True,False,False,False,False,False,False,False,0.42691199772916183,0.0014807324899600532,0.42733891910582483,0.010954870133738597,0.08172125912547018,0.0005447070675615835,0.029815787749216085,0.02123172659906691
5.3125,Amusement,True,False,False,False,False,False,False,False,0.3930449918158022,0.0013643582969251615,0.3928845509761278,0.14441325598262258,0.010117959798284256,0.0013638731219154563,0.003712214738015344,0.05309879527030714
5.3515625,Fear,False,False,False,True,False,False,False,False,0.030959948308644222,0.0005625659157519144,0.011331996188229576,0.44088211022512,0.4412077878148401,0.011329921259166301,0.0041626280366328225,0.059563042251615204
5.390625,Tenderness,False,False,False,False,False,False,False,True,0.013733828520131448,0.00488507954688587,0.06799096366145879,0.19036246699979667,0.19038870884536743,0.01351737737866027,0.0006611616682920364,0.5184604133794074
5.4296875,Inspiration,False,False,False,False,True,False,False,False,0.10084938370877063,0.0009508992977296428,0.007052491483671737,0.007028677067084596,0.7457665130817039,0.03710486492547501,0.00034963706017314953,0.10089753337539126
5.46875,Fear,False,False,False,True,False,False,False,False,0.010512851534316768,0.0038048967382394733,0.010350814181456884,0.4035225906113002,0.01921236830471884,0.14832161385329884,0.0005146750794114107,0.4037601896972576
5.5078125,Tenderness,False,False,False,False,False,False,False,True,0.0054150920579168005,0.014706870001193901,0.21069501435525576,0.077271554819118,0.11087645792347918,0.005423489743542989,0.0019905032420447937,0.5736210178574486
5.546875,Inspiration,False,False,False,False,True,False,False,False,0.0008981755900418213,0.006647061698700037,0.0024464594204864297,0.09512105126968293,0.7040843509413307,0.09520696860709506,0.0003302222136281614,0.09526571025903502
5.5859375,Inspiration,False,False,False,False,True,False,False,False,0.0006477635318820155,0.18673747173273098,0.0017619416593717557,0.06856742202205797,0.5069184328234366,0.03544069017104842,0.0130468593273583,0.18687941873211394
5.625,Tenderness,False,False,False,False,False,False,False,True,0.0022460102644027784,0.006135576106603317,0.016643432798176816,0.0008262775670294275,0.23839052419746404,0.08749381762895185,0.00030409996241594127,0.6479602614749559
5.6640625,Inspiration,False,False,False,False,True,False,False,False,0.038530076672627124,0.002685427004984144,0.03853196634165071,0.0009872479995506073,0.7749801848483603,0.038545585386411826,0.0009873922946651882,0.10475211945175004
5.703125,Disgust,False,False,True,False,False,False,False,False,0.05524010726116754,0.029743277550095558,0.4252911260307211,0.0014730082518660034,0.4253508226482397,0.0574195793737066,0.0014731637195681889,0.004008915164635228
5.7421875,Inspiration,False,False,False,False,True,False,False,False,0.007804352757980925,0.0028420110554170353,0.04032036814961691,0.0028363715257666306,0.818125491740432,0.014946480423079164,0.002834430659360108,0.11029049368834713
5.78125,Inspiration,False,False,False,False,True,False,False,False,0.0077192357308634215,0.10985800737968165,0.020880615039382405,0.04048286582977639,0.8143605634401616,0.002832982977281351,0.0010401014793684645,0.002825628123484725
5.8203125,Amusement,True,False,False,False,False,False,False,False,0.43122163128493557,0.058251396253081296,0.011054515509300346,0.004069587781815221,0.4315514793263691,0.058290811013174876,0.0040645361875294205,0.0014960426437942017
5.859375,Amusement,True,False,False,False,False,False,False,False,0.6743823212575061,0.0008590155142025542,0.03356173827362559,0.002334966986073239,0.24811391803848679,0.033543999042780395,0.006345346453987689,0.0008586944333375837
5.8984375,Amusement,True,False,False,False,False,False,False,False,0.31538627112388096,0.0010923557309473078,0.3153022655497735,0.0010917956053532467,0.31543762775553474,0.042525516035640254,0.0080726046017995,0.0010915635970706254
5.9375,Amusement,True,False,False,False,False,False,False,False,0.6854461048126866,0.0008734279412633494,0.03405303381374526,0.0023737700367220905,0.2521773326928344,0.01775026313350569,0.006453179639204027,0.0008728879300384957
5.9765625,Amusement,True,False,False,False,False,False,False,False,0.42972286636921003,0.05782410295829576,0.05771148591641145,0.0014875342053381375,0.42976565582296766,0.010998416971010283,0.011002571024475312,0.0014873667322912456
6.015625,Disgust,False,False,True,False,False,False,False,False,0.18150820083865937,0.06672522090880431,0.4935205002680985,0.004650791586333533,0.18159225892064787,0.06669892851586583,0.004675024335400914,0.0006290746261895542
6.0546875,Amusement,True,False,False,False,False,False,False,False,0.4663888103300684,0.16986644963373518,0.004402436940798528,0.004437904216925876,0.17100695658676301,0.1713130109719472,0.011989505740656993,0.0005949255791048714
6.09375,Amusement,True,False,False,False,False,False,False,False,0.4207920248866868,0.032745630217564214,0.020697401358306108,0.020889242656324414,0.42079426855109014,0.0014607881908861602,0.0820841672521582,0.0005364768869838417
6.1328125,Amusement,True,False,False,False,False,False,False,False,0.5551040234413704,0.02601932899697047,0.0748783338652491,0.10664758559950326,0.20380955200359077,0.027603534431253702,0.005230362322866149,0.0007072793391961953
6.171875,Amusement,True,False,False,False,False,False,False,False,0.6570273444014761,0.0008374949055871274,0.032686444850766765,0.002277508805233956,0.24163704536183642,0.032583477461424724,0.032642823157844565,0.0003078610558302847
6.2109375,Amusement,True,False,False,False,False,False,False,False,0.6379522076484737,0.00029896674618669296,0.23467515640319977,0.0008122337003958376,0.006003674990882293,0.08632004877300557,0.03172975642252823,0.002207955315327738
6.25,Amusement,True,False,False,False,False,False,False,False,0.6904138304939619,0.0003234497143007393,0.25397398015985173,0.0008790386018147337,0.017681216258001297,0.017698372469564502,0.01253423407363296,0.006495878228871948
6.2890625,Amusement,True,False,False,False,False,False,False,False,0.745872409167672,0.0009515863230212418,0.10092647480051753,0.007023659484698505,0.007024187121493541,0.03697309096218313,0.10087910048879933,0.00034949165161482525
6.328125,Amusement,True,False,False,False,False,False,False,False,0.6402516214533744,0.0008167141413610257,0.23527627661608735,0.0008157423026476356,0.0022181654162631743,0.08662124230926505,0.03178328522614752,0.0022169525348539024
6.3671875,Sadness,False,False,False,False,False,False,True,False,0.24136892964320975,0.002276400900924655,0.08880708511265885,0.0022731797081397775,0.006182345534621931,0.0008362905274462075,0.6559825196673618,0.0022732489056369962
6.40625,Amusement,True,False,False,False,False,False,False,False,0.3911388648746296,0.0004987004266369263,0.1430962668603776,0.0013578673871581994,0.010027778020697308,0.3910486437781964,0.052810731628683674,0.010021147023620277
6.4453125,Amusement,True,False,False,False,False,False,False,False,0.6397957753344911,0.00030009440868794464,0.031527472942513804,0.002219616428932697,0.0022172520236704266,0.23530425430626628,0.08641698748006241,0.00221854707537532
6.484375,Sadness,False,False,False,False,False,False,True,False,0.2399590760854105,0.00030586333999669526,0.08825553477857964,0.006145644920796838,0.006141678444892412,0.00614573255391656,0.6522153320114574,0.0008311378649499572
6.5234375,Amusement,True,False,False,False,False,False,False,False,0.7039145934217013,0.0024380386812114575,0.25892434221450167,0.0024383723868324813,0.006629683720815985,0.018052724018832074,0.000897155490921344,0.006705090065183682
6.5625,Disgust,False,False,True,False,False,False,False,False,0.24869733246259654,0.0023453048082153565,0.6762976923661674,0.0008613931435087162,0.03362514013024406,0.002342987043258638,0.03348857028595813,0.0023415797600509942
6.6015625,Amusement,True,False,False,False,False,False,False,False,0.6897775411243883,0.000323713148994537,0.2537024426836768,0.006501891476671483,0.0023917381082352316,0.006517196638588033,0.03426976733844701,0.006515709480998539
6.640625,Amusement,True,False,False,False,False,False,False,False,0.6940783665753295,0.0024037358853099314,0.25532984331955416,0.002403666280147064,0.0024047858161772556,0.006536025196780028,0.0024054373593205567,0.034438139567381544
6.6796875,Disgust,False,False,True,False,False,False,False,False,0.2539439462627911,0.006496916226050301,0.6903294414021317,0.0008789801516250268,0.03433672762823898,0.006636507652758141,0.0008793827855631068,0.006498097890841751
6.71875,Amusement,True,False,False,False,False,False,False,False,0.6561155906948437,0.0008356346942954911,0.2413540860606384,0.002271978640414747,0.0061752146130739805,0.08870435154203866,0.0022714226005132723,0.002271721154181823
