time_sec,pred_label,Amusement,Anger,Disgust,Fear,Inspiration,Joy,Sadness,Tenderness,prob_Amusement,prob_Anger,prob_Disgust,prob_Fear,prob_Inspiration,prob_Joy,prob_Sadness,prob_Tenderness
0.0390625,Inspiration,False,False,False,False,True,False,False,False,0.007452606173775569,0.10295309929018699,0.002639219354358197,0.0026354172960592775,0.7614988075666037,0.0003566051802064445,0.10297630939587567,0.019487935742934042
0.078125,Amusement,True,False,False,False,False,False,False,False,0.6744406949505439,0.0008588661168019697,0.2481282273558841,0.0023343392823769343,0.0063522592251349114,0.03356686989398604,0.03345992813947065,0.0008588150358014079
0.1171875,Joy,False,False,False,False,False,True,False,False,0.04466159005493859,0.016409173951588408,0.23531864105282008,0.00603430412372846,0.04538825471104281,0.6401001298067,0.006036651124164563,0.006051255175017074
0.15625,Amusement,True,False,False,False,False,False,False,False,0.7720468564689357,0.0009860414548947462,0.002693729211055355,0.007297530828771428,0.10434506893352075,0.10262259829134592,0.002688096172547284,0.007320078638928817
0.1953125,Fear,False,False,False,True,False,False,False,False,0.0022207114207993487,0.0003003122106177335,0.00221970491908267,0.6396234819168638,0.23539101484669742,0.031617763134855266,0.08640486857535373,0.0022221429757299303
0.234375,Inspiration,False,False,False,False,True,False,False,False,0.2101215493424603,0.0007363044802354985,0.015004138807203924,0.07755432342513066,0.5728918578134523,0.07781919121822854,0.040428010076412474,0.005444624836876341
0.2734375,Fear,False,False,False,True,False,False,False,False,0.1741610280911914,0.0016575915668294483,0.06141334246210586,0.2680703387375956,0.012287761440256353,0.47622137959262056,0.004513234880135293,0.0016753232292654665
0.3125,Amusement,True,False,False,False,False,False,False,False,0.42547352730269455,0.0014787496692878009,0.4254313339655084,0.0040140368867732125,0.029832344024707764,0.057447665579938356,0.05484757867582728,0.0014747638952625397
0.3515625,Amusement,True,False,False,False,False,False,False,False,0.6380187815342078,0.00029893424427382154,0.031751522288429326,0.0022085503471825333,0.23458288332501,0.08631933365220505,0.006007290067787505,0.000812704540903968
0.390625,Amusement,True,False,False,False,False,False,False,False,0.6484958965510824,0.0008258858888955317,0.23855816432509463,0.0008255655191721058,0.08774765806618814,0.016611456728269317,0.006109738882526911,0.0008256340387709351
0.4296875,Amusement,True,False,False,False,False,False,False,False,0.6621539040011889,0.000310276036052466,0.2435120832418251,0.0022918404362563174,0.04617357668682798,0.03289506715074112,0.011819806706972184,0.0008434457401359077
0.46875,Amusement,True,False,False,False,False,False,False,False,0.6485246173536672,0.00082625376109805,0.2385524238187659,0.0008257723934906136,0.08774892616312113,0.016591476361671128,0.006104204891505596,0.0008263252566805662
0.5078125,Amusement,True,False,False,False,False,False,False,False,0.5073675006852267,0.03560217120056798,0.18668773286083476,0.0006472867218812576,0.18661707916285997,0.0017591774030467537,0.013047451147983927,0.06827160081759871
0.546875,Disgust,False,False,True,False,False,False,False,False,0.10122732232385043,0.002592003832921365,0.7480372874317771,0.00035044257374953976,0.10093151807462995,0.007050845757727357,0.037217300347217944,0.002593279658126277
0.5859375,Amusement,True,False,False,False,False,False,False,False,0.679635147855784,0.0008657445569873253,0.2500310267693709,0.0023527027193460653,0.047412096607620226,0.0063971868887138395,0.01244022254660991,0.000865872055567626
0.625,Amusement,True,False,False,False,False,False,False,False,0.3877060467353866,0.0004948164361285739,0.14252503300197195,0.01847709255284049,0.3871094609605555,0.052392125266085735,0.0013460183167746493,0.009949406730256518
0.6640625,Amusement,True,False,False,False,False,False,False,False,0.6384190206113355,0.0008135161110850437,0.08561736788497755,0.0002991459222173519,0.2348719958003768,0.006012952362708835,0.031755082376510604,0.0022109189307883297
0.703125,Amusement,True,False,False,False,False,False,False,False,0.7409370658565166,0.0009438920722819739,0.10025400827150432,0.0009437291010304715,0.10023452891730317,0.018963649468168007,0.036779342807175694,0.0009437835060197737
0.7421875,Amusement,True,False,False,False,False,False,False,False,0.6501368569055116,0.006119488821009347,0.08794412716856483,0.0003045971883165331,0.2391047656548177,0.011887064837154385,0.00225110802982489,0.002251991394800689
0.78125,Amusement,True,False,False,False,False,False,False,False,0.644793282673683,0.0008207019991452449,0.08726218623815214,0.000820648074739864,0.23719921184816758,0.016485763208703322,0.011797542536329485,0.0008206634210793624
0.8203125,Amusement,True,False,False,False,False,False,False,False,0.6479199597470987,0.0008246640588845228,0.08768543047170388,0.0003033618797460122,0.2383496571046275,0.01656524668241722,0.006110066027511061,0.002241614028011276
0.859375,Amusement,True,False,False,False,False,False,False,False,0.6379214668997727,0.0008119991133602011,0.2346745095026774,0.00029869274757489156,0.08633143638483735,0.006000871256378115,0.03175390121458651,0.0022071228808128707
0.8984375,Amusement,True,False,False,False,False,False,False,False,0.6385226321627694,0.0008129238133406164,0.23489140117097712,0.0008127899282415467,0.08640392680784463,0.03172881650711379,0.006014693009815712,0.0008128165998972642
0.9375,Amusement,True,False,False,False,False,False,False,False,0.6441988931672212,0.00030175092556680234,0.08717801849426997,0.002229320611749801,0.23696890732142442,0.016521469812403187,0.011781466819445653,0.0008201728479188132
0.9765625,Amusement,True,False,False,False,False,False,False,False,0.6745172222836862,0.0008595275034103087,0.24813297270876747,0.0008589786411858091,0.03354553538065908,0.033400970123050815,0.006349117792031909,0.002335675567208407
1.015625,Amusement,True,False,False,False,False,False,False,False,0.3871790956234165,0.009966422786500199,0.14204011052241627,0.05216923079503842,0.0013450197095437346,0.01927134412693756,0.38753372238713796,0.0004950540490094849
1.0546875,Amusement,True,False,False,False,False,False,False,False,0.7283775552870582,0.00034203177518329285,0.09807899007487887,0.0025313594428465628,0.03586136661425667,0.09852023096866762,0.0353580875068717,0.0009303783302371547
1.09375,Amusement,True,False,False,False,False,False,False,False,0.4044976835543428,0.0038220935997099375,0.14891130706265843,0.0038277515502706944,0.02860418789353151,0.40510392155518554,0.0014046670559640273,0.003828387728336938
1.1328125,Fear,False,False,False,True,False,False,False,False,0.18083368567908834,0.0006287195502388109,0.0017112498327614648,0.4911945587227443,0.06557478291803354,0.18115997498346292,0.012670506389933693,0.06622652192373685
1.171875,Inspiration,False,False,False,False,True,False,False,False,0.08585172740334475,0.000809117731681685,0.03152022766180698,0.00029749822496419093,0.6346183161552831,0.2333230410221871,0.011380536225106734,0.002199535575625383
1.2109375,Amusement,True,False,False,False,False,False,False,False,0.40267810093707584,0.003800148903852163,0.02845336259481734,0.0005133310445580301,0.14805647566329636,0.010316372719738846,0.4023870141985955,0.0037951939380658183
1.25,Amusement,True,False,False,False,False,False,False,False,0.5390031010870973,0.0018755142354690408,0.03811217862793342,0.014185785661086803,0.19849274730570649,0.005149116395626575,0.19808146619040254,0.005100090496677791
1.2890625,Sadness,False,False,False,False,False,False,True,False,0.016249008736460246,0.0021909871293336733,0.03129003678182284,0.02799387701318819,0.23183969397815615,0.044148203229619175,0.6300066021460433,0.016281590985376442
1.328125,Amusement,True,False,False,False,False,False,False,False,0.3777844363427247,0.00048223519233101203,0.003561633434203597,0.049512293915316266,0.3776916100349194,0.13878614573262554,0.05087137096529394,0.0013102743825856606
1.3671875,Inspiration,False,False,False,False,True,False,False,False,0.05980231866467649,0.001000520995213445,0.002718526431075598,0.038806955989677365,0.7833653724436418,0.10591560873062651,0.007390492660003947,0.001000204085084884
1.40625,Amusement,True,False,False,False,False,False,False,False,0.2417851013704465,0.237838619406682,0.23111253359922834,0.006262530145364157,0.023965147216065366,0.0008414627386527507,0.01705474425671152,0.24113986126684928
1.4453125,Disgust,False,False,True,False,False,False,False,False,0.1508039309955755,0.003886956600628916,0.40987291207577614,0.0014232204305131562,0.0038713653826691107,0.010617470147016058,0.4089857875022517,0.010538356865569433
1.484375,Amusement,True,False,False,False,False,False,False,False,0.6401053060649805,0.000815911630374489,0.08660115903987965,0.0022164106618349864,0.23539698517206215,0.031831601231330046,0.0022168973559747876,0.0008157288435633544
1.5234375,Disgust,False,False,True,False,False,False,False,False,0.23721404286027475,0.000821348420364773,0.6448429515916541,0.0008209973484661903,0.08723529789509604,0.016506950208467847,0.01173738369423805,0.0008210279814382533
1.5625,Amusement,True,False,False,False,False,False,False,False,0.748621972208954,0.0025956245553628533,0.10130816108266183,0.0009534999163134531,0.10127069358178793,0.03724325037666807,0.0070531982926879885,0.0009535999855639749
1.6015625,Amusement,True,False,False,False,False,False,False,False,0.6440263307318232,0.0008210522697131389,0.23689758137309194,0.0008205472929808667,0.02346138847205802,0.08708621296025511,0.006065969288234065,0.0008209176118436296
1.640625,Disgust,False,False,True,False,False,False,False,False,0.14157700530326844,0.0004906885169829443,0.3849518982727593,0.003624585027755092,0.38492792569628653,0.009867477067637277,0.07322669948662376,0.0013337206286866724
1.6796875,Amusement,True,False,False,False,False,False,False,False,0.813779058973307,0.0028273535086547107,0.11004415275482898,0.007683129847944987,0.002828082688203306,0.05718270550046883,0.002827789107044985,0.0028277276195471236
1.71875,Tenderness,False,False,False,False,False,False,False,True,0.25231892588924143,0.0008743226472606787,0.03406414673071062,0.0008739185030369986,0.006481878051956286,0.01756239941427738,0.0023766391533598494,0.6854477696101567
1.7578125,Amusement,True,False,False,False,False,False,False,False,0.8053914559183453,0.002789983578319755,0.10899996019484556,0.0003772236989279528,0.039484134904996054,0.02064718653087217,0.014730732313196401,0.007579322860496779
1.796875,Amusement,True,False,False,False,False,False,False,False,0.6479190109640058,0.0008254196599893917,0.23832990443340535,0.0003035044786227774,0.016656108776524077,0.08761497174391801,0.006101857469293753,0.002249222474240825
1.8359375,Amusement,True,False,False,False,False,False,False,False,0.6479709806095807,0.0008251717293092884,0.2383797377390544,0.000303461736183285,0.08756731370111417,0.016605376466560618,0.00610527660851929,0.0022426814096781623
1.875,Amusement,True,False,False,False,False,False,False,False,0.6385295379789808,0.0008135117376395533,0.23489672116278765,0.0008130626572137817,0.08639300373291345,0.006012002409409258,0.03172904656715831,0.0008131137538971944
1.9140625,Amusement,True,False,False,False,False,False,False,False,0.761548707377863,0.0196821090709291,0.10301483493687882,0.0003568926050730272,0.10292315302922428,0.007188158766786689,0.002645399204712784,0.002640745008532378
1.953125,Amusement,True,False,False,False,False,False,False,False,0.7457995373010423,0.0009500019742827202,0.10092088743147215,0.0003493313174244629,0.10081648183153806,0.007024336316557062,0.03711469661151686,0.00702472721616651
1.9921875,Amusement,True,False,False,False,False,False,False,False,0.6381071736211381,0.0002990434627901671,0.23471617954105162,0.0022090982004293984,0.03152009453175805,0.08632735272047021,0.00600820017191772,0.0008128577504448145
2.03125,Amusement,True,False,False,False,False,False,False,False,0.6400470930612735,0.00030072241130381133,0.23542288449281978,0.002219197443207177,0.0834440581155532,0.03171428032656537,0.006035583527529238,0.0008161806217481155
2.0703125,Amusement,True,False,False,False,False,False,False,False,0.6387976297629481,0.000300109940026743,0.08576391663197053,0.002218072830211153,0.23481659838849084,0.031229605572140655,0.00605798543517364,0.0008160814390383125
2.109375,Amusement,True,False,False,False,False,False,False,False,0.6544727951898175,0.000834414199887856,0.08854019725905823,0.0022669557176359695,0.24069237057775972,0.0061756449985803175,0.006183194064786016,0.0008344279924743853
2.1484375,Disgust,False,False,True,False,False,False,False,False,0.034120151739426625,0.006467455058716601,0.6855643613418846,0.00032137946676844215,0.25218343510198177,0.006464546867333383,0.012503462627064001,0.002375207796824528
2.1875,Anger,False,True,False,False,False,False,False,False,0.010681917037201031,0.4085848524149348,0.1498857706588349,0.003910349596953886,0.0014331430774874602,0.41097560112058357,0.003918233408196542,0.010610132685807806
2.2265625,Amusement,True,False,False,False,False,False,False,False,0.7001997842602471,0.0126508547138158,0.09472220404683347,0.00032827138802041825,0.002431867705632577,0.09444447202930993,0.0008941332666474708,0.0943284125894932
2.265625,Disgust,False,False,True,False,False,False,False,False,0.0877363991252759,0.000829291275221365,0.6487921143636441,0.0008268631896795687,0.016716839124399877,0.006114997117847034,0.23815605936480452,0.0008274364391276241
2.3046875,Inspiration,False,False,False,False,True,False,False,False,0.10412563111062681,0.007923366130005731,0.000999036989442484,0.0027879609800766647,0.7705888137701283,0.0026774923135678423,0.007330455232298627,0.10356724347385346
2.34375,Amusement,True,False,False,False,False,False,False,False,0.749417567487758,0.007378494646014832,0.09817831894098226,0.007098715241005793,0.035524213064917785,0.0009614433891750152,0.1010881144213213,0.0003531328088251396
2.3828125,Amusement,True,False,False,False,False,False,False,False,0.31555750141126887,0.00040329808129840525,0.04217957704105574,0.0029845660038708565,0.3153750707332501,0.31419724049166886,0.008204420547083315,0.001098325690503805
2.421875,Amusement,True,False,False,False,False,False,False,False,0.5075452406682273,0.0006490099148765472,0.03595390303140268,0.013053640690254425,0.18636083576322604,0.18600512506953773,0.06866592939713939,0.0017663154653359183
2.4609375,Fear,False,False,False,True,False,False,False,False,0.13236779839607316,0.0004611924810810316,0.0034773490091374944,0.3598621028136735,0.13238207607703667,0.00941515671910441,0.36078109740524783,0.001253227098645868
2.5,Amusement,True,False,False,False,False,False,False,False,0.7012318794118417,0.006835906911606031,0.0008961950890492145,0.00668607397949667,0.012112088850077628,0.25718139770293386,0.01261894371515056,0.0024375143398442513
2.5390625,Amusement,True,False,False,False,False,False,False,False,0.4656377826004696,0.0005944487069315886,0.012075317246320914,0.17033863238804242,0.17142847532694463,0.17108565449707164,0.004392550120960652,0.004447139113258507
2.578125,Disgust,False,False,True,False,False,False,False,False,0.10270846234807729,0.007777777100234473,0.7593652171449039,0.002631017852699549,0.10227755546740137,0.019778893557091972,0.005105191102462486,0.0003558854271289953
2.6171875,Amusement,True,False,False,False,False,False,False,False,0.6561078770058388,0.0008362409860084433,0.2412737570843061,0.002272484567759747,0.006189158256349301,0.088773875181944,0.00227243542459174,0.002274171493201889
2.65625,Disgust,False,False,True,False,False,False,False,False,0.24054190819148166,0.00030691667755600546,0.6539182763290625,0.002264078959343888,0.006165576281005289,0.08838195046338806,0.006157169971957634,0.0022641231262048715
2.6953125,Amusement,True,False,False,False,False,False,False,False,0.3866009871990617,0.0004926132799285837,0.1422231992792274,0.0036386646631644095,0.38660430394574635,0.05216066917976625,0.02694093396150502,0.0013386284916002394
2.734375,Amusement,True,False,False,False,False,False,False,False,0.6505144968493877,0.0008287321677152464,0.23929623223783494,0.0022532775570310256,0.016661219764810026,0.08736378547815685,0.002253409001330647,0.0008288469437337508
2.7734375,Amusement,True,False,False,False,False,False,False,False,0.6478978833586152,0.0003036904087379614,0.23831467580828708,0.002242747020240648,0.016665306597791765,0.08763712706491839,0.006113280798972416,0.0008252889424364261
2.8125,Disgust,False,False,True,False,False,False,False,False,0.2385376848267,0.0003039627379510845,0.6485248037573195,0.0008260637160091996,0.011835193588805538,0.08775483463387383,0.006104228011830218,0.0061132287275106985
2.8515625,Amusement,True,False,False,False,False,False,False,False,0.6385865359622129,0.0008141602885819668,0.23489100874250632,0.0008132334154056012,0.08629248146499864,0.03177109744803176,0.006018246160970142,0.0008132365172925602
2.890625,Amusement,True,False,False,False,False,False,False,False,0.6379742217308124,0.0002988245649204149,0.08633196321360725,0.002207782382458611,0.2346763780303983,0.0316956918193405,0.006002898685609445,0.0008122395728529473
2.9296875,Amusement,True,False,False,False,False,False,False,False,0.6544507578659569,0.002265549337883697,0.24072894761771194,0.000833200238361367,0.08854384367355692,0.006159811668953036,0.006184686812954086,0.000833202784622184
2.96875,Amusement,True,False,False,False,False,False,False,False,0.6476066791019334,0.0008256905507381456,0.23822751040500487,0.00030339393731864577,0.08756092610440004,0.01668221301070265,0.006549149465459882,0.0022444374244426305
3.0078125,Amusement,True,False,False,False,False,False,False,False,0.6495284242803862,0.0022506245729989834,0.23893843522840685,0.0003043018621947797,0.0878418122440208,0.016621203018027747,0.002250717296065392,0.002264481497899268
3.046875,Amusement,True,False,False,False,False,False,False,False,0.773390988606118,0.002684195581847556,0.10465632344670114,0.002680059200316929,0.007291199129505525,0.002681026500948313,0.10393446161374144,0.002681745920821027
3.0859375,Amusement,True,False,False,False,False,False,False,False,0.6506884689065324,0.0008297782028699638,0.011902900106424927,0.0022538281041883214,0.23935248454188818,0.08800143139157912,0.0061422397059862814,0.0008288690405307892
3.125,Amusement,True,False,False,False,False,False,False,False,0.43212859139133936,0.004084107611196803,0.01109305144439844,0.0581200838170543,0.0041014974911211385,0.4320738934595466,0.001498988969386231,0.056899785815957164
3.1640625,Amusement,True,False,False,False,False,False,False,False,0.6345780871415678,0.0008086244575500437,0.08585053566651984,0.000297342720423869,0.23331108406568246,0.03151337871136315,0.011443626649916185,0.002197320586976568
3.203125,Amusement,True,False,False,False,False,False,False,False,0.6385080969198265,0.0008142729810541206,0.08639972989744549,0.0008134642273398817,0.23491062869400162,0.03172770769382257,0.006012627731641977,0.0008134718548678887
3.2421875,Amusement,True,False,False,False,False,False,False,False,0.6546539071287215,0.006256856729935014,0.0885625972950521,0.0008339297305062148,0.24042266753601496,0.006164275395100574,0.002271299959968118,0.0008344662247014486
3.28125,Amusement,True,False,False,False,False,False,False,False,0.40966648619763385,0.0014199323673599333,0.40970435361054997,0.0038558682573480814,0.01050096088474228,0.010494274361491376,0.15049987885021834,0.0038582454706559363
3.3203125,Fear,False,False,False,True,False,False,False,False,0.14192936994448282,0.07412748896315952,0.019188991378740448,0.3863339645633097,0.0036688078386868995,0.20545325566700462,0.027661350898916717,0.14163677074569936
3.359375,Fear,False,False,False,True,False,False,False,False,0.0011386736129174381,0.008411962985010901,0.008377388659401807,0.3255951259953989,0.32586894715536857,0.0031422366548801636,0.0011343991141709669,0.32633126582285127
3.3984375,Anger,False,True,False,False,False,False,False,False,0.007048502838703401,0.7455423633912522,0.1010070684387369,0.007047632019556318,0.03710170427697314,0.0009523679179686817,0.10094964416658744,0.00035071695022186587
3.4375,Amusement,True,False,False,False,False,False,False,False,0.6395740475183485,0.0003009800834969337,0.0022269406604177523,0.0022269762898582623,0.031822020565294366,0.23531481896773546,0.002227084486994305,0.08630713142785455
3.4765625,Amusement,True,False,False,False,False,False,False,False,0.38671637113537083,0.05203714867523225,0.14194986184794092,0.02721681194471122,0.0036600044194018463,0.0013408715580806258,0.38658559716931745,0.0004933332499448999
3.515625,Amusement,True,False,False,False,False,False,False,False,0.6477528039177087,0.000304176329584693,0.016677317466746024,0.000826404555924639,0.08762976421112183,0.0022494884706498993,0.006227588983677671,0.2383324560645865
3.5546875,Amusement,True,False,False,False,False,False,False,False,0.6676513074565543,0.0008528529291216233,0.03317649846189855,0.002323823005375812,0.24548116821306573,0.01713902079690105,0.033061712863496476,0.0003136162735864813
3.59375,Amusement,True,False,False,False,False,False,False,False,0.3150080043120262,0.001091493872712279,0.31500076465030535,0.00040125032803919875,0.31480905280851185,0.04254641847537943,0.008176488169152556,0.0029665273838732804
3.6328125,Amusement,True,False,False,False,False,False,False,False,0.6561697343678672,0.0022736738475825934,0.24139838240592984,0.0008357346400050888,0.0062064825442170925,0.08856826959655914,0.002274410738193098,0.0022733118596459803
3.671875,Disgust,False,False,True,False,False,False,False,False,0.23697031999168525,0.0008207661797889735,0.6442603391347529,0.00030181739279171735,0.08716008714940707,0.01648864541490604,0.011766610931527652,0.0022314138051406354
3.7109375,Amusement,True,False,False,False,False,False,False,False,0.4050562999883757,0.003822130285720571,0.1490075224468165,0.003813293426014416,0.028474520322621856,0.0038159771345813854,0.40460749181416017,0.0014027645817093343
3.75,Amusement,True,False,False,False,False,False,False,False,0.6383319832945251,0.0002991630412291176,0.08632394527996155,0.0022106124365439037,0.2344610842543906,0.0315521635099334,0.0060077533817635064,0.0008132948016528574
3.7890625,Amusement,True,False,False,False,False,False,False,False,0.6479248771470506,0.0003035555128677447,0.23835760456805066,0.002242391324612531,0.08765299946982827,0.01658322070847037,0.006110343427658356,0.0008250078414613703
3.828125,Amusement,True,False,False,False,False,False,False,False,0.6495206787315881,0.0022505720682916863,0.23885763865583476,0.00030438140092425565,0.01671451057213054,0.08784837711181077,0.002252909667911049,0.0022509317915088223
3.8671875,Amusement,True,False,False,False,False,False,False,False,0.7489975067229612,0.0009548298735031775,0.10134016766026777,0.0009538379970815907,0.10111328203299846,0.03699448156322984,0.007051425430166251,0.0025944687197916845
3.90625,Disgust,False,False,True,False,False,False,False,False,0.17139635373607728,0.004425489497176006,0.4660938134023553,0.004388753103427707,0.17133414682245424,0.011931710315700679,0.16983605557989465,0.0005936775429140951
3.9453125,Amusement,True,False,False,False,False,False,False,False,0.6675097740636717,0.002322456111559177,0.03297791998152225,0.0008512591588776444,0.24568075365417658,0.03320741622388979,0.017137262516048836,0.0003131582902540011
3.984375,Amusement,True,False,False,False,False,False,False,False,0.6571373351746499,0.00030804729502343834,0.032605345231303824,0.0022755889868221802,0.24150250202285806,0.03268310135996256,0.03265093097338473,0.0008371489559953681
4.0234375,Amusement,True,False,False,False,False,False,False,False,0.6401499488403003,0.002217737636278675,0.03186509581862663,0.0008152932320488392,0.23530530920128082,0.08661494943089658,0.0022162862997636276,0.0008153795408045889
4.0625,Amusement,True,False,False,False,False,False,False,False,0.6478934967932108,0.00030357464956293396,0.23837203377991387,0.0022430021964372844,0.016604324436971542,0.08765973796146387,0.006098732701878846,0.0008250974805607911
4.1015625,Amusement,True,False,False,False,False,False,False,False,0.6379765044234351,0.00029908373582505156,0.23465783699059756,0.0022093231852689074,0.08630291596212379,0.031731822145049514,0.006009886270185764,0.0008126272875141753
4.140625,Amusement,True,False,False,False,False,False,False,False,0.6411230803238199,0.006589579038288742,0.2358126758157079,0.0003014798366397073,0.0008202027440518877,0.08659482103635445,0.026480546231989976,0.002277614973147557
4.1796875,Inspiration,False,False,False,False,True,False,False,False,0.11112539625003291,0.007772087745294568,0.007781342575296918,0.0010490126485052235,0.8222150743116713,0.03938166497530394,0.0028598557563603243,0.007815565737534964
4.21875,Sadness,False,False,False,False,False,False,True,False,0.0983626491260896,0.0009305719693107445,0.0966582893373398,0.0360093689909045,0.0025275711201541663,0.03620456183299818,0.7289648668098109,0.0003421208133920754
4.2578125,Inspiration,False,False,False,False,True,False,False,False,0.006864360797405352,0.0024290861541202313,0.007096935980095663,0.00032863038624108035,0.7011317210377275,0.25746767900993167,0.018056278319075105,0.006625308315403509
4.296875,Amusement,True,False,False,False,False,False,False,False,0.7275059321013988,0.0003411383306166236,0.03602676722198431,0.0009271069994855927,0.09836597419910975,0.002523055440003004,0.09828320200731915,0.036026823700082845
4.3359375,Amusement,True,False,False,False,False,False,False,False,0.40736697437653435,0.0005220452563781237,0.010627973905228304,0.010482819615281662,0.14887213487760703,0.4078065423189121,0.010463165470303282,0.0038583441797551614
4.375,Amusement,True,False,False,False,False,False,False,False,0.3150207547540911,0.00040135417507646795,0.3150189792962997,0.0029664605297994155,0.3149820983929215,0.042453483435163836,0.008065540943079921,0.0010913284735681412
4.4140625,Amusement,True,False,False,False,False,False,False,False,0.6856175918835603,0.006455573034045066,0.03412737078268086,0.0003211376289759694,0.25220605359090587,0.006452868288954187,0.012446219150845943,0.002373185640031912
4.453125,Disgust,False,False,True,False,False,False,False,False,0.24909271120914458,0.0008635520098308429,0.677243824838626,0.0008626031737619411,0.017354072973348064,0.047333077401102965,0.006387159950807384,0.0008629984433782255
4.4921875,Amusement,True,False,False,False,False,False,False,False,0.6343977781186012,0.0008083562777377315,0.23334140896198474,0.00029719289360963046,0.08580776699069213,0.0315443878352002,0.011606753475394183,0.0021963554467801837
4.53125,Amusement,True,False,False,False,False,False,False,False,0.6495365468917406,0.002249181283671304,0.23894206976162352,0.00030421725232964824,0.08784590286583313,0.016624479197959077,0.0022485653058938854,0.002249037440948814
4.5703125,Amusement,True,False,False,False,False,False,False,False,0.6379658275808465,0.00029891799449305035,0.2346857816626404,0.0008122128519929266,0.0863007230831128,0.006003113215652407,0.03172514239155993,0.002208281219701916
4.609375,Disgust,False,False,True,False,False,False,False,False,0.25694759648414844,0.0008921353830840641,0.6987818896081393,0.002420762554936686,0.018150383995892902,0.002421494274613791,0.017960610160596583,0.0024251275385883345
4.6484375,Amusement,True,False,False,False,False,False,False,False,0.3152659081652438,0.0010933735160224246,0.31535841086708216,0.0010927249558380727,0.31536618516749493,0.04264286881758542,0.008087538294158482,0.0010929902165745986
4.6875,Amusement,True,False,False,False,False,False,False,False,0.7071618053634817,0.00090066186057553,0.09569417670474671,0.0024474548668647514,0.094839732033309,0.09560767952220221,0.002447913483172839,0.0009005761656472299
4.7265625,Disgust,False,False,True,False,False,False,False,False,0.18802301086523343,0.004809525276106289,0.5111139584555938,0.001768504580617545,0.18800611820529345,0.03553134074270813,0.06897895909491475,0.0017685827795326185
4.765625,Amusement,True,False,False,False,False,False,False,False,0.37754007409497536,0.0004824000605000421,0.3775393173297401,0.05104737256084715,0.13795788629131797,0.0013099683545252552,0.05054304817210008,0.003579933135994131
4.8046875,Amusement,True,False,False,False,False,False,False,False,0.39316831786986206,0.003726085840470924,0.0013650765629683952,0.010117311479721797,0.39275394426482835,0.0013643969352744962,0.14431809836943418,0.053186768677439794
4.84375,Amusement,True,False,False,False,False,False,False,False,0.6737818813345129,0.0023350162906361303,0.24787629810198536,0.0003157473929352591,0.03350176565926709,0.002335653182694958,0.03350598974706334,0.006347648290904907
4.8828125,Amusement,True,False,False,False,False,False,False,False,0.647813084716883,0.000825507823787439,0.2383385049118181,0.0003035241131931048,0.08760632171635317,0.016707899859436968,0.006160279794018594,0.002244877064509566
4.921875,Amusement,True,False,False,False,False,False,False,False,0.6919695421665103,0.0023982431719416163,0.25460739820625905,0.0003243011455788031,0.018043317299372818,0.01771345639390975,0.002416828837655491,0.012526912778772112
4.9609375,Amusement,True,False,False,False,False,False,False,False,0.5623073378781198,0.0019476744265155088,0.20678730583447866,0.005292095423957827,0.10652529072868622,0.039175070694465235,0.07601647806105859,0.0019487469527182406
5.0,Amusement,True,False,False,False,False,False,False,False,0.42180620718818795,0.0005379167740476155,0.029507214846850593,0.05698502132551044,0.4218230359607404,0.01082370642453299,0.0014619636827353684,0.0570549337973946
5.0390625,Amusement,True,False,False,False,False,False,False,False,0.673981809449231,0.0063552935314955756,0.03348948061274632,0.0003159265435562401,0.24773851143472436,0.0023361694970635365,0.03344511780957554,0.0023376911216074197
5.078125,Disgust,False,False,True,False,False,False,False,False,0.253810343555203,0.0023900625030470178,0.68994253972509,0.0003232518565694315,0.034014166666497765,0.006499095436716334,0.00652057803650744,0.006499962220368976
5.1171875,Amusement,True,False,False,False,False,False,False,False,0.7478422179255537,0.007113854566582176,0.10121664273693731,0.0025903745018411224,0.0025926709877424517,0.10110251999069503,0.0371911581754374,0.0003505611152107653
5.15625,Tenderness,False,False,False,False,False,False,False,True,0.002476687971585789,0.00669816407550279,0.0024712381809706523,0.0024599644600235295,0.25996209258474534,0.012857509817467467,0.006916059154034743,0.7061582837556698
5.1953125,Amusement,True,False,False,False,False,False,False,False,0.7489393928244352,0.0009587997129604452,0.10032556838315021,0.10074502419167085,0.007262118753700114,0.03430478690083444,0.007112213303701562,0.00035209592954707416
5.234375,Amusement,True,False,False,False,False,False,False,False,0.7275297255639693,0.000927396584298532,0.09841824427037302,0.0003410971481175167,0.09815066022076449,0.03593604431566098,0.036175964292440826,0.0025208676043752577
5.2734375,Joy,False,False,False,False,False,True,False,False,0.0008522506320922006,0.006292177695941564,0.0003125778379407641,0.0023228600542078734,0.24441506627524243,0.6654926870757382,0.047422235523174226,0.03289014490566287
5.3125,Joy,False,False,False,False,False,True,False,False,0.02175850325923261,0.00039145772709160654,0.021531595056948977,0.04093600766435117,0.04113942449375525,0.8323323418096744,0.0408467875326444,0.0010638824563014167
5.3515625,Tenderness,False,False,False,False,False,False,False,True,0.10448635734902154,0.007305125417233072,0.03840613865795742,0.00036191150658239043,0.03818900141281358,0.03836900379872419,0.000984062731653499,0.7718983991260144
5.390625,Disgust,False,False,True,False,False,False,False,False,0.23547792736429046,0.0022170404206223403,0.6401172450770813,0.0008149497103187985,0.08660503615639364,0.002216152096874291,0.03173664404267996,0.0008150051317391854
5.4296875,Amusement,True,False,False,False,False,False,False,False,0.46536470367852684,0.011921806175666688,0.17116325907733373,0.0005926604532630991,0.1711133804807274,0.004380664848075067,0.17108398949313328,0.004379535793273829
5.46875,Amusement,True,False,False,False,False,False,False,False,0.6538947428970041,0.0003065743801407568,0.24053568658389235,0.0022654897688410202,0.006157108641443229,0.08840980333797772,0.006162506478228808,0.0022680879124719203
5.5078125,Inspiration,False,False,False,False,True,False,False,False,0.17149290914307622,0.004390870243794055,0.17151356537453538,0.001613706449110006,0.4660729361501215,0.17136816273531008,0.011933892864669055,0.0016139570393837249
5.546875,Amusement,True,False,False,False,False,False,False,False,0.6480949018786641,0.0003038820883450648,0.23843595299275688,0.0022442908990467684,0.08736345882683239,0.016627823737212673,0.00610365302351222,0.0008260365536296576
5.5859375,Amusement,True,False,False,False,False,False,False,False,0.6478982201785755,0.0008250814245023106,0.08766782216899723,0.0003034569080106442,0.2383411879297194,0.016617008121007713,0.0061045149118266195,0.0022427083573606293
5.625,Inspiration,False,False,False,False,True,False,False,False,0.19664282764070729,0.03774471765013555,0.1969181081619801,0.0006825966371473667,0.535293194712483,0.013738552879599207,0.01393051336763215,0.005049488950315419
5.6640625,Inspiration,False,False,False,False,True,False,False,False,0.2516994587499122,0.0008794873710140089,0.03392111392030824,0.0008765102877348679,0.6859316400324469,0.017777550194830512,0.0023873379619515707,0.006526901481801798
5.703125,Amusement,True,False,False,False,False,False,False,False,0.6417636817428627,0.0003013114410719594,0.000819748247486743,0.0022329858425443505,0.2361267381704831,0.0060549926696075685,0.08659624284865831,0.026104299037285315
5.7421875,Amusement,True,False,False,False,False,False,False,False,0.6501960212902083,0.000830942339779381,0.016867613278439237,0.0008309845918848783,0.2392084072703452,0.002291122607641683,0.08751643048638863,0.002258478135312608
5.78125,Inspiration,False,False,False,False,True,False,False,False,0.0066024760121823345,0.0024233470138589797,0.0008908097301620979,0.01794649496725223,0.697406732941158,0.2559442501391808,0.017894050891145423,0.0008918383050600035
5.8203125,Inspiration,False,False,False,False,True,False,False,False,0.23832187747599146,0.0003037676636111169,0.08764535370966167,0.0022436567160047305,0.6479639715979227,0.01659499591773823,0.006101135058684273,0.0008252418603856649
5.859375,Amusement,True,False,False,False,False,False,False,False,0.39332883040411437,0.0066860799575815585,0.39335142323974137,0.003703973305992308,0.003703556442756556,0.14464951064555176,0.05321444686076039,0.0013621791435017283
5.8984375,Amusement,True,False,False,False,False,False,False,False,0.6479725793454071,0.0003036001897415595,0.23829074665332886,0.0022430655834152513,0.016632201776256503,0.08763339610005544,0.006097856865735789,0.0008265534860596184
5.9375,Disgust,False,False,True,False,False,False,False,False,0.23717067478881532,0.0008214025664144089,0.6447609469707832,0.00030198257204748773,0.08699120537361352,0.016500450469565487,0.011216650993488168,0.0022366862652724606
5.9765625,Amusement,True,False,False,False,False,False,False,False,0.6544793279755017,0.0026510198739353153,0.24068960849412174,0.0008349471587991103,0.0008426235050849562,0.08814174234557827,0.00618015960505741,0.0061805710419215445
6.015625,Disgust,False,False,True,False,False,False,False,False,0.2474201332409763,0.00031569592065400887,0.6722906502748855,0.002332046699234571,0.047209240668369575,0.017341159492584565,0.012230111091839803,0.0008609626114554402
6.0546875,Amusement,True,False,False,False,False,False,False,False,0.3416798662908546,0.023904780302002306,0.023856600845230135,0.34189706129062747,0.00876265728367252,0.008765827199525105,0.12561964743852727,0.12551355934956054
6.09375,Amusement,True,False,False,False,False,False,False,False,0.3216359388506677,0.0011131185580426927,0.008227230279551467,0.00040944467003605005,0.3216507870225025,0.022374764531360187,0.3215628622604581,0.0030258538273812445
6.1328125,Inspiration,False,False,False,False,True,False,False,False,0.21284972455451195,0.07603028399233228,0.07820478541385735,0.005455684587077583,0.5788279622795032,0.00545084792780173,0.04117539340461405,0.002005317840301826
6.171875,Amusement,True,False,False,False,False,False,False,False,0.6396650563761749,0.0022161203585408596,0.08656139952193764,0.0002995947713179169,0.2352189548383083,0.03160809590379305,0.0022161295014310484,0.0022146487284964295
6.2109375,Amusement,True,False,False,False,False,False,False,False,0.6379419732814113,0.000811985121358948,0.0863296509350395,0.00029869715206430706,0.2346772820068723,0.00599988633403188,0.03173322825776776,0.0022072969114539723
6.25,Amusement,True,False,False,False,False,False,False,False,0.644210625434844,0.000819957339958858,0.2369898058403724,0.000301625094219009,0.08718256858886822,0.016469228888791952,0.01179741499272465,0.0022287738202208768
6.2890625,Amusement,True,False,False,False,False,False,False,False,0.6485121839721373,0.0008254177574943293,0.08776445329974099,0.0008253816263270166,0.23856235454285502,0.016582369270039716,0.006102439114262006,0.0008254004171437087
6.328125,Amusement,True,False,False,False,False,False,False,False,0.6485020548225664,0.0008253846823730597,0.2385692073643799,0.0008253546981512699,0.08776285779858843,0.016584251620219623,0.006105524000714772,0.0008253650130064426
6.3671875,Amusement,True,False,False,False,False,False,False,False,0.7485941376181383,0.0025911596035892554,0.10130862530255662,0.0009528571430862384,0.10130368241958172,0.007041741911755557,0.03725492905500654,0.0009528669462858144
6.40625,Amusement,True,False,False,False,False,False,False,False,0.6848019322643292,0.0023753773361133374,0.25181446918110895,0.0003209151300487062,0.03391437274058578,0.006449941316275371,0.00237897774631215,0.017944014285226517
6.4453125,Amusement,True,False,False,False,False,False,False,False,0.3923433082672652,0.0036940464434315925,0.0530736560181474,0.0004997164330590098,0.39235344989489046,0.010049649891076677,0.144290654528372,0.0036955185237577226
6.484375,Amusement,True,False,False,False,False,False,False,False,0.5916785447568058,0.005590644605135416,0.07922548831861927,0.005639067966134814,0.015181323040376506,0.0798590226990476,0.005583332723863854,0.21724257589001678
6.5234375,Amusement,True,False,False,False,False,False,False,False,0.22669168894677189,0.0007895282403931123,0.22623117545332644,0.0058417132680442406,0.08328146147130872,0.2267566842943818,0.22457054189581727,0.005837206429956406
6.5625,Amusement,True,False,False,False,False,False,False,False,0.6479493442826872,0.0008254404407830314,0.016604193132678975,0.00030364438771230773,0.08766462936393932,0.006109113116980436,0.23829957380056602,0.002244061474652743
6.6015625,Inspiration,False,False,False,False,True,False,False,False,0.18799239662019393,0.0048141563141394575,0.18791987552545325,0.001769352352995681,0.5110008203244597,0.03559850943329476,0.0691355756915874,0.0017693137378759119
6.640625,Inspiration,False,False,False,False,True,False,False,False,0.03166172977546393,0.00029999227559556006,0.23490742232627848,0.000815225850527152,0.6384953528226649,0.006025857462182218,0.002222509192819886,0.08557191029446784
6.6796875,Amusement,True,False,False,False,False,False,False,False,0.6771593208165778,0.0008632983386307837,0.006383178242169424,0.0008630909379754275,0.24904286592256003,0.01748182538440309,0.04734313059528533,0.0008632897623980988
6.71875,Inspiration,False,False,False,False,True,False,False,False,0.10839673099949064,0.0010209201306668897,0.020856317441638534,0.0003754960025594345,0.8016899007330843,0.020605829982111683,0.03950464548428017,0.0075501592261683365
