time_sec,pred_label,Amusement,Anger,Disgust,Fear,Inspiration,Joy,Sadness,Tenderness,prob_Amusement,prob_Anger,prob_Disgust,prob_Fear,prob_Inspiration,prob_Joy,prob_Sadness,prob_Tenderness
0.0390625,Disgust,False,False,True,False,False,False,False,False,0.23334950650057068,0.00029697033899196706,0.6343103511337673,0.002194335127340124,0.08584434912231237,0.031580240217729844,0.011617000131487965,0.0008072474277996974
0.078125,Amusement,True,False,False,False,False,False,False,False,0.6379158982481832,0.0002986586073381097,0.08633233201885478,0.002206833827655391,0.23467601130893156,0.0317595689708528,0.005998860202234753,0.000811836815949356
0.1171875,Amusement,True,False,False,False,False,False,False,False,0.6479286765975594,0.0003033459330332421,0.08768710806906262,0.002241450885361796,0.23835959753084432,0.016562321827965392,0.006092920233968281,0.0008245789222049547
0.15625,Amusement,True,False,False,False,False,False,False,False,0.36030208655519075,0.00045853500974025476,0.1325469040703376,0.003388139906439941,0.13254751889403932,0.009209927651091356,0.3603004609368356,0.0012464269763252083
0.1953125,Tenderness,False,False,False,False,False,False,False,True,0.25922753175704855,0.0024376865525050305,0.006626347316686984,0.0008967741810265385,0.006626386066272526,0.0066263325911219886,0.012905615019746249,0.7046533265155921
0.234375,Tenderness,False,False,False,False,False,False,False,True,0.10053867523360983,0.002569957966908749,0.0369855151883785,0.0003478042519573173,0.002569952381516102,0.10049523594804824,0.013606280083332473,0.7428865789462488
0.2734375,Amusement,True,False,False,False,False,False,False,False,0.36047664225415443,0.003389811590837683,0.13261022806181208,0.00045875861137838057,0.003389805532040667,0.13259573753355727,0.006602274121866854,0.3604767422943526
0.3125,Disgust,False,False,True,False,False,False,False,False,0.013962959236422332,0.007169100533317288,0.7623585134350539,0.0003569231204285772,0.007169086658483245,0.10317357373002897,0.0026373824992600606,0.10317246078700566
0.3515625,Amusement,True,False,False,False,False,False,False,False,0.49347166668499215,0.004640557786788783,0.06676539244729075,0.0006280194371854048,0.1815326263883266,0.18153862578099106,0.004640550612943258,0.06678256086148202
0.390625,Disgust,False,False,True,False,False,False,False,False,0.002435506353340382,0.0008959640452313247,0.7040071802743575,0.00243547186346281,0.017995938377886905,0.2589892203439075,0.00662035539771239,0.006620363344101159
0.4296875,Disgust,False,False,True,False,False,False,False,False,0.03931127256524762,0.001004879106524318,0.7895964356511821,0.0010048726157135624,0.10685606900099562,0.03931120007221888,0.020183728298273293,0.002731542689844746
0.46875,Amusement,True,False,False,False,False,False,False,False,0.6379182622475725,0.00029865913456589516,0.23467712509106253,0.002206807044871971,0.005998747608908436,0.08633260656604631,0.03175595249362195,0.0008118398133503334
0.5078125,Disgust,False,False,True,False,False,False,False,False,0.23467606465712762,0.0002986581200668225,0.6379157782147465,0.0022068046649567183,0.08633226239490864,0.03175988955627131,0.0059987059114053895,0.0008118364805169743
0.546875,Disgust,False,False,True,False,False,False,False,False,0.05317484026869001,0.0013592423177012781,0.3929121506006441,0.0036947949000824907,0.39291193254719037,0.14454430845863347,0.010043493206286828,0.0013592377007715208
0.5859375,Disgust,False,False,True,False,False,False,False,False,0.05317482797280949,0.0013592434175499657,0.39291187244199566,0.010043506349680726,0.14454423778343564,0.3929122780255245,0.0036947953594652434,0.0013592386495386768
0.625,Disgust,False,False,True,False,False,False,False,False,0.13254681107554564,0.00045853602896022815,0.3603008579057029,0.009209958611881007,0.3603017560389949,0.1325475062759829,0.0033881443868743265,0.0012464296760581462
0.6640625,Disgust,False,False,True,False,False,False,False,False,0.18153466273707947,0.0006280130703495937,0.4934675105548978,0.06676828037207881,0.0667839967458079,0.1815366754867356,0.004640423662262144,0.004640437370788788
0.703125,Disgust,False,False,True,False,False,False,False,False,0.0510178526231262,0.00047976326289399826,0.37697444991370754,0.1386821389656664,0.37698038076581514,0.05101628758539709,0.0035449939131615617,0.001304132970231996
0.7421875,Disgust,False,False,True,False,False,False,False,False,0.09470125392006884,0.0006380839377282176,0.5013787206116986,0.1844452077681971,0.18444537985711698,0.02496165932360057,0.004714864516543256,0.004714830065046568
0.78125,Tenderness,False,False,False,False,False,False,False,True,0.0010130540390686454,0.007485664099733721,0.03962246824593686,0.10772887248195152,0.001013059760203968,0.039631306847136005,0.007486090272515107,0.7960194842534541
0.8203125,Joy,False,False,False,False,False,True,False,False,0.0005368792494301084,0.010783672139464724,0.029315020291958316,0.05709132811421573,0.05709219236945077,0.42186009988458123,0.001459407639739876,0.4218614003111593
0.859375,Joy,False,False,False,False,False,True,False,False,0.028439846344217697,0.0019761854164870064,0.07730786699318376,0.005371810380367357,0.07728717898887014,0.5712478691661029,0.21014614137534413,0.02822310133542691
0.8984375,Joy,False,False,False,False,False,True,False,False,0.03931141488146499,0.0010048714901106206,0.10685962809059132,0.0010048697792777357,0.0027315226943585257,0.7895928616075418,0.03931126524638211,0.020183566210272792
0.9375,Joy,False,False,False,False,False,True,False,False,0.03935224667328463,0.007432800016831159,0.014476642158402183,0.001005915618217861,0.0010059152387027286,0.7904121219023297,0.10697055261199584,0.03934380578023587
0.9765625,Inspiration,False,False,False,False,True,False,False,False,0.020193163094629308,0.003814168918833396,0.003814113116457285,0.001403141154153803,0.40559939242996995,0.14920995873306286,0.010368599266623861,0.4055974632862696
1.015625,Inspiration,False,False,False,False,True,False,False,False,0.04053329977678858,0.0010361304464967195,0.0028164659870627395,0.0028164844891664423,0.8141481273592901,0.007656210188389607,0.020811235773209674,0.11018204597959615
1.0546875,Inspiration,False,False,False,False,True,False,False,False,0.01474360661384552,0.007569840459236976,0.0027847375025932515,0.0003768732804032629,0.8049767951317712,0.020577281001561202,0.04003113471049359,0.10893973130009493
1.09375,Amusement,True,False,False,False,False,False,False,False,0.3871032546529334,0.0013391575383168276,0.009895127749522925,0.0004926461632156272,0.3871047951573119,0.14240435286870698,0.01927245309141013,0.052388212778582285
1.1328125,Disgust,False,False,True,False,False,False,False,False,0.14241897119871336,0.0013392558957558344,0.3871358201653931,0.0013392540877978573,0.05239244348278568,0.387135240701823,0.001339260897703967,0.026899753570027354
1.171875,Joy,False,False,False,False,False,True,False,False,0.18798963322528128,0.0017677857244980527,0.06915765767491969,0.0017677838988334833,0.18798973447336634,0.5110097059175156,0.004805373193570563,0.035512325892015
1.2109375,Amusement,True,False,False,False,False,False,False,False,0.22470865373029608,0.0007773586901208868,0.2247090422145701,0.002113077413649493,0.22470657783056594,0.22470847949438036,0.0826629403897889,0.015613870236628264
1.25,Amusement,True,False,False,False,False,False,False,False,0.4243273188896443,0.0005400180333967055,0.4243272985229038,0.003990218266868474,0.05742313804163495,0.02112570507972559,0.05741967909227798,0.01084662407354809
1.2890625,Amusement,True,False,False,False,False,False,False,False,0.5110106108735597,0.0017678000543994285,0.18799002800422554,0.004805372682845668,0.18798922486527353,0.0691571393942933,0.035512026709441376,0.001767797415961438
1.328125,Amusement,True,False,False,False,False,False,False,False,0.31914147081582656,0.0011040483279821495,0.3191409017684877,0.022175676489620093,0.31914173852580385,0.015888886809020272,0.003001123653116887,0.0004061536101425219
1.3671875,Amusement,True,False,False,False,False,False,False,False,0.3125732618058409,0.00293935979579925,0.3125720674444359,0.01556164518546794,0.3125740963443801,0.042300451101308985,0.0010813236788267222,0.0003977946439402536
1.40625,Amusement,True,False,False,False,False,False,False,False,0.22470899766232824,0.015614060416330981,0.22470439038993686,0.082666058185254,0.2247118126728842,0.22470419858066315,0.002113113941331788,0.0007773681512708132
1.4453125,Disgust,False,False,True,False,False,False,False,False,0.012998625981047335,0.001759164819294713,0.5085092793559781,0.09605250008558842,0.18706988825955448,0.18706948976663543,0.0017591526478511331,0.0047818990840504194
1.484375,Joy,False,False,False,False,False,True,False,False,0.0003464888039842595,0.0009418566437254715,0.018919941996288877,0.10015761500242563,0.036845749309374516,0.7400711668550967,0.0025602381577204355,0.10015694323138417
1.5234375,Tenderness,False,False,False,False,False,False,False,True,0.00037685879821585554,0.00278464454809586,0.02057646439312602,0.10893663436398039,0.04007435412476195,0.014742829649342707,0.007569622141283345,0.8049385919811939
1.5625,Tenderness,False,False,False,False,False,False,False,True,0.004900629693551931,0.001802826173491537,0.0133212735638277,0.07052684529789821,0.004900647531431128,0.1917076514634402,0.1917104468358392,0.5211296794405201
1.6015625,Sadness,False,False,False,False,False,False,True,False,0.23797924500338213,0.0008232810159490207,0.011848311317244606,0.0008232755722478485,0.0022379011025307617,0.011846733385944568,0.6468935574082554,0.08754769519444565
1.640625,Disgust,False,False,True,False,False,False,False,False,0.181533709999127,0.004640394404736819,0.4934634815575683,0.0006280021882108424,0.004640363248800341,0.0667788156579053,0.18153266662480141,0.06678256631885006
1.6796875,Disgust,False,False,True,False,False,False,False,False,0.09839340171562466,0.0009252690236689654,0.7270399463963413,0.0003403841832825759,0.0025151269609476824,0.03619628290990334,0.09839281033726775,0.03619677847296369
1.71875,Disgust,False,False,True,False,False,False,False,False,0.09839350087000144,0.0003403866194276869,0.7270397014201708,0.0009252595699231135,0.0025151240202558305,0.03619648436448628,0.09839287777880819,0.036196665356926484
1.7578125,Disgust,False,False,True,False,False,False,False,False,0.09839357681353068,0.0003403862000661578,0.7270396521507002,0.0009252593733766095,0.0025151227754170702,0.03619656062213029,0.098392923234102,0.03619651883067684
1.796875,Disgust,False,False,True,False,False,False,False,False,0.2416374505331343,0.0003075207597460481,0.6568418922361564,0.0008359229431438133,0.0022722803412940553,0.032701714823396656,0.03270183794512355,0.0327013804180051
1.8359375,Disgust,False,False,True,False,False,False,False,False,0.24163746833443825,0.0003075209784809979,0.656842164677718,0.0008359236429057748,0.0022722826567988103,0.032701793796573835,0.0327016508370871,0.032701195075997225
1.875,Disgust,False,False,True,False,False,False,False,False,0.24163753218211415,0.0003075216144317399,0.6568425174776785,0.0008359247410173788,0.002272287769556144,0.032701777954828405,0.032701276657162534,0.03270116160321111
1.9140625,Disgust,False,False,True,False,False,False,False,False,0.24163758030354987,0.0003075227666676807,0.6568429883188901,0.0008359264662337082,0.0022722968154812993,0.03270178212200727,0.03270049317536507,0.03270141003180489
1.953125,Disgust,False,False,True,False,False,False,False,False,0.2333491050364077,0.0002969758826261144,0.6343126476483241,0.0008072551343390133,0.002194370186530641,0.03157996611792081,0.011616287334788094,0.08584339265906357
1.9921875,Disgust,False,False,True,False,False,False,False,False,0.100534436336439,0.002569897767209104,0.7428585068684288,0.0003477927385121214,0.0025699393284941805,0.03698368671775605,0.013601889213088348,0.1005338510300723
2.03125,Disgust,False,False,True,False,False,False,False,False,0.10095560565275212,0.0025806934656008762,0.745971446721897,0.00034925193406657145,0.005025737486619493,0.03713869193242539,0.0070232609584739885,0.10095531184816448
2.0703125,Disgust,False,False,True,False,False,False,False,False,0.04194456411964502,0.00792286825190294,0.8424946732352365,0.00039444514464579523,0.015430480773811605,0.04194474111729562,0.007923311552703356,0.04194491580475905
2.109375,Disgust,False,False,True,False,False,False,False,False,0.08490278870711496,0.016040208098776116,0.6274646356092907,0.0007985614300991587,0.08491792501384089,0.0849180876794712,0.01604016240921344,0.08491763105219365
2.1484375,Disgust,False,False,True,False,False,False,False,False,0.04548155710834636,0.016731782356863355,0.6544901107536655,0.0008329789160791108,0.08857771520343719,0.08857777594671826,0.01673119159907602,0.08857688811581413
2.1875,Inspiration,False,False,False,False,True,False,False,False,0.013225583321106823,0.013226312184910452,0.1903051774124892,0.0006584578476723684,0.5173716222469487,0.07001879212545241,0.004865405791137461,0.19032864907028266
2.2265625,Inspiration,False,False,False,False,True,False,False,False,0.005745724487167172,0.015619606581809883,0.042461575526907214,0.015619389507784907,0.6109843394133728,0.08268809624118185,0.002113740515725077,0.22476752772605108
2.265625,Tenderness,False,False,False,False,False,False,False,True,0.001987656898362855,0.014687885206657862,0.03992478420909424,0.07775136452599522,0.2113619314311762,0.07775632076951564,0.001987667969242804,0.5745423889899552
2.3046875,Tenderness,False,False,False,False,False,False,False,True,0.004926890910341498,0.0049271572250983685,0.004927008669617385,0.1927367098916622,0.19273556761457863,0.07090440052372166,0.004926921082555996,0.5239153440824241
2.34375,Tenderness,False,False,False,False,False,False,False,True,0.015105036007103239,0.0055570649578224555,0.0055569226018661304,0.21738209950851076,0.07996837894356519,0.0799700872988259,0.005556863629348962,0.5909035470529573
2.3828125,Tenderness,False,False,False,False,False,False,False,True,0.005556824773143257,0.01510550525354121,0.005556888790378224,0.21738276419203084,0.079967395912942,0.07996994136948146,0.0055568532346892815,0.5909038264737937
2.421875,Tenderness,False,False,False,False,False,False,False,True,0.0055568291040076065,0.015105401879359059,0.0055568767543791595,0.21738327101292032,0.07996633508190937,0.07996990895092168,0.005556850529433526,0.5909045266870694
2.4609375,Fear,False,False,False,True,False,False,False,False,0.017200492465262722,0.01720081204584369,0.01720060172920819,0.6728834603861609,0.09105893746260198,0.0910637207420423,0.0023278376667065473,0.09106413750217363
2.5,Fear,False,False,False,True,False,False,False,False,0.015652295203341927,0.015652504002684215,0.0156523611852613,0.6123171689204702,0.03048334183000206,0.08286704248251503,0.0021183063294975884,0.22525698004622777
2.5390625,Fear,False,False,False,True,False,False,False,False,0.015652333512241736,0.015652469287342215,0.0156523696592561,0.6123170948116335,0.03048346784796423,0.08286703509975193,0.00211830460575485,0.22525692517605544
2.578125,Fear,False,False,False,True,False,False,False,False,0.013821175060884249,0.005084540124418232,0.013821153770761952,0.5406798616737968,0.02691700350056841,0.19890255225536013,0.0018704763283983127,0.19890323728581202
2.6171875,Fear,False,False,False,True,False,False,False,False,0.05238655382893534,0.00989574325858204,0.0004926652692221001,0.3871107943027473,0.019270273395941537,0.38710276489970974,0.001339215243728514,0.14240198980113344
2.65625,Amusement,True,False,False,False,False,False,False,False,0.5478434535089481,0.01402583402264437,0.014005466344270794,0.20153223475433737,0.20154087849990118,0.014004695993540971,0.0018953108695843486,0.005152126006772903
2.6953125,Inspiration,False,False,False,False,True,False,False,False,0.013974160186595785,0.10327989171977492,0.10328044211176574,0.007176894731586298,0.7631689181798531,0.0009712682400889966,0.0009712817089433942,0.0071771431213919655
2.734375,Inspiration,False,False,False,False,True,False,False,False,0.007230018578480841,0.10398676001842913,0.1039871136372488,0.007225941506115309,0.76838824986927,0.000977909224447407,0.0009779247108382693,0.007226082455170164
2.7734375,Inspiration,False,False,False,False,True,False,False,False,0.013968824065205046,0.10328045630876992,0.10328031613785027,0.007176937437494512,0.7631739108788274,0.0009712729472911877,0.0009712895561534701,0.007176992668408232
2.8125,Inspiration,False,False,False,False,True,False,False,False,0.039622012445058225,0.10772542072768318,0.0396296883376323,0.007485905054203779,0.796024899476274,0.0010130817262530788,0.0010131012145680155,0.007485891018327388
2.8515625,Inspiration,False,False,False,False,True,False,False,False,0.04057174862868438,0.11029491318768343,0.014926612405389611,0.0076645884513225,0.8150207442636025,0.0010372575889215595,0.007664522217121488,0.0028196132572745544
2.890625,Inspiration,False,False,False,False,True,False,False,False,0.04057304542798743,0.11029342359814812,0.01492624841039539,0.007664648914528572,0.8150212153226263,0.0010372584109585785,0.007664554822248208,0.002819605093107485
2.9296875,Inspiration,False,False,False,False,True,False,False,False,0.04057387962116961,0.11029139501950595,0.014925928934026543,0.007664723310738228,0.8150225921259676,0.0010372605391368223,0.0076646126570310115,0.002819607792424157
2.96875,Inspiration,False,False,False,False,True,False,False,False,0.10428534020785511,0.1042840429957625,0.007247325542645479,0.007247917496349743,0.7706224097407737,0.0026660526948424916,0.0026661405857833914,0.0009807707359874972
3.0078125,Amusement,True,False,False,False,False,False,False,False,0.6971478087525624,0.0008872686589322238,0.25646513231464585,0.0008872458015749953,0.0065564657530176925,0.017821420968667026,0.002411915116594517,0.017822742634005163
3.046875,Disgust,False,False,True,False,False,False,False,False,0.055869560909352155,0.0014282064848570477,0.4128327991617337,0.0014281915324959199,0.05586706258093017,0.4128242464440544,0.003882232266425999,0.05586770062015062
3.0859375,Disgust,False,False,True,False,False,False,False,False,0.019377191426912594,0.0013465117842137355,0.3892158540842785,0.0013464860985107812,0.0526723561076022,0.38920810066493866,0.0036601445131126927,0.14317335532043077
3.125,Disgust,False,False,True,False,False,False,False,False,0.019377196317567336,0.001346508127557954,0.389215601719098,0.0013464808206909934,0.052671768004772274,0.3892078646989321,0.003660137277288291,0.14317444303409305
3.1640625,Disgust,False,False,True,False,False,False,False,False,0.019377242163615815,0.0013465051654002183,0.389215438342699,0.0013464774714016096,0.052670598426260866,0.38920610831861446,0.0036601364899458365,0.1431774936220622
3.203125,Disgust,False,False,True,False,False,False,False,False,0.011837435174679292,0.0022359835239093555,0.6463233212302717,0.00030260027875383814,0.011836821183551404,0.23776251571660426,0.0022359550156082165,0.08746536787662185
3.2421875,Disgust,False,False,True,False,False,False,False,False,0.01183742327357135,0.0022359852545940414,0.6463234821381786,0.00030260006635851995,0.011836527825158165,0.23776194508917967,0.002235956914289877,0.08746607943866974
3.28125,Disgust,False,False,True,False,False,False,False,False,0.011837435275843673,0.0022359891209413813,0.646324058598534,0.00030260012349942996,0.011836036766047262,0.23776141200903292,0.002235960784824187,0.08746650732127721
3.3203125,Disgust,False,False,True,False,False,False,False,False,0.011837436135661879,0.002235999561421543,0.6463254945423536,0.00030260074594918077,0.011835522704270622,0.08746743461816177,0.002235968607825872,0.23775954308435562
3.359375,Disgust,False,False,True,False,False,False,False,False,0.01183741496565599,0.0022360041563214378,0.646325600872978,0.00030260076624392805,0.0118347384639435,0.08746720786195795,0.002235971216288678,0.23776046169661055
3.3984375,Disgust,False,False,True,False,False,False,False,False,0.011837382187544543,0.002236010979889551,0.6463259755773417,0.0003026009603198913,0.01183399699798908,0.08746687001249105,0.0022359758501182356,0.23776118743430583
3.4375,Disgust,False,False,True,False,False,False,False,False,0.011837370814850808,0.002236021256699249,0.6463270709124183,0.00030260159698121695,0.011832163102833176,0.08746661966558214,0.0022359826069927634,0.2377621700436424
3.4765625,Disgust,False,False,True,False,False,False,False,False,0.10131363740770509,0.0070420533689482066,0.7486259585829511,0.0025900265687115345,0.0009528015193648019,0.10125513924044996,0.0009528175476457086,0.03726756576422371
3.515625,Inspiration,False,False,False,False,True,False,False,False,0.016277693098447604,0.008362693155475007,0.0442709976960208,0.024004544985394012,0.8892237598692634,0.0011317320447524779,0.008364052865008057,0.008364526285638671
3.5546875,Inspiration,False,False,False,False,True,False,False,False,0.002989214628039705,0.022085688801213203,0.008128660322984113,0.04296400149416883,0.8639244770855178,0.0010995220940676635,0.04299580894340229,0.0158126266306063
3.59375,Inspiration,False,False,False,False,True,False,False,False,0.0029892771713090527,0.02208781116210117,0.015804019575421505,0.008129819973856603,0.8639973313267015,0.0010996193648517315,0.043003403559753385,0.04288871786600502
3.6328125,Inspiration,False,False,False,False,True,False,False,False,0.002915829315602007,0.058566415005848575,0.0029158594046600293,0.007935925751661773,0.8427236902452593,0.0010725542591584626,0.04194583898275017,0.04192388703505972
3.671875,Sadness,False,False,False,False,False,False,True,False,0.2609636689533793,0.0024544970477054784,0.006671496203608593,0.006673084888624589,0.004762729464329824,0.006672796693549579,0.7093468187996036,0.002454907949199216
3.7109375,Amusement,True,False,False,False,False,False,False,False,0.6479357910202462,0.0008246961381915694,0.2383610175344575,0.00030336887999859405,0.006094136531879714,0.016568435703771256,0.0022429145092984293,0.08766963968215678
3.75,Disgust,False,False,True,False,False,False,False,False,0.08633119857320458,0.0008119337068981614,0.6379332092940458,0.0002986764583707316,0.006001689526736545,0.03174473700774502,0.0022070502697340935,0.23467150516326504
3.7890625,Disgust,False,False,True,False,False,False,False,False,0.031579179083772904,0.0008073393261226912,0.6343343060430318,0.00029699036772327367,0.011610932168259628,0.08582158353031825,0.0021945334740822494,0.23335513600668925
3.828125,Disgust,False,False,True,False,False,False,False,False,0.011835037458273382,0.002236211959324531,0.6463334386348442,0.0003026086646798321,0.01183643328509299,0.08745561810225753,0.002236057528105929,0.23776459436742153
3.8671875,Disgust,False,False,True,False,False,False,False,False,0.011803243913894909,0.006063809908283036,0.6447648635509847,0.00030187469663540587,0.01180786007379375,0.08724817475041674,0.0008205982212792158,0.23718957488471218
3.90625,Disgust,False,False,True,False,False,False,False,False,0.01183264874110225,0.002236149227248505,0.6463320647368449,0.00030260912173981855,0.011836415458858648,0.0874558014216426,0.002236043838068182,0.23776826745449503
3.9453125,Disgust,False,False,True,False,False,False,False,False,0.004282997516451126,0.005987151892645223,0.6366053106843094,0.00029805596135397237,0.03169152413440383,0.08613637636226887,0.0008102192576987179,0.23418836419086883
3.984375,Disgust,False,False,True,False,False,False,False,False,0.0022237358804376942,0.005999523419188192,0.637921704020269,0.00029867308812833477,0.03175741509185389,0.08631379413928388,0.000811895070798521,0.2346732592900404
4.0234375,Disgust,False,False,True,False,False,False,False,False,0.0022119659706020395,0.005999650632869335,0.6379345371356979,0.0002986797763571284,0.03175836374403665,0.08630658811412997,0.0008119135215631319,0.23467830110474366
4.0625,Disgust,False,False,True,False,False,False,False,False,0.002208704661685526,0.005999771446109388,0.6379406082803212,0.0002986834637993447,0.031758937552636105,0.08630118270643576,0.000811923590953847,0.2346801882980588
4.1015625,Disgust,False,False,True,False,False,False,False,False,0.0022082030524639687,0.005999808901994107,0.6379429337803099,0.0002986853678908605,0.03175930573997606,0.08629784531504583,0.0008119277888930497,0.23468129005342617
4.140625,Disgust,False,False,True,False,False,False,False,False,0.0022080073267227497,0.005999880269373079,0.6379483953225349,0.00029868861163565307,0.03175974076284746,0.086290120946552,0.0008119365494727113,0.2346832302108615
4.1796875,Disgust,False,False,True,False,False,False,False,False,0.002207872443758746,0.006000126338194103,0.6379710466191457,0.0002986999930024638,0.03176107388894336,0.08625769231007975,0.0008119671083119401,0.23469152129856385
4.21875,Disgust,False,False,True,False,False,False,False,False,0.002208028165183072,0.006000656561470549,0.6380281654658164,0.000298727130263608,0.03176405210894505,0.08617587712966385,0.0008120407565047603,0.2347124526821527
4.2578125,Disgust,False,False,True,False,False,False,False,False,0.003389919868505619,0.009213273731258402,0.36037877464808704,0.0004586584096709323,0.13257011133541982,0.1323712482223145,0.0012467875753981257,0.36037122620934553
4.296875,Disgust,False,False,True,False,False,False,False,False,0.0036060002686577252,0.009800678230823793,0.3833540939946137,0.00048790040413449,0.14102240214781459,0.07705666232392636,0.0013262766813531084,0.38334598594867625
4.3359375,Disgust,False,False,True,False,False,False,False,False,0.003621496283663459,0.009843015647126885,0.3850090135955545,0.0004900076069640144,0.14163166112240957,0.07307198541013,0.001332004363297554,0.38500081597085395
4.375,Disgust,False,False,True,False,False,False,False,False,0.0036205468159616907,0.00984072914406683,0.38491766844168573,0.0004898926055947204,0.14159841513565058,0.07329166973425628,0.0013316919674982424,0.38490938615528597
4.4140625,Disgust,False,False,True,False,False,False,False,False,0.002962910778972489,0.008053073544021601,0.3149931367074023,0.00040090090876580955,0.31498277495835203,0.04253103403811074,0.0010897832064653752,0.31498638585790983
4.453125,Disgust,False,False,True,False,False,False,False,False,0.0030254500646846203,0.02235529058529328,0.321629250176583,0.000409353571437619,0.3216202766900707,0.008224954089008422,0.0011127767012852805,0.3216226481216371
4.4921875,Disgust,False,False,True,False,False,False,False,False,0.0033891294171818206,0.009215989891730163,0.3603339714939868,0.0004586196784842279,0.13255293445569,0.13249644337045063,0.001246680483790815,0.3603062312086853
4.53125,Disgust,False,False,True,False,False,False,False,False,0.009216596974537654,0.0012467130042123017,0.36031766562080153,0.0004586116049094115,0.13253808999985964,0.13251637271562758,0.003388746266589097,0.3603172038134627
4.5703125,Inspiration,False,False,False,False,True,False,False,False,0.013860326326943487,0.10242568169737934,0.01386838265638299,0.0003546264147842153,0.7572690424118205,0.007124307980491389,0.0026208992272730314,0.10247673328492508
4.609375,Inspiration,False,False,False,False,True,False,False,False,0.003549547904783584,0.05102674914192537,0.13877689394159856,0.0004802609328145152,0.37714236252479705,0.3771833115817801,0.0013055436227230593,0.050535330349577724
4.6484375,Disgust,False,False,True,False,False,False,False,False,0.08626488448712916,0.00029880077481432956,0.6379496219826566,0.0008121778708253089,0.006033193008970554,0.03173285697883178,0.0022078506952040743,0.23470061420156824
4.6875,Amusement,True,False,False,False,False,False,False,False,0.5883365104574121,0.07946236500878148,0.005543635722034354,0.0020374255287508775,0.21514446140051396,0.015057775372237315,0.015073418005642155,0.07934440850462782
4.7265625,Disgust,False,False,True,False,False,False,False,False,0.16817652261456398,0.16792914092503855,0.4573357304244929,0.0005829085325143007,0.03195291178212935,0.16811874109166472,0.0015872959702441336,0.004316748659352011
4.765625,Disgust,False,False,True,False,False,False,False,False,0.23816822784739422,0.0003038681283983635,0.6480532198523711,0.0008258616756163289,0.006109103072550568,0.016660332371118032,0.0022457080483290017,0.08763367900422243
4.8046875,Fear,False,False,False,True,False,False,False,False,0.10307295942440685,0.007225236783335019,0.10317184091740775,0.762354172697549,0.0009720882153207812,0.0009719679287438338,0.002643978633107707,0.019587755400129095
4.84375,Fear,False,False,False,True,False,False,False,False,0.03391657718828294,0.0064491572169125795,0.25130158156008303,0.683060421199709,0.0003203751103496325,0.0008715004768332474,0.01762927988748057,0.006451107360349037
4.8828125,Fear,False,False,False,True,False,False,False,False,0.0023681162430686034,0.0023536919983589066,0.24948822676647703,0.6781863199801811,0.0008649338398777489,0.0008650195462261787,0.04845852875411381,0.017415162871696453
4.921875,Fear,False,False,False,True,False,False,False,False,0.002257265809020285,0.0022552249841838253,0.23908538446503055,0.6502868757968716,0.0008286557529344611,0.0008292902207265312,0.016713090835021028,0.0877442121362117
4.9609375,Fear,False,False,False,True,False,False,False,False,0.0008515851655102339,0.0008516661372104969,0.24576835022730836,0.6681002665727154,0.0023144248085386976,0.002314236380428018,0.04656834706878107,0.03323112363950777
5.0,Fear,False,False,False,True,False,False,False,False,0.02126395099497371,0.002841617897014027,0.11083798383261062,0.8195951335720496,0.002840814412855712,0.00038432562718011603,0.02103088496360849,0.021205288699707562
5.0390625,Fear,False,False,False,True,False,False,False,False,0.0028029308825929296,0.002803883670653955,0.014397630682210723,0.8084736958794617,0.0010303318784194847,0.021069115853435065,0.1091823461194567,0.040240065033769416
5.078125,Fear,False,False,False,True,False,False,False,False,0.0003159415857671834,0.0023362138294148235,0.24779057493476161,0.6739504958368121,0.00634989984984905,0.002335013550055806,0.03337181610932966,0.03355004430400968
5.1171875,Fear,False,False,False,True,False,False,False,False,0.1030055970856265,0.007281316717643221,0.007306911640135349,0.7683620348196082,0.0026619156818521294,0.00036028181161487617,0.007249219759253984,0.10377272248426561
5.15625,Fear,False,False,False,True,False,False,False,False,0.002833515778451032,0.020980166654050086,0.0028343691661329076,0.8165174275949698,0.0028324997646233226,0.0028560622868460655,0.11045761140352754,0.04068834735139929
5.1953125,Tenderness,False,False,False,False,False,False,False,True,0.0003233408328089284,0.002393106199756463,0.006519483296986128,0.2535929358733523,0.006502513039529517,0.006503978168670292,0.034304457183522506,0.689860185405374
5.234375,Fear,False,False,False,True,False,False,False,False,0.002837544742983764,0.04039411677079561,0.007672978775159388,0.814233701521989,0.002825233857105528,0.00103862251036393,0.020874455126631886,0.11012334669497092
5.2734375,Sadness,False,False,False,False,False,False,True,False,0.0033083246626918962,0.06675678723487546,0.008990356009740817,0.06848233939038884,0.1284722255908371,0.024467195405788674,0.3489155902720215,0.3506071814336558
5.3125,Tenderness,False,False,False,False,False,False,False,True,0.0003413462558004123,0.035798793121467234,0.00252230194215652,0.000928832772109669,0.09819628360987909,0.03541303115124525,0.09853602694486505,0.7282633842024767
5.3515625,Inspiration,False,False,False,False,True,False,False,False,0.003764974219432074,0.14667750298973176,0.0005086745520539308,0.019846757974813545,0.398643281797563,0.003770709996450297,0.027842101349450327,0.39894599712050505
5.390625,Anger,False,True,False,False,False,False,False,False,0.05989851122699387,0.44428123648490997,0.0005678707138913695,0.0015455115452023022,0.1637563836958129,0.004201165525344928,0.1622363117652232,0.16351300904262148
5.4296875,Tenderness,False,False,False,False,False,False,False,True,0.002521414062001378,0.036159350204302,0.000926595379766286,0.00034095161780635337,0.09835252929477399,0.03614826454839439,0.09841027138807433,0.7271406235048813
5.46875,Anger,False,True,False,False,False,False,False,False,0.0005109402244739217,0.40052825366807293,0.0013889902038395979,0.010302031490341524,0.4008145234213335,0.010294079224162846,0.028872119645534294,0.1472890621222415
5.5078125,Inspiration,False,False,False,False,True,False,False,False,0.23693992147681614,0.0870112837163143,0.00030223360343131664,0.0008218777169579982,0.6446173029089655,0.002234328384430532,0.01658792626931045,0.011485125923773737
5.546875,Inspiration,False,False,False,False,True,False,False,False,0.10367505454800435,0.03810465026595749,0.0009768301448761286,0.0003593719850629819,0.7666602226751554,0.03808243324948747,0.03811780612260812,0.014023631008847846
5.5859375,Inspiration,False,False,False,False,True,False,False,False,0.0008977181155233591,0.09510288854256939,0.00244094633211761,0.00033024800261159584,0.7042960911065449,0.007084855522545571,0.09488996100031219,0.09495729137777538
5.625,Inspiration,False,False,False,False,True,False,False,False,0.25639589452737105,0.017891050468887653,0.0008882829291991718,0.0008881317520894843,0.6970280930274824,0.006571946343240131,0.0179201109824382,0.0024164899692918117
5.6640625,Inspiration,False,False,False,False,True,False,False,False,0.23336728467162032,0.0310124555553843,0.000809839612312096,0.00029769533617452463,0.634983940474667,0.08583915936395703,0.011484785453239355,0.0022048395326453797
5.703125,Inspiration,False,False,False,False,True,False,False,False,0.006403988065861577,0.0023592777315528716,0.002356755796381334,0.00031829811529126287,0.6791562817717158,0.04780534573849635,0.2494712934161692,0.012128759364531458
5.7421875,Amusement,True,False,False,False,False,False,False,False,0.6944965440702904,0.000885641722109065,0.017826308453663363,0.000325550730929738,0.25547736767787527,0.017856020999376866,0.006588783843759143,0.006543782501996041
5.78125,Inspiration,False,False,False,False,True,False,False,False,0.23467402153926967,0.000813599544370649,0.08628085486793831,0.00029911217579766476,0.6380169724814122,0.03168348523074022,0.006020546058135901,0.0022114081023353574
5.8203125,Inspiration,False,False,False,False,True,False,False,False,0.23472982898059272,0.0002993013241482785,0.08632746230001596,0.00221053904809277,0.6380668754555396,0.03150266493261636,0.006049785143938476,0.0008135428150558983
5.859375,Amusement,True,False,False,False,False,False,False,False,0.6629935141757678,0.000310850174014222,0.24388441660870142,0.0022962402987578385,0.03297788210422868,0.050388064047204084,0.006303783417032624,0.0008452491742934042
5.8984375,Amusement,True,False,False,False,False,False,False,False,0.638244045572708,0.00029918153523623314,0.23480231374743768,0.0022103981302833693,0.0317117018555898,0.08589896596063226,0.006019874608582005,0.0008135185895307755
5.9375,Amusement,True,False,False,False,False,False,False,False,0.6643275096738125,0.0003113751586789295,0.24433983074566704,0.0023004361116396245,0.03295383055310083,0.04865749469243809,0.006262991972491345,0.0008465310921718547
5.9765625,Amusement,True,False,False,False,False,False,False,False,0.6735066995976514,0.0003157475988910469,0.2477805388417396,0.0023327839967425485,0.017349524817671193,0.047504568698916956,0.010351943575767256,0.0008581928726200393
6.015625,Disgust,False,False,True,False,False,False,False,False,0.24064406266532842,0.0003066002974930759,0.6542221323024577,0.0022653228826421804,0.006167821661036099,0.08796363013696548,0.006163795204554195,0.0022666348495228115
6.0546875,Amusement,True,False,False,False,False,False,False,False,0.6831487372998093,0.0003201968315915511,0.25129537556410075,0.0023662678675514417,0.006434634225385188,0.04763162114281055,0.006437260767543534,0.0023659063012076865
6.09375,Amusement,True,False,False,False,False,False,False,False,0.6691588459475616,0.00031372691069453434,0.2461856199351792,0.0023189101770926764,0.0023181487299169467,0.046817190890383165,0.030569965751977807,0.0023175916571940196
6.1328125,Disgust,False,False,True,False,False,False,False,False,0.249946594270191,0.00031856223921051,0.6796333988466937,0.002354903795468591,0.006399154666304929,0.05258995498509602,0.006404114504954551,0.002353316692080648
6.171875,Disgust,False,False,True,False,False,False,False,False,0.25463605357606256,0.0008823579064499734,0.6923107054139934,0.0343330245000921,0.006518642156257962,0.006520832710150993,0.002400744330296068,0.0023976394066969734
6.2109375,Amusement,True,False,False,False,False,False,False,False,0.6542548790265796,0.0008344799221009896,0.24074070740832312,0.08848181587951016,0.0008338644073992259,0.00616499492754387,0.006422610340653997,0.0022666480878891487
6.25,Disgust,False,False,True,False,False,False,False,False,0.03412698669117358,0.0008747372580894105,0.6859381748278139,0.25169696042027767,0.0008739832949581847,0.017610973886512133,0.0065027508801633665,0.002375432741011555
6.2890625,Disgust,False,False,True,False,False,False,False,False,0.0344504756358584,0.0024002785664657272,0.692291134954501,0.2545117813844402,0.0008823279912788366,0.006522489413929313,0.0065431474759229755,0.002398364577603639
6.328125,Amusement,True,False,False,False,False,False,False,False,0.4096118033713954,0.003866714117487267,0.15069586793699014,0.4095317957341953,0.00385815716566648,0.010495034815990689,0.010521004978245872,0.0014196218800289842
6.3671875,Disgust,False,False,True,False,False,False,False,False,0.03391728797122704,0.01780619636145101,0.6831158779017423,0.2510077800475507,0.00032019317992782397,0.006510419528690044,0.00645164533009957,0.0008705996793113987
6.40625,Disgust,False,False,True,False,False,False,False,False,0.11012753749661178,0.0028301838648891416,0.8142665056461915,0.0403174266236334,0.007672689486096924,0.0010385379673810199,0.02092337139687392,0.0028237475183222594
6.4453125,Amusement,True,False,False,False,False,False,False,False,0.31617950801292377,0.3154955176836997,0.04280669302222696,0.3161670712534056,0.002981443139097438,0.0029831970148292367,0.002982855116371045,0.0004037147574463017
6.484375,Fear,False,False,False,True,False,False,False,False,0.011905068077988594,0.08791927998657782,0.2401118704946736,0.652429336408742,0.0022647472731126034,0.0022676706400060775,0.0022687642270742096,0.0008332628918250786
6.5234375,Anger,False,True,False,False,False,False,False,False,0.0775290246723293,0.5741447329446084,0.21130643380215042,0.07734837820279217,0.01473785884387791,0.0019938544546930135,0.04094430681111086,0.0019954102684379225
6.5625,Anger,False,True,False,False,False,False,False,False,0.015076124745282976,0.8313089382480595,0.11238136500466872,0.007872986039382013,0.00785531095668292,0.0010632251450085675,0.02152764711388167,0.002914402747033584
6.6015625,Anger,False,True,False,False,False,False,False,False,0.08833230555051244,0.6613691012821501,0.00628008780968872,0.002303513758755585,0.08910825022244301,0.04622437535661971,0.01704395587946464,0.08933841014036585
6.640625,Anger,False,True,False,False,False,False,False,False,0.014517114301063928,0.8033460274850812,0.10733662759102254,0.0003770754453222766,0.014647227438822425,0.037651656057427534,0.007595262314185709,0.014529009367074313
6.6796875,Anger,False,True,False,False,False,False,False,False,0.04022538890326709,0.8117086664038008,0.007671159555446342,0.0003808514144551103,0.014798913803396622,0.10852176892378988,0.008039977190139961,0.008653273805704222
6.71875,Anger,False,True,False,False,False,False,False,False,0.004249488781547843,0.4484191516928722,0.03129470850540866,0.0005722464048670655,0.022322035786711797,0.03238913556991773,0.012099249181697285,0.4486539840769773
6.7578125,Anger,False,True,False,False,False,False,False,False,0.011810824931512197,0.6467814810608098,0.0022448214154632347,0.000303593840817325,0.23798773879106194,0.08678500998989364,0.0022509434605468264,0.011835586509895094
