time_sec,pred_label,Amusement,Anger,Disgust,Fear,Inspiration,Joy,Sadness,Tenderness,prob_Amusement,prob_Anger,prob_Disgust,prob_Fear,prob_Inspiration,prob_Joy,prob_Sadness,prob_Tenderness
0.0390625,Amusement,True,False,False,False,False,False,False,False,0.7486015963044135,0.007042926265748578,0.10129563133067132,0.0009529427882609384,0.10130636163004246,0.0009528862388146592,0.0025905672429218886,0.037257088199126744
0.078125,Inspiration,False,False,False,False,True,False,False,False,0.08856265787665339,0.000833034962984221,0.006155623012681441,0.0008330967223543713,0.6544871273838014,0.006155241111070082,0.24070875856358154,0.0022644603668734217
0.1171875,Amusement,True,False,False,False,False,False,False,False,0.7058071856138488,0.0024424641880759746,0.09551551729490786,0.0003304822525667397,0.09551253310837397,0.0024420785241273733,0.09550766116601282,0.0024420778520864487
0.15625,Amusement,True,False,False,False,False,False,False,False,0.6680977905514108,0.0008504778373952001,0.03325610396443948,0.0008503901683976446,0.24578060192289944,0.01708444645165248,0.03322979512388706,0.0008503939799179776
0.1953125,Amusement,True,False,False,False,False,False,False,False,0.6379407893455828,0.0008120458738885418,0.031745510306245006,0.00029870999826002816,0.23468643096504518,0.006000316304607644,0.08630894829672137,0.0022072489096494493
0.234375,Amusement,True,False,False,False,False,False,False,False,0.6394656820189853,0.0022126156306769007,0.03183591241711278,0.00029941083527884415,0.2352294642552805,0.0022124796115866184,0.0865319740728591,0.0022124611582200406
0.2734375,Amusement,True,False,False,False,False,False,False,False,0.3163794350559455,0.0029762039936082115,0.04281325815982659,0.0010946764376524869,0.3163663496107993,0.0029759158246747386,0.3162994478067422,0.0010947131107511196
0.3125,Amusement,True,False,False,False,False,False,False,False,0.3163879244675256,0.0029784402052819184,0.042812592388981954,0.0010951636426821518,0.3163493579475626,0.0029775825569072724,0.3163037289412528,0.0010952098498056546
0.3515625,Amusement,True,False,False,False,False,False,False,False,0.767760524449641,0.0026602707867785227,0.10385194242483789,0.0026587267859878604,0.10379689205792994,0.00265976952191339,0.013953710796598174,0.002658163176313168
0.390625,Amusement,True,False,False,False,False,False,False,False,0.7516571177758269,0.019490783021754218,0.10165217339050966,0.0009587565849047786,0.10106369282280248,0.022212301300397638,0.0026126300882143984,0.0003525450155898633
0.4296875,Disgust,False,False,True,False,False,False,False,False,0.19175850984355516,0.06978384141061851,0.5214931216027141,0.004952028231990095,0.19172760265208763,0.004926982470769334,0.013546620656084633,0.0018112931321804795
0.46875,Anger,False,True,False,False,False,False,False,False,0.23349139618713072,0.6342390400698777,0.08582571526637688,0.00029767793682999774,0.031531415648086876,0.01160435866753493,0.002201513568895813,0.0008088826552671344
0.5078125,Amusement,True,False,False,False,False,False,False,False,0.6379632554428042,0.0008125799702410075,0.08632726302733049,0.0002988209307690211,0.23466632906886686,0.031715146481726054,0.006008510047703811,0.002208095030558507
0.546875,Amusement,True,False,False,False,False,False,False,False,0.637947177180213,0.0022086675812997445,0.08632468179192436,0.0008121497053420903,0.23467765982198666,0.006001520538325147,0.03172939351388107,0.00029874986702794305
0.5859375,Amusement,True,False,False,False,False,False,False,False,0.6448441102249836,0.0008212753449189985,0.08726006680674346,0.0008208767819623672,0.237187505806857,0.01649508838398986,0.011750218329947456,0.0008208583205972164
0.625,Amusement,True,False,False,False,False,False,False,False,0.6448193639487378,0.0008207828993946007,0.08725896619055565,0.0008207352588880889,0.23719928541943353,0.01648734163761203,0.011772776800125548,0.0008207478452526475
0.6640625,Amusement,True,False,False,False,False,False,False,False,0.6447905256455492,0.0008207270550647491,0.08725913760194444,0.0008206589129614791,0.23719814765707706,0.016486053251834252,0.011804094520049255,0.0008206553555195219
0.703125,Amusement,True,False,False,False,False,False,False,False,0.6485088939805558,0.0008255260506979295,0.08776332496543077,0.0008254279189952489,0.2385590682606384,0.016584085946176556,0.006108249997714407,0.0008254228797909255
0.7421875,Amusement,True,False,False,False,False,False,False,False,0.6506666515855637,0.002251622628628175,0.23936536917963003,0.0008281910026137595,0.08804960435987763,0.006120455186076256,0.0118899066093033,0.0008281994483072342
0.78125,Amusement,True,False,False,False,False,False,False,False,0.6448181980241452,0.0008210435860297596,0.23721147510964322,0.0008208042194443429,0.08725752584972858,0.01649309451102938,0.011757050643256274,0.0008208080567233467
0.8203125,Amusement,True,False,False,False,False,False,False,False,0.6544471679129358,0.00226519983766154,0.08856312409734446,0.0008331217367993018,0.2406618042822414,0.0061578520790959755,0.006238559199268861,0.0008331708546528642
0.859375,Disgust,False,False,True,False,False,False,False,False,0.23545043108070357,0.0008148865488810385,0.6400470889176898,0.002214831016431212,0.08659854683142171,0.002215514486064563,0.0318439092611332,0.000814791857674725
0.8984375,Amusement,True,False,False,False,False,False,False,False,0.7707072376006469,0.0026689640754898815,0.10429203888864033,0.000981257194112443,0.10416569696116798,0.007259599074224822,0.00725762053991613,0.0026675856658015216
0.9375,Amusement,True,False,False,False,False,False,False,False,0.6544551609741197,0.0022655394982493133,0.24075547978396783,0.0008331607794796539,0.08853434806849368,0.006163251994489924,0.006159880806165729,0.0008331780950341588
0.9765625,Amusement,True,False,False,False,False,False,False,False,0.6848876002832025,0.0003209014130801242,0.2519392869430214,0.002370642282291088,0.006464158883952226,0.0340630637052476,0.017582511770205346,0.0023718347189997787
1.015625,Amusement,True,False,False,False,False,False,False,False,0.7068144677445677,0.0024496765774941315,0.09559127551021751,0.0009012682929672528,0.09524334187678717,0.0024687236720882418,0.0009013493621334563,0.09562989696374455
1.0546875,Anger,False,True,False,False,False,False,False,False,0.036029048154800014,0.13984309780884568,0.2668245632511994,0.0009252017282925805,0.2640321249242143,0.018624383308841995,0.00684627147684639,0.2668753093469596
1.09375,Tenderness,False,False,False,False,False,False,False,True,0.2333491874135437,0.0008100095478231525,0.011597233756760587,0.0022019138527186208,0.031177616244795266,0.08580728458063257,0.0002978418809035003,0.6347589127228225
1.1328125,Amusement,True,False,False,False,False,False,False,False,0.3893355067530712,0.003668089637578188,0.14315858463553116,0.0013487864133752186,0.052548574970938296,0.019358358878396174,0.0013494247656524586,0.38923267394545724
1.171875,Amusement,True,False,False,False,False,False,False,False,0.762430718491053,0.007188891518107929,0.013954935855593951,0.0026413037885657984,0.10306491233787594,0.10317622603139379,0.0003574375829494608,0.0071855743944602
1.2109375,Tenderness,False,False,False,False,False,False,False,True,0.03237715460021981,0.1672640144542713,0.0015880680058884386,0.16690768835733133,0.008314995385878352,0.16682963877393972,0.0005827507700857176,0.4561356896523853
1.25,Inspiration,False,False,False,False,True,False,False,False,0.1487398396357576,0.0014035374143489122,0.010419735831531865,0.010372575105971032,0.40458574254173396,0.40453272147264585,0.0014025255206711875,0.01854332247733951
1.2890625,Joy,False,False,False,False,False,True,False,False,0.0066755565235041055,0.006681694922149382,0.0024445611295289293,0.006653146318038192,0.25897345108245295,0.7048157972953649,0.0008995518723323829,0.012856240856629291
1.328125,Inspiration,False,False,False,False,True,False,False,False,0.0013427936961839825,0.052133574864006486,0.027382808219814574,0.003656786228472553,0.3863846851494125,0.14219189973983345,0.0004938484050276764,0.38641360369724875
1.3671875,Disgust,False,False,True,False,False,False,False,False,0.0036668834237903744,0.05241391717635773,0.3888246262834551,0.003666173845946144,0.14310437412878754,0.019239296905198065,0.0004958884272782794,0.38858883980918674
1.40625,Anger,False,True,False,False,False,False,False,False,0.02067359419560705,0.804947109748326,0.03994107853784316,0.0028435606934926415,0.014578469472686614,0.1088326601138821,0.007805528301296896,0.0003779989368655667
1.4453125,Inspiration,False,False,False,False,True,False,False,False,0.017980492248234992,0.2534328294929934,0.0008817883773757405,0.01248437589205029,0.6893336937980672,0.012544401765916402,0.000881831354804435,0.012460587070557638
1.484375,Amusement,True,False,False,False,False,False,False,False,0.4347341001162736,0.4340947054268442,0.01122986319306273,0.011206708965021524,0.02160350059524997,0.08410860843112594,0.0015125263673596782,0.0015099869050622806
1.5234375,Inspiration,False,False,False,False,True,False,False,False,0.18170881620870458,0.0046601796125170705,0.06670019990651274,0.004657290157599987,0.4940281444310242,0.18160526134141874,0.06601000105896507,0.0006301072832577301
1.5625,Inspiration,False,False,False,False,True,False,False,False,0.21347902633783072,0.06580457697732141,0.040540148090710826,0.07839024891436658,0.580572350800684,0.014999019950729322,0.005474223962916471,0.0007404049654405412
1.6015625,Anger,False,True,False,False,False,False,False,False,0.23925223540303284,0.649894165133868,0.01188325737295916,0.002257392479287462,0.08801735162429174,0.00612983552197129,0.0022609145860456974,0.0003048478785438779
1.640625,Amusement,True,False,False,False,False,False,False,False,0.3992414710338671,0.003765765240617007,0.14685045545890257,0.003762309333538448,0.3993948000280091,0.027823285896787262,0.018653146610854692,0.0005087663974238566
1.6796875,Amusement,True,False,False,False,False,False,False,False,0.38647936519843656,0.001341648542717874,0.3865036308601952,0.0036392070831060023,0.14222422102466742,0.027077423107963385,0.05224206115684604,0.0004924430260675626
1.71875,Amusement,True,False,False,False,False,False,False,False,0.6477281025567547,0.0008254015898341875,0.2381216817517041,0.0008252611608396929,0.017934489370941505,0.08762445756960044,0.006115372383645351,0.0008252336166800565
1.7578125,Amusement,True,False,False,False,False,False,False,False,0.7869714705999695,0.0010053521955841623,0.020878073048724823,0.007450758289908347,0.03827281050331839,0.10630180742524614,0.038750539537233335,0.0003691884000152683
1.796875,Amusement,True,False,False,False,False,False,False,False,0.6539261414161862,0.0022712901332440634,0.006159291901052634,0.00030650189181818715,0.0063026284535861845,0.24045225288826103,0.08831719431820391,0.002264698997647645
1.8359375,Amusement,True,False,False,False,False,False,False,False,0.7044257611946391,0.0009003659915176303,0.0952884031914395,0.0024465772109592376,0.0066523183947379185,0.09510139238508596,0.09485479044761334,0.00033039118400735186
1.875,Amusement,True,False,False,False,False,False,False,False,0.6664083347352849,0.0008493347496358463,0.24515771879695958,0.0008488766549828253,0.04648240918071512,0.006292614488135232,0.033111789201045475,0.0008489221932409605
1.9140625,Disgust,False,False,True,False,False,False,False,False,0.24723810624243775,0.006329706850302212,0.67211355858465,0.0008558338533473621,0.00632615655682508,0.033400158107352564,0.03342165594557896,0.0003148238595060826
1.953125,Amusement,True,False,False,False,False,False,False,False,0.6385591371598932,0.0008131638419041817,0.23490678097043752,0.0008129572956938247,0.0863847694845512,0.03167004871542996,0.006040157548679178,0.0008129849834107984
1.9921875,Amusement,True,False,False,False,False,False,False,False,0.653875732986032,0.0003064224914024686,0.24052904310105386,0.006152615611599304,0.0022642153555128153,0.006155328874946537,0.08845300434860727,0.0022636372308457715
2.03125,Amusement,True,False,False,False,False,False,False,False,0.7708184810982868,0.007286981701669174,0.10432107326278038,0.007271319731967733,0.000983187320875067,0.0026713718067951633,0.10397250469371036,0.002675080383915528
2.0703125,Amusement,True,False,False,False,False,False,False,False,0.6559488670034294,0.0008381757487778712,0.24148798207248617,0.006181912624527836,0.0022744941257909178,0.002275956109271942,0.08871751147967857,0.002275100836037266
2.109375,Disgust,False,False,True,False,False,False,False,False,0.08658602262509492,0.00030014040154266073,0.6402333313711667,0.002218201286458796,0.0022191778492239578,0.23525980406252076,0.030954910543723086,0.0022284118602691823
2.1484375,Disgust,False,False,True,False,False,False,False,False,0.25663246425578434,0.0008898167153011011,0.6977153773089555,0.006571531366579945,0.006581525813750554,0.0008899061938983632,0.018025723012146104,0.012693655333584136
2.1875,Amusement,True,False,False,False,False,False,False,False,0.32368967059249637,0.0011219865580603294,0.015858698787520838,0.32329239773809,0.00831186918581749,0.0030532184059974673,0.0011222204439288446,0.32354993828808865
2.2265625,Amusement,True,False,False,False,False,False,False,False,0.6774022222627613,0.0023480877039565784,0.24919983883577784,0.0023522031673429687,0.03184648621927021,0.002347943523136979,0.0008637556362826269,0.03363946265147162
2.265625,Amusement,True,False,False,False,False,False,False,False,0.36107257544368393,0.0012513929469931298,0.361223637870425,0.003404122878073963,0.13260416073982387,0.13264367554211148,0.0012515284812445796,0.0065489060976442115
2.3046875,Amusement,True,False,False,False,False,False,False,False,0.4130458755300172,0.00143085135109254,0.05572541339313583,0.0038886240460949064,0.055833781817472686,0.4127693575424433,0.0014305041585739033,0.05587559216116966
2.34375,Amusement,True,False,False,False,False,False,False,False,0.7632347350507644,0.007185040144133698,0.013975608570750538,0.0009719562758971571,0.10322386918237661,0.10324826633603093,0.0009720713626043617,0.007188453077442188
2.3828125,Amusement,True,False,False,False,False,False,False,False,0.6387166449408831,0.0008141640740802421,0.00601971603143264,0.000813763846849972,0.08616301561991056,0.0317219851362734,0.0008142139915488267,0.23493649635902128
2.421875,Amusement,True,False,False,False,False,False,False,False,0.39724465451380225,0.010200332402788824,0.0013771819737037666,0.027743692813659352,0.39725646848198115,0.1459825543500546,0.0005063867532051237,0.019688728710804886
2.4609375,Joy,False,False,False,False,False,True,False,False,0.005237833480290872,0.07363782945343153,0.07439925247790204,0.014320728314272346,0.20300534333614978,0.553814059075367,0.0007066699158874649,0.074878283946699
2.5,Inspiration,False,False,False,False,True,False,False,False,0.003415785373370379,0.0034152075801546964,0.13285807089558993,0.003410310697471333,0.36171472358919193,0.36181621471813724,0.0004611448129685912,0.13290854233311575
2.5390625,Amusement,True,False,False,False,False,False,False,False,0.3929508239226615,0.0100650005768,0.1444964622001343,0.0013602869534205325,0.39291643799813286,0.05315207900904362,0.0036982147007035525,0.0013606946391036333
2.578125,Disgust,False,False,True,False,False,False,False,False,0.1441148975234877,0.00669578728536561,0.3917090221035734,0.0013568561469192554,0.3917488617765134,0.05299192815428439,0.010025813539492102,0.001356833470364181
2.6171875,Inspiration,False,False,False,False,True,False,False,False,0.03962198958963522,0.007514222975926613,0.03953632294843275,0.0010142750439320234,0.7961570806812823,0.10764888737944872,0.007493405199117142,0.0010138161822251422
2.65625,Disgust,False,False,True,False,False,False,False,False,0.05791830609231752,0.11118957379412861,0.3029877683492337,0.007765924838856078,0.30296867831366525,0.11148128499351233,0.10463851848321049,0.0010499451350760684
2.6953125,Inspiration,False,False,False,False,True,False,False,False,0.03680582883791448,0.013534361982711279,0.0996714036094158,0.0009453987937470445,0.7415033644471595,0.10019949827958338,0.006992383614021716,0.0003477604354468585
2.734375,Disgust,False,False,True,False,False,False,False,False,0.10083608654340563,0.007076642475295562,0.7458396572917012,0.0003499575707594745,0.10094210235319367,0.036968545489008985,0.007036126079631467,0.000950882197004007
2.7734375,Amusement,True,False,False,False,False,False,False,False,0.40227232867687557,0.0038921761908230447,0.4022163048715294,0.0037882623209953416,0.02871603483577768,0.1477803556118953,0.01082199329156745,0.0005125442005362034
2.8125,Disgust,False,False,True,False,False,False,False,False,0.1907438470336081,0.0048937401309410615,0.5183329922832819,0.013298031926893916,0.1906067003657516,0.06814920171206557,0.013314807640020486,0.0006606789074374153
2.8515625,Joy,False,False,False,False,False,True,False,False,0.10111349877787633,0.004643998251383458,0.03715943719722827,0.0009523573559685196,0.007038987576920159,0.747320303010783,0.10081932514118151,0.0009520926886588924
2.890625,Amusement,True,False,False,False,False,False,False,False,0.6446417727825581,0.0008211159157398433,0.08668180240605024,0.00030197141653847114,0.2369958650284937,0.016579431652453486,0.011745168096558584,0.002232872701607508
2.9296875,Amusement,True,False,False,False,False,False,False,False,0.637923968873762,0.0008123399661472555,0.03175064005270241,0.0002988042376391896,0.23467856392485073,0.08632275057313246,0.002209442901229828,0.006003489470536187
2.96875,Amusement,True,False,False,False,False,False,False,False,0.6381246167198553,0.0008153730091460431,0.23457812991141577,0.0022117714839709137,0.03161319056374554,0.08634855694999125,0.0060092300826785645,0.0002991312791967666
3.0078125,Amusement,True,False,False,False,False,False,False,False,0.6394997654121407,0.002213503756610759,0.03183025372254866,0.00029948447112290635,0.23523799353031344,0.0022133055443384043,0.08649275026084156,0.0022129433020835064
3.046875,Amusement,True,False,False,False,False,False,False,False,0.3872935055359503,0.018951634810063577,0.387250135357518,0.0004933838416764063,0.14236845525920014,0.009918542164312781,0.052383539827919316,0.0013408032033595666
3.0859375,Sadness,False,False,False,False,False,False,True,False,0.0005975773851536477,0.012086796284463434,0.17119531269162674,0.0044057437750862904,0.17114062304235525,0.1707887880357478,0.465375204849584,0.004409953935982929
3.125,Inspiration,False,False,False,False,True,False,False,False,0.09311464480113572,0.012512951754976511,0.17967088046748037,0.09279073118962475,0.4880169991053094,0.033997668687057545,0.06586800820249725,0.03402811579191859
3.1640625,Amusement,True,False,False,False,False,False,False,False,0.653861627153374,0.006150274986401536,0.08848020783507918,0.0003061763574736745,0.24052547113790038,0.006150502986377509,0.0022632600961030465,0.002262479447290714
3.203125,Amusement,True,False,False,False,False,False,False,False,0.6485045197423954,0.0008254061488325056,0.0877625601514518,0.0008253664015341895,0.23856588301464432,0.01659139283056702,0.00609949498757622,0.0008253767229985768
3.2421875,Amusement,True,False,False,False,False,False,False,False,0.6442189602520444,0.0008199440156928983,0.08718328220280334,0.0003016261102960306,0.23698801695262886,0.01646943208516544,0.011789950599223479,0.0022287877821455773
3.28125,Amusement,True,False,False,False,False,False,False,False,0.6506669569357664,0.0022513528627752105,0.08805332796790614,0.0008281395761949522,0.2393497394090168,0.006120753584003031,0.011901573525340714,0.0008281561389968889
3.3203125,Amusement,True,False,False,False,False,False,False,False,0.6879747377257868,0.0023817715592291274,0.253090906750769,0.0008757299792801084,0.03424656616905291,0.012565041375411543,0.0064845930934904015,0.002380653346980264
3.359375,Amusement,True,False,False,False,False,False,False,False,0.45709608599128837,0.03186990419938492,0.45714963811385473,0.00158219783858068,0.011702177492015329,0.0043032610219722826,0.03199475682493392,0.004301978517969671
3.3984375,Fear,False,False,False,True,False,False,False,False,0.010063645947282505,0.0004994134578005492,0.010072440794625787,0.3913782831639839,0.39120032176723746,0.0013566496161035756,0.14248002518252686,0.05294922007043948
3.4375,Amusement,True,False,False,False,False,False,False,False,0.6479520035163521,0.0008249699802052247,0.0165767567577781,0.0003034986717871414,0.23837444456340037,0.0060957895983585085,0.08762953003219351,0.0022430068799251645
3.4765625,Amusement,True,False,False,False,False,False,False,False,0.6379222413189611,0.0008120787624672968,0.031757835650725284,0.0002987180801511915,0.2346818084349935,0.006000071184975897,0.08631993340342232,0.0022073131643033455
3.515625,Amusement,True,False,False,False,False,False,False,False,0.6379703435567986,0.0008123367374635373,0.03169696259554041,0.00029881360133519137,0.23471257318917865,0.006002737504034576,0.08629822993749318,0.002208002878155792
3.5546875,Inspiration,False,False,False,False,True,False,False,False,0.08657246856860719,0.0008153563500402081,0.03184324120273276,0.0022168019437460705,0.6401466774012924,0.0022157577912571232,0.23537434602487103,0.0008153507174531327
3.59375,Inspiration,False,False,False,False,True,False,False,False,0.23990688325383672,0.0022608606479207023,0.011875420067350649,0.002264667996866512,0.652556878323675,0.0008310899651755103,0.08804434233146807,0.0022598574137068666
3.6328125,Inspiration,False,False,False,False,True,False,False,False,0.08777114881430276,0.0061761014067931745,0.24081030341803347,0.000835492940736296,0.6551139585275906,0.0008345700458480892,0.002272784294859954,0.006185640551835663
3.671875,Inspiration,False,False,False,False,True,False,False,False,0.0061920232129499845,0.011637580072518222,0.23884525534196857,0.0061196233488163155,0.6494510586934342,0.00030440124785600323,0.0008279083216850236,0.08662214976077175
3.7109375,Inspiration,False,False,False,False,True,False,False,False,0.043560649872299365,0.043655400502360824,0.00830775414680825,0.008458169372561577,0.881579217272819,0.00305493979985123,0.008309576668387901,0.0030742923649119893
3.75,Inspiration,False,False,False,False,True,False,False,False,0.0418122281010685,0.021645808348790346,0.06002759179218582,0.0003950774366967304,0.842458418266099,0.007938737272817057,0.024647275847078695,0.0010748629352637664
3.7890625,Inspiration,False,False,False,False,True,False,False,False,0.0022194563710995346,0.002224034811118562,0.2351723028421156,0.002219547584695936,0.6400734122527555,0.03166941270387716,0.0003002458355767989,0.08612158759876105
3.828125,Amusement,True,False,False,False,False,False,False,False,0.37699259987492284,0.05090283022034624,0.13864363746190078,0.0013066258251676003,0.37728411162777975,0.050838517570355395,0.0035509923680047636,0.0004806850515226312
3.8671875,Amusement,True,False,False,False,False,False,False,False,0.44388339006591804,0.004179671603127631,0.060021201691056056,0.004177755994216597,0.44393740213811606,0.011387884531045736,0.030875900741944618,0.0015367932345752443
3.90625,Amusement,True,False,False,False,False,False,False,False,0.6386298280921178,0.0008135649640546311,0.08638100140308763,0.0008131657213530624,0.23496260506478317,0.03155882784141175,0.0060278096966285355,0.0008131972165634821
3.9453125,Amusement,True,False,False,False,False,False,False,False,0.6484762157238959,0.0008265148320657154,0.0877493851286218,0.0008255372560223589,0.2385686727295644,0.016601895823668965,0.006126225525004305,0.0008255529811566086
3.984375,Disgust,False,False,True,False,False,False,False,False,0.23699342542531088,0.002231919300296058,0.644236522086839,0.00030176825022124016,0.087182698705674,0.016489311174169213,0.0117440928209948,0.0008202622364948463
4.0234375,Amusement,True,False,False,False,False,False,False,False,0.6381823991262207,0.0008132826334017554,0.08634372903676256,0.00029896823292582163,0.23474054583544898,0.031377413951140576,0.0060343816370619545,0.002209279547037832
4.0625,Amusement,True,False,False,False,False,False,False,False,0.6675128945572127,0.0008505506036776175,0.03320962661773401,0.0003127659854121386,0.24553684297669903,0.017088735458728525,0.033177921265300454,0.002310662535235497
4.1015625,Sadness,False,False,False,False,False,False,True,False,0.24172312530692985,0.03259785150485845,0.03269914222483449,0.00030784689078566444,0.03269667894661162,0.002275056219815985,0.6568635601246062,0.0008367387815577072
4.140625,Amusement,True,False,False,False,False,False,False,False,0.647679513165133,0.0008255538145275706,0.23822814366056602,0.00030349130031067284,0.08760959065391616,0.016864821112805312,0.006246289302465703,0.0022425969902756964
4.1796875,Amusement,True,False,False,False,False,False,False,False,0.7457575719432282,0.007037099295609203,0.10090934422171775,0.00034930140882138315,0.10089162189282826,0.00702000373818408,0.03708556663033869,0.0009494908692722834
4.21875,Amusement,True,False,False,False,False,False,False,False,0.6385968351044176,0.0008135696253292548,0.23493299828391773,0.0008131910806276774,0.08624489593880533,0.0060166655318942145,0.031768687682039234,0.0008131567529689716
4.2578125,Amusement,True,False,False,False,False,False,False,False,0.6547298564772881,0.000834006520286973,0.24083400537427413,0.0008337263471134967,0.08809665658188245,0.006163868536262773,0.006241467996228654,0.0022664121666633934
4.296875,Amusement,True,False,False,False,False,False,False,False,0.6349661081188214,0.0008086060703159443,0.23356867575846643,0.000808433625435453,0.08589858035763051,0.0315203044592837,0.011620948010047904,0.0008083435999987534
4.3359375,Disgust,False,False,True,False,False,False,False,False,0.13253495457339087,0.0004595799349763977,0.360341551674543,0.0012491814167635092,0.00924343320364861,0.3604405385074132,0.1323328796358373,0.003397881053427093
4.375,Disgust,False,False,True,False,False,False,False,False,0.039863148196680645,0.0027795626275237345,0.8017585859720607,0.002779309760529883,0.10795149733017574,0.039310768004251574,0.00277877996338259,0.00277834814539525
4.4140625,Amusement,True,False,False,False,False,False,False,False,0.4391969453844518,0.031046209049694417,0.43927486164510515,0.001521831704258137,0.004151387302090345,0.021818651240819137,0.0588531487590274,0.004136964914553692
4.453125,Amusement,True,False,False,False,False,False,False,False,0.6397250879388613,0.00029977563696921767,0.08656540382928861,0.0022155073433251095,0.23498356429659592,0.03177992204895568,0.0022147077620436246,0.0022160311439604757
4.4921875,Amusement,True,False,False,False,False,False,False,False,0.4236073662288138,0.0005394689428787735,0.42362016360793814,0.003985316768107358,0.05731846266711232,0.029697605596629432,0.05724618107619269,0.003985435112327592
4.53125,Amusement,True,False,False,False,False,False,False,False,0.6509661073085663,0.0008298654600304368,0.2393493475740805,0.0022587407440378274,0.006134535233823824,0.08777648607159512,0.0008296630811157606,0.01185525452675021
4.5703125,Amusement,True,False,False,False,False,False,False,False,0.7107891017267797,0.002474267936552243,0.261631894409792,0.0024660388422819168,0.006702024342193902,0.0024655748532551756,0.0067403158063515855,0.006730782082793431
4.609375,Amusement,True,False,False,False,False,False,False,False,0.635073531540981,0.0002978070670164738,0.08580654028850282,0.002201926502703309,0.23354030878775298,0.0008101692742069152,0.011574293496628581,0.03069542304220793
4.6484375,Amusement,True,False,False,False,False,False,False,False,0.3223981131126252,0.0011165540772225346,0.02450316687411342,0.003034153329748813,0.32248793244663854,0.0030340829193996966,0.3223097199316585,0.0011162773085933676
4.6875,Amusement,True,False,False,False,False,False,False,False,0.6383440237455755,0.00029898449722618326,0.031773180696924606,0.0022096322936965007,0.23481834751716468,0.006005409654402951,0.08573768283568568,0.0008127387593238157
4.7265625,Inspiration,False,False,False,False,True,False,False,False,0.18536302451931783,0.0017468082972392168,0.012908256206205341,0.01291977574963347,0.5045343724354143,0.0964661324654321,0.18541882798258344,0.0006428023441742995
4.765625,Amusement,True,False,False,False,False,False,False,False,0.7478780574165363,0.007035072876576938,0.03722389160112418,0.0003502176943054246,0.10120032716449497,0.00258864491373486,0.002588638091710978,0.10113515024151629
4.8046875,Amusement,True,False,False,False,False,False,False,False,0.6815182572503591,0.017427612251498734,0.03392676823915445,0.0008674289644667594,0.25070503634427216,0.012328948488464348,0.002358490218105745,0.0008674582436788867
4.84375,Amusement,True,False,False,False,False,False,False,False,0.6384934940989905,0.0008127562617250975,0.08640640670694114,0.0008126726257046237,0.2348755218402816,0.03178108807283578,0.006005347360664079,0.000812713032857244
4.8828125,Amusement,True,False,False,False,False,False,False,False,0.638673238873998,0.0008129151659996007,0.0864304503237402,0.0008128729557460014,0.23495556814383417,0.031492916766857455,0.0060091473490206816,0.0008128904208039934
4.921875,Amusement,True,False,False,False,False,False,False,False,0.3994418631067893,0.027815237387155724,0.01984930486795367,0.0013825625666646192,0.39948886674359196,0.14688021721164787,0.003759257495591326,0.0013826906206053995
4.9609375,Inspiration,False,False,False,False,True,False,False,False,0.013529206372764144,0.036725283123930086,0.007005053427709249,0.00034790604550816683,0.7419687967778086,0.10039341619675098,0.0009465883862994491,0.09908374966922924
5.0,Anger,False,True,False,False,False,False,False,False,0.0014336493246645513,0.4133513322402518,0.0039023094748704768,0.055678657830185455,0.055620021855990937,0.41319523419091386,0.0014345107801538685,0.05538428430296927
5.0390625,Disgust,False,False,True,False,False,False,False,False,0.03319058177991966,0.017116999447954924,0.6673981556391712,0.00031302851347952265,0.03320245633686525,0.2456126552660436,0.000850670228151945,0.002315452788413964
5.078125,Inspiration,False,False,False,False,True,False,False,False,0.1701654487918729,0.17005556255534637,0.17028657430302452,0.0005901194607305201,0.46302759787539566,0.012391937732282322,0.011878335465423589,0.0016044238159241032
5.1171875,Anger,False,True,False,False,False,False,False,False,0.1011732812342484,0.7478000063269765,0.10122059472355117,0.0003506615144366086,0.03721488045484676,0.0025935440402313752,0.00259487335306198,0.0070521583526471695
5.15625,Disgust,False,False,True,False,False,False,False,False,0.03339951621152709,0.006334764695745674,0.6721390143380015,0.00031507025140126556,0.03344407041421039,0.2471761747293385,0.006333696014068382,0.000857693345707093
5.1953125,Disgust,False,False,True,False,False,False,False,False,0.14732153141877555,0.029423193943497686,0.4000991812333232,0.0013882949541597974,0.40059300836119277,0.010275852082949986,0.010388521359262798,0.000510416646838223
5.234375,Disgust,False,False,True,False,False,False,False,False,0.0528992154378571,0.010088588290532665,0.3905149935873598,0.0004985785370477889,0.3908135259491886,0.14379779939105916,0.010032234005644658,0.0013550648013102094
5.2734375,Amusement,True,False,False,False,False,False,False,False,0.7408723911699377,0.0025694180458899056,0.10022645430296367,0.0009442277938561235,0.09963974626713962,0.0025668010652182844,0.0009451361928464183,0.0522358251621483
5.3125,Amusement,True,False,False,False,False,False,False,False,0.6386835556356301,0.0008136468687716654,0.08640153995778352,0.0008133124356483418,0.23470733893812026,0.031752880625123076,0.00601427968300091,0.00081344585592218
5.3515625,Amusement,True,False,False,False,False,False,False,False,0.6909064754140339,0.0008807805713928843,0.034332476349992855,0.006506551892473745,0.004288808003662521,0.2541816738542305,0.0065098134978636615,0.0023934204163497817
5.390625,Joy,False,False,False,False,False,True,False,False,0.23836645999282297,0.00030372321125622924,0.016611654497059,0.0008256315267623415,0.08755524249788052,0.647969102355661,0.0022474333718960943,0.006120752546662
5.4296875,Amusement,True,False,False,False,False,False,False,False,0.694566660926132,0.0008853281036652691,0.017789694647512757,0.006539196448630526,0.017821368307966236,0.25552935516872555,0.0065429410179133965,0.000325455379454343
5.46875,Amusement,True,False,False,False,False,False,False,False,0.6386615868480878,0.000814655893141813,0.2349458879754892,0.0008142062808135845,0.006024073496688521,0.0862079922347689,0.03171770891869165,0.0008138883523184711
5.5078125,Amusement,True,False,False,False,False,False,False,False,0.6502157483035577,0.0008293489451981151,0.002255274399626503,0.0022551565932198998,0.0008288711139971563,0.08795988425363573,0.23896158726209243,0.016694129128672523
5.546875,Amusement,True,False,False,False,False,False,False,False,0.7486417827580865,0.00259853920744917,0.03725994858606793,0.0009553529006985361,0.007098938376955662,0.10135734518441612,0.10113178304697985,0.0009563099393463079
5.5859375,Amusement,True,False,False,False,False,False,False,False,0.3149963391994143,0.0004020169091281461,0.31521542244832607,0.002968362478736795,0.04219087076842897,0.00811628914944288,0.31501889765665175,0.0010918013898710654
5.625,Amusement,True,False,False,False,False,False,False,False,0.6501583844067342,0.002252553021602994,0.23918776638403158,0.0008281484263830562,0.0008284378987074902,0.08784141415173256,0.016651416079517464,0.0022518796312904995
5.6640625,Disgust,False,False,True,False,False,False,False,False,0.25374276711652427,0.00238799118035485,0.6897447269896387,0.0003230395433834189,0.03432662027081005,0.006490685251229999,0.006494943393397527,0.0064892262546611835
5.703125,Disgust,False,False,True,False,False,False,False,False,0.10205690809680788,0.0009608232979316195,0.7542465264050141,0.0009605296990308777,0.10205025338165115,0.01933387342764385,0.019430572683721885,0.0009605130081986494
5.7421875,Amusement,True,False,False,False,False,False,False,False,0.7047890484471958,0.0009005488455684425,0.0953920332697907,0.0024883482035748085,0.006800501339536066,0.0003308067837070916,0.09412137539519302,0.09517733771543407
5.78125,Inspiration,False,False,False,False,True,False,False,False,0.006383197984226432,0.0003170584173613293,0.03346096654677103,0.0008620779424919999,0.6748273889262413,0.2482797650135575,0.006390477519437098,0.029479067649913395
5.8203125,Amusement,True,False,False,False,False,False,False,False,0.4461837626756016,0.0005699590411332941,0.001553477825238569,0.16224896900994293,0.05748596423247957,0.0042212509927696444,0.1638524267523203,0.163884189470514
5.859375,Amusement,True,False,False,False,False,False,False,False,0.32605896126905076,0.0030742361873969354,0.32592598153791336,0.008360025025224819,0.0011317640734219707,0.008354446049345966,0.001130632228689495,0.3259639536289567
5.8984375,Amusement,True,False,False,False,False,False,False,False,0.6994982603793838,0.0008911394983082402,0.2572878125682372,0.00242147754805358,0.01811662370328718,0.006587255082076291,0.0024230820821640104,0.012774349138489769
5.9375,Amusement,True,False,False,False,False,False,False,False,0.6385223327040945,0.0008132485010596587,0.03178702363243118,0.0008129879531466273,0.2348397801468306,0.08640165912301209,0.006009636172533136,0.0008133317668922138
5.9765625,Amusement,True,False,False,False,False,False,False,False,0.6743943065422008,0.002334378180809493,0.033568172541656977,0.0008586615269150861,0.24810291278908042,0.03353593910937326,0.006346758574211237,0.0008588707357526784
6.015625,Amusement,True,False,False,False,False,False,False,False,0.6921245169192755,0.006520450463887335,0.2545983002939086,0.0008814137539165641,0.03441760582935773,0.006661768087800031,0.0023970801386678023,0.0023988645131864375
6.0546875,Disgust,False,False,True,False,False,False,False,False,0.19051752156752053,0.0361394258588782,0.518044801669622,0.0006607225660775113,0.03627673564852459,0.19077226447035497,0.0017959647834398323,0.02579256343558236
6.09375,Amusement,True,False,False,False,False,False,False,False,0.5286785214512494,0.013568251177883128,0.026298180428800378,0.0006737077034868659,0.19438749245689096,0.1944657105578382,0.004980965516607155,0.03694717070724391
6.1328125,Inspiration,False,False,False,False,True,False,False,False,0.0063643644557139474,0.0023366307873221885,0.033527361662452355,0.002334342908603047,0.6738038060216287,0.24780940834401735,0.0003158481502214625,0.03350823767004111
6.171875,Disgust,False,False,True,False,False,False,False,False,0.1916040575365366,0.013374784245367572,0.5211231767343312,0.004906545020072531,0.19174084254786272,0.07053986034978652,0.004905642445678959,0.0018050911203639289
6.2109375,Disgust,False,False,True,False,False,False,False,False,0.2354227367378554,0.002217956867887948,0.6400837234965402,0.0008150070497063833,0.08661350573473353,0.031815706846138894,0.0022161600252573995,0.0008152032418801131
6.25,Amusement,True,False,False,False,False,False,False,False,0.39240427671314293,0.01003937292575243,0.1443205714347091,0.0004996023378304681,0.3922611130900219,0.05308793076069054,0.003692228878523704,0.003694903859328928
6.2890625,Disgust,False,False,True,False,False,False,False,False,0.2385704487276444,0.0008257671346502406,0.6484882657820178,0.0008255099835144338,0.0877612081276249,0.016595574630709105,0.006107705142407066,0.0008255204714321594
6.328125,Disgust,False,False,True,False,False,False,False,False,0.19067984225066925,0.013405778764960526,0.5183139735835479,0.0017941263996380798,0.19069175913293707,0.07005649604506158,0.013263960615677393,0.0017940632075081624
6.3671875,Disgust,False,False,True,False,False,False,False,False,0.14803735768879378,0.010325348673872721,0.40244115384090867,0.000513000379473138,0.40256143303166225,0.02853857717137746,0.0037920880239331587,0.0037910411899787872
6.40625,Amusement,True,False,False,False,False,False,False,False,0.4032412598738538,0.003804608938368351,0.14827681607929055,0.001396929546256,0.4033393753832551,0.028083867137529566,0.01046036434524632,0.0013967786962003207
6.4453125,Amusement,True,False,False,False,False,False,False,False,0.44009635868566893,0.011288539261647197,0.03293378061187343,0.01142027946988479,0.44004644992100145,0.05950985968011799,0.004144035146866357,0.0005606972229398956
6.484375,Inspiration,False,False,False,False,True,False,False,False,0.1819798861953464,0.10167363182971446,0.18193884233354785,0.0017135887783769014,0.4948247359759975,0.012784844422224802,0.024454339083939083,0.00063013138085277
6.5234375,Amusement,True,False,False,False,False,False,False,False,0.5531785521761604,0.07432310219874083,0.07423295732243392,0.005215958188529605,0.2033792076556897,0.07477510872631664,0.014190219631126351,0.0007048941010026621
6.5625,Amusement,True,False,False,False,False,False,False,False,0.46053149997867854,0.16892548072963134,0.0043520752411750395,0.16918704482114572,0.1693418005100383,0.022698592668167226,0.004375771185930302,0.0005877348652336212
6.6015625,Joy,False,False,False,False,False,True,False,False,0.1073796346544161,0.014105711369767144,0.0029514507900390403,0.05811393402389313,0.007517801396583798,0.7951423774899391,0.014415874423818052,0.00037321585154361225
6.640625,Joy,False,False,False,False,False,True,False,False,0.09523850974108142,0.0003305522730007378,0.09525535617010635,0.0024429594570054623,0.09495232398221297,0.7042373048336543,0.006645322837007402,0.0008976707059313297
6.6796875,Amusement,True,False,False,False,False,False,False,False,0.6451160395248501,0.0022379302427741376,0.08729357234573766,0.0008222493529610508,0.23720633189294008,0.01654845319700043,0.010473188884337152,0.00030223455939935287
6.71875,Amusement,True,False,False,False,False,False,False,False,0.8091049025132767,0.00038069254726334057,0.007648607300672427,0.01129040517077869,0.10896367455626413,0.040209036084039834,0.01477005205864554,0.007632629769059285
